!63zn -> 63cu, e- capture
!Q=-2.8559 MeV
!
!rhoY        temp          mu           e-cap-rate     nu-energy-loss
!g/cm^3      K             erg          1/s            erg/s
1.000000e+01 1.000000e+07 -4.806530e-09 2.673006e-08   5.305305e-10  
1.000000e+01 1.000000e+08 -9.292624e-08 8.570378e-09   5.305305e-10  
1.000000e+01 2.000000e+08 -2.146917e-07 6.151769e-09   5.305305e-10  
1.000000e+01 4.000000e+08 -4.902661e-07 4.497799e-09   5.280930e-10  
1.000000e+01 7.000000e+08 -8.058948e-07 1.534617e-08   5.113407e-10  
1.000000e+01 1.000000e+09 -8.187123e-07 2.710192e-07   4.883266e-10  
1.000000e+01 1.500000e+09 -8.187123e-07 3.483373e-06   4.860830e-10  
1.000000e+01 2.000000e+09 -8.187123e-07 1.534617e-05   5.593845e-10  
1.000000e+01 3.000000e+09 -8.187123e-07 9.931160e-05   1.060988e-09  
1.000000e+01 5.000000e+09 -8.187123e-07 9.931160e-04   6.204552e-09  
1.000000e+01 1.000000e+10 -8.187123e-07 4.570882e-02   3.116810e-07  
1.000000e+01 3.000000e+10 -8.187123e-07 4.518559e+01   8.350460e-04  
1.000000e+01 1.000000e+11 -8.187123e-07 3.303695e+04   2.181275e+00  
1.000000e+02 1.000000e+07 -1.602177e-09 2.546830e-07   5.305305e-10  
1.000000e+02 1.000000e+08 -6.088271e-08 8.550667e-08   5.305305e-10  
1.000000e+02 2.000000e+08 -1.522068e-07 6.137620e-08   5.305305e-10  
1.000000e+02 4.000000e+08 -3.636941e-07 4.497799e-08   5.280930e-10  
1.000000e+02 7.000000e+08 -7.145708e-07 3.971915e-08   5.125195e-10  
1.000000e+02 1.000000e+09 -8.107014e-07 2.851018e-07   4.883266e-10  
1.000000e+02 1.500000e+09 -8.187123e-07 3.491403e-06   4.860830e-10  
1.000000e+02 2.000000e+09 -8.187123e-07 1.534617e-05   5.593845e-10  
1.000000e+02 3.000000e+09 -8.187123e-07 9.931160e-05   1.060988e-09  
1.000000e+02 5.000000e+09 -8.187123e-07 9.931160e-04   6.204552e-09  
1.000000e+02 1.000000e+10 -8.187123e-07 4.570882e-02   3.116810e-07  
1.000000e+02 3.000000e+10 -8.187123e-07 4.518559e+01   8.350460e-04  
1.000000e+02 1.000000e+11 -8.187123e-07 3.303695e+04   2.181275e+00  
1.000000e+03 1.000000e+07 3.204353e-09 1.887991e-06   5.379110e-10  
1.000000e+03 1.000000e+08 -2.883918e-08 8.433348e-07   5.342080e-10  
1.000000e+03 2.000000e+08 -8.811971e-08 6.109420e-07   5.329794e-10  
1.000000e+03 4.000000e+08 -2.355200e-07 4.487454e-07   5.305305e-10  
1.000000e+03 7.000000e+08 -5.030835e-07 3.515604e-07   5.137010e-10  
1.000000e+03 1.000000e+09 -7.450121e-07 4.581419e-07   4.894523e-10  
1.000000e+03 1.500000e+09 -8.107014e-07 3.614099e-06   4.860830e-10  
1.000000e+03 2.000000e+09 -8.171101e-07 1.545254e-05   5.606740e-10  
1.000000e+03 3.000000e+09 -8.187123e-07 9.954054e-05   1.060988e-09  
1.000000e+03 5.000000e+09 -8.187123e-07 9.954054e-04   6.204552e-09  
1.000000e+03 1.000000e+10 -8.187123e-07 4.570882e-02   3.116810e-07  
1.000000e+03 3.000000e+10 -8.187123e-07 4.518559e+01   8.350460e-04  
1.000000e+03 1.000000e+11 -8.187123e-07 3.303695e+04   2.181275e+00  
1.000000e+04 1.000000e+07 1.922612e-08 9.638290e-06   5.724142e-10  
1.000000e+04 1.000000e+08 8.010883e-09 7.447320e-06   5.632619e-10  
1.000000e+04 2.000000e+08 -2.082830e-08 5.834451e-06   5.555337e-10  
1.000000e+04 4.000000e+08 -1.073458e-07 4.425884e-06   5.479115e-10  
1.000000e+04 7.000000e+08 -2.787787e-07 3.491403e-06   5.280930e-10  
1.000000e+04 1.000000e+09 -4.838573e-07 3.006076e-06   5.008531e-10  
1.000000e+04 1.500000e+09 -7.434100e-07 4.988845e-06   4.928450e-10  
1.000000e+04 2.000000e+09 -7.962818e-07 1.663413e-05   5.658618e-10  
1.000000e+04 3.000000e+09 -8.123036e-07 1.006932e-04   1.068342e-09  
1.000000e+04 5.000000e+09 -8.171101e-07 9.954054e-04   6.218854e-09  
1.000000e+04 1.000000e+10 -8.187123e-07 4.570882e-02   3.116810e-07  
1.000000e+04 3.000000e+10 -8.187123e-07 4.518559e+01   8.350460e-04  
1.000000e+04 1.000000e+11 -8.187123e-07 3.303695e+04   2.181275e+00  
1.000000e+05 1.000000e+07 8.491536e-08 4.797334e-05   7.442355e-10  
1.000000e+05 1.000000e+08 8.331318e-08 4.709773e-05   7.391122e-10  
1.000000e+05 2.000000e+08 7.530230e-08 4.477133e-05   7.306517e-10  
1.000000e+05 4.000000e+08 4.165659e-08 3.962780e-05   7.058467e-10  
1.000000e+05 7.000000e+08 -4.165659e-08 3.349654e-05   6.617751e-10  
1.000000e+05 1.000000e+09 -1.570133e-07 2.930893e-05   6.190281e-10  
1.000000e+05 1.500000e+09 -3.941355e-07 2.600160e-05   5.884511e-10  
1.000000e+05 2.000000e+09 -6.136337e-07 3.184198e-05   6.378380e-10  
1.000000e+05 3.000000e+09 -7.626361e-07 1.135011e-04   1.131645e-09  
1.000000e+05 5.000000e+09 -8.042927e-07 1.013911e-03   6.319903e-09  
1.000000e+05 1.000000e+10 -8.155079e-07 4.581419e-02   3.123995e-07  
1.000000e+05 3.000000e+10 -8.187123e-07 4.518559e+01   8.350460e-04  
1.000000e+05 1.000000e+11 -8.187123e-07 3.303695e+04   2.181275e+00  
1.000000e+06 1.000000e+07 3.444680e-07 2.971666e-04   1.878064e-09  
1.000000e+06 1.000000e+08 3.428658e-07 2.971666e-04   1.878064e-09  
1.000000e+06 2.000000e+08 3.412636e-07 2.971666e-04   1.878064e-09  
1.000000e+06 4.000000e+08 3.316506e-07 2.951209e-04   1.873745e-09  
1.000000e+06 7.000000e+08 3.028114e-07 2.831392e-04   1.805969e-09  
1.000000e+06 1.000000e+09 2.579504e-07 2.666859e-04   1.704945e-09  
1.000000e+06 1.500000e+09 1.490024e-07 2.471724e-04   1.609572e-09  
1.000000e+06 2.000000e+09 1.602177e-09 2.437811e-04   1.635725e-09  
1.000000e+06 3.000000e+09 -3.396614e-07 2.978516e-04   2.054520e-09  
1.000000e+06 5.000000e+09 -6.729142e-07 1.218990e-03   7.459512e-09  
1.000000e+06 1.000000e+10 -7.866687e-07 4.677351e-02   3.182075e-07  
1.000000e+06 3.000000e+10 -8.155079e-07 4.518559e+01   8.350460e-04  
1.000000e+06 1.000000e+11 -8.187123e-07 3.303695e+04   2.181275e+00  
1.000000e+07 1.000000e+07 1.140750e-06 2.890680e-03   1.461202e-08  
1.000000e+07 1.000000e+08 1.139148e-06 2.890680e-03   1.461202e-08  
1.000000e+07 2.000000e+08 1.139148e-06 2.890680e-03   1.464571e-08  
1.000000e+07 4.000000e+08 1.134341e-06 2.890680e-03   1.464571e-08  
1.000000e+07 7.000000e+08 1.123126e-06 2.824880e-03   1.427941e-08  
1.000000e+07 1.000000e+09 1.103900e-06 2.722701e-03   1.373126e-08  
1.000000e+07 1.500000e+09 1.060641e-06 2.612161e-03   1.320415e-08  
1.000000e+07 2.000000e+09 9.965539e-07 2.624219e-03   1.341870e-08  
1.000000e+07 3.000000e+09 8.171101e-07 2.904023e-03   1.547784e-08  
1.000000e+07 5.000000e+09 2.996070e-07 4.477133e-03   2.580539e-08  
1.000000e+07 1.000000e+10 -5.046856e-07 5.714786e-02   3.896820e-07  
1.000000e+07 3.000000e+10 -7.850666e-07 4.549881e+01   8.408343e-04  
1.000000e+07 1.000000e+11 -8.155079e-07 3.303695e+04   2.181275e+00  
1.000000e+08 1.000000e+07 3.101814e-06 4.954502e-02   2.888753e-07  
1.000000e+08 1.000000e+08 3.101814e-06 4.954502e-02   2.888753e-07  
1.000000e+08 2.000000e+08 3.100212e-06 4.954502e-02   2.888753e-07  
1.000000e+08 4.000000e+08 3.098610e-06 4.954502e-02   2.888753e-07  
1.000000e+08 7.000000e+08 3.093803e-06 4.864072e-02   2.822997e-07  
1.000000e+08 1.000000e+09 3.085792e-06 4.720630e-02   2.708385e-07  
1.000000e+08 1.500000e+09 3.064964e-06 4.570882e-02   2.592450e-07  
1.000000e+08 2.000000e+09 3.036125e-06 4.570882e-02   2.586488e-07  
1.000000e+08 3.000000e+09 2.954414e-06 4.909079e-02   2.810026e-07  
1.000000e+08 5.000000e+09 2.693259e-06 6.591739e-02   3.914807e-07  
1.000000e+08 1.000000e+10 1.573337e-06 2.432204e-01   1.669977e-06  
1.000000e+08 3.000000e+10 -4.838573e-07 4.897788e+01   9.030471e-04  
1.000000e+08 1.000000e+11 -7.882709e-07 3.311311e+04   2.186303e+00  
1.000000e+09 1.000000e+07 7.480563e-06 2.535129e+00   1.554928e-05  
1.000000e+09 1.000000e+08 7.480563e-06 2.535129e+00   1.554928e-05  
1.000000e+09 2.000000e+08 7.480563e-06 2.535129e+00   1.554928e-05  
1.000000e+09 4.000000e+08 7.480563e-06 2.535129e+00   1.554928e-05  
1.000000e+09 7.000000e+08 7.477358e-06 2.529298e+00   1.537129e-05  
1.000000e+09 1.000000e+09 7.474154e-06 2.517677e+00   1.509074e-05  
1.000000e+09 1.500000e+09 7.464541e-06 2.517677e+00   1.481530e-05  
1.000000e+09 2.000000e+09 7.450121e-06 2.540973e+00   1.484945e-05  
1.000000e+09 3.000000e+09 7.413271e-06 2.673006e+00   1.569316e-05  
1.000000e+09 5.000000e+09 7.291506e-06 3.213661e+00   1.944063e-05  
1.000000e+09 1.000000e+10 6.724335e-06 6.412096e+00   4.663483e-05  
1.000000e+09 3.000000e+10 2.340780e-06 9.549926e+01   1.777094e-03  
1.000000e+09 1.000000e+11 -5.191052e-07 3.372873e+04   2.226950e+00  
1.000000e+10 1.000000e+07 1.699429e-05 4.305266e+02   4.382384e-03  
1.000000e+10 1.000000e+08 1.699429e-05 4.305266e+02   4.382384e-03  
1.000000e+10 2.000000e+08 1.699429e-05 4.305266e+02   4.382384e-03  
1.000000e+10 4.000000e+08 1.699429e-05 4.305266e+02   4.392486e-03  
1.000000e+10 7.000000e+08 1.699269e-05 4.345102e+02   4.422933e-03  
1.000000e+10 1.000000e+09 1.699108e-05 4.415704e+02   4.474148e-03  
1.000000e+10 1.500000e+09 1.698628e-05 4.497799e+02   4.546848e-03  
1.000000e+10 2.000000e+09 1.697987e-05 4.539416e+02   4.588919e-03  
1.000000e+10 3.000000e+09 1.696224e-05 4.570882e+02   4.642056e-03  
1.000000e+10 5.000000e+09 1.690617e-05 4.634469e+02   4.805188e-03  
1.000000e+10 1.000000e+10 1.664181e-05 5.176068e+02   5.898076e-03  
1.000000e+10 3.000000e+10 1.386203e-05 1.258925e+03   2.551000e-02  
1.000000e+10 1.000000e+11 2.164541e-06 4.073803e+04   2.702156e+00  
1.000000e+11 1.000000e+07 3.752778e-05 3.715352e+04   9.765858e-01  
1.000000e+11 1.000000e+08 3.752778e-05 3.715352e+04   9.765858e-01  
1.000000e+11 2.000000e+08 3.752778e-05 3.715352e+04   9.765858e-01  
1.000000e+11 4.000000e+08 3.752778e-05 3.723917e+04   9.765858e-01  
1.000000e+11 7.000000e+08 3.752618e-05 3.758374e+04   9.856220e-01  
1.000000e+11 1.000000e+09 3.752618e-05 3.810658e+04   1.001637e+00  
1.000000e+11 1.500000e+09 3.752298e-05 3.890451e+04   1.020259e+00  
1.000000e+11 2.000000e+09 3.752137e-05 3.926449e+04   1.029699e+00  
1.000000e+11 3.000000e+09 3.751176e-05 3.944573e+04   1.034452e+00  
1.000000e+11 5.000000e+09 3.748613e-05 3.917419e+04   1.029699e+00  
1.000000e+11 1.000000e+10 3.736436e-05 3.944573e+04   1.051261e+00  
1.000000e+11 3.000000e+10 3.605538e-05 4.753352e+04   1.488368e+00  
1.000000e+11 1.000000e+11 2.244810e-05 1.651962e+05   1.131645e+01  
