!65ni -> 65co, e- capture
!Q=6.469 MeV
!
!rhoY        temp          mu           e-cap-rate     nu-energy-loss
!g/cm^3      K             erg          1/s            erg/s
1.000000e+01 1.000000e+07 -4.806530e-09 1.002305e-100  1.605870e-106 
1.000000e+01 1.000000e+08 -9.292624e-08 1.002305e-100  1.605870e-106 
1.000000e+01 2.000000e+08 -2.146917e-07 1.002305e-100  1.605870e-106 
1.000000e+01 4.000000e+08 -4.902661e-07 1.032761e-84   1.740646e-91  
1.000000e+01 7.000000e+08 -8.058948e-07 1.386756e-51   4.127722e-58  
1.000000e+01 1.000000e+09 -8.187123e-07 3.303695e-37   1.421381e-43  
1.000000e+01 1.500000e+09 -8.187123e-07 8.072350e-26   5.329794e-32  
1.000000e+01 2.000000e+09 -8.187123e-07 5.188000e-20   4.652757e-26  
1.000000e+01 3.000000e+09 -8.187123e-07 4.954502e-14   6.913698e-20  
1.000000e+01 5.000000e+09 -8.187123e-07 6.486344e-09   1.609572e-14  
1.000000e+01 1.000000e+10 -8.187123e-07 2.301442e-04   1.272654e-09  
1.000000e+01 3.000000e+10 -8.187123e-07 7.177943e+00   1.437839e-04  
1.000000e+01 1.000000e+11 -8.187123e-07 1.282331e+04   8.764162e-01  
1.000000e+02 1.000000e+07 -1.602177e-09 1.002305e-100  1.605870e-106 
1.000000e+02 1.000000e+08 -6.088271e-08 1.002305e-100  1.605870e-106 
1.000000e+02 2.000000e+08 -1.522068e-07 1.002305e-100  1.605870e-106 
1.000000e+02 4.000000e+08 -3.636941e-07 1.032761e-83   1.740646e-90  
1.000000e+02 7.000000e+08 -7.145708e-07 3.589219e-51   1.068342e-57  
1.000000e+02 1.000000e+09 -8.107014e-07 3.467369e-37   1.495238e-43  
1.000000e+02 1.500000e+09 -8.187123e-07 8.090959e-26   5.342080e-32  
1.000000e+02 2.000000e+09 -8.187123e-07 5.199960e-20   4.663483e-26  
1.000000e+02 3.000000e+09 -8.187123e-07 4.954502e-14   6.913698e-20  
1.000000e+02 5.000000e+09 -8.187123e-07 6.486344e-09   1.609572e-14  
1.000000e+02 1.000000e+10 -8.187123e-07 2.301442e-04   1.272654e-09  
1.000000e+02 3.000000e+10 -8.187123e-07 7.177943e+00   1.437839e-04  
1.000000e+02 1.000000e+11 -8.187123e-07 1.282331e+04   8.764162e-01  
1.000000e+03 1.000000e+07 3.204353e-09 1.002305e-100  1.605870e-106 
1.000000e+03 1.000000e+08 -2.883918e-08 1.002305e-100  1.605870e-106 
1.000000e+03 2.000000e+08 -8.811971e-08 1.002305e-100  1.605870e-106 
1.000000e+03 4.000000e+08 -2.355200e-07 1.037528e-82   1.748680e-89  
1.000000e+03 7.000000e+08 -5.030835e-07 3.184198e-50   9.499711e-57  
1.000000e+03 1.000000e+09 -7.450121e-07 5.571857e-37   2.402760e-43  
1.000000e+03 1.500000e+09 -8.107014e-07 8.375293e-26   5.517094e-32  
1.000000e+03 2.000000e+09 -8.171101e-07 5.236004e-20   4.695809e-26  
1.000000e+03 3.000000e+09 -8.187123e-07 4.954502e-14   6.913698e-20  
1.000000e+03 5.000000e+09 -8.187123e-07 6.486344e-09   1.609572e-14  
1.000000e+03 1.000000e+10 -8.187123e-07 2.301442e-04   1.272654e-09  
1.000000e+03 3.000000e+10 -8.187123e-07 7.177943e+00   1.437839e-04  
1.000000e+03 1.000000e+11 -8.187123e-07 1.282331e+04   8.764162e-01  
1.000000e+04 1.000000e+07 1.922612e-08 1.002305e-100  1.605870e-106 
1.000000e+04 1.000000e+08 8.010883e-09 1.002305e-100  1.605870e-106 
1.000000e+04 2.000000e+08 -2.082830e-08 1.002305e-100  1.605870e-106 
1.000000e+04 4.000000e+08 -1.073458e-07 1.081434e-81   1.818488e-88  
1.000000e+04 7.000000e+08 -2.787787e-07 3.228494e-49   9.631865e-56  
1.000000e+04 1.000000e+09 -4.838573e-07 3.698282e-36   1.594815e-42  
1.000000e+04 1.500000e+09 -7.434100e-07 1.161449e-25   7.650862e-32  
1.000000e+04 2.000000e+09 -7.962818e-07 5.636377e-20   5.043249e-26  
1.000000e+04 3.000000e+09 -8.123036e-07 5.023426e-14   7.009877e-20  
1.000000e+04 5.000000e+09 -8.171101e-07 6.501297e-09   1.613282e-14  
1.000000e+04 1.000000e+10 -8.187123e-07 2.301442e-04   1.272654e-09  
1.000000e+04 3.000000e+10 -8.187123e-07 7.177943e+00   1.437839e-04  
1.000000e+04 1.000000e+11 -8.187123e-07 1.282331e+04   8.764162e-01  
1.000000e+05 1.000000e+07 8.491536e-08 1.002305e-100  1.605870e-106 
1.000000e+05 1.000000e+08 8.331318e-08 1.002305e-100  1.605870e-106 
1.000000e+05 2.000000e+08 7.530230e-08 1.002305e-100  1.605870e-106 
1.000000e+05 4.000000e+08 4.165659e-08 1.603245e-80   2.695941e-87  
1.000000e+05 7.000000e+08 -4.165659e-08 3.758374e-48   1.121270e-54  
1.000000e+05 1.000000e+09 -1.570133e-07 3.971915e-35   1.712815e-41  
1.000000e+05 1.500000e+09 -3.941355e-07 6.280584e-25   4.146774e-31  
1.000000e+05 2.000000e+09 -6.136337e-07 1.093956e-19   9.810935e-26  
1.000000e+05 3.000000e+09 -7.626361e-07 5.675446e-14   7.919730e-20  
1.000000e+05 5.000000e+09 -8.042927e-07 6.622165e-09   1.643276e-14  
1.000000e+05 1.000000e+10 -8.155079e-07 2.306747e-04   1.272654e-09  
1.000000e+05 3.000000e+10 -8.187123e-07 7.177943e+00   1.441154e-04  
1.000000e+05 1.000000e+11 -8.187123e-07 1.282331e+04   8.764162e-01  
1.000000e+06 1.000000e+07 3.444680e-07 1.002305e-100  1.605870e-106 
1.000000e+06 1.000000e+08 3.428658e-07 1.002305e-100  1.605870e-106 
1.000000e+06 2.000000e+08 3.412636e-07 1.002305e-100  1.605870e-106 
1.000000e+06 4.000000e+08 3.316506e-07 3.013006e-78   5.066527e-85  
1.000000e+06 7.000000e+08 3.028114e-07 1.333521e-46   3.969268e-53  
1.000000e+06 1.000000e+09 2.579504e-07 7.979947e-34   3.441204e-40  
1.000000e+06 1.500000e+09 1.490024e-07 8.609938e-24   5.671663e-30  
1.000000e+06 2.000000e+09 1.602177e-09 1.011579e-18   9.072154e-25  
1.000000e+06 3.000000e+09 -3.396614e-07 1.570363e-13   2.191343e-19  
1.000000e+06 5.000000e+09 -6.729142e-07 8.016781e-09   1.984771e-14  
1.000000e+06 1.000000e+10 -7.866687e-07 2.355049e-04   1.299303e-09  
1.000000e+06 3.000000e+10 -8.155079e-07 7.194490e+00   1.441154e-04  
1.000000e+06 1.000000e+11 -8.187123e-07 1.282331e+04   8.764162e-01  
1.000000e+07 1.000000e+07 1.140750e-06 1.002305e-100  1.605870e-106 
1.000000e+07 1.000000e+08 1.139148e-06 1.002305e-100  1.605870e-106 
1.000000e+07 2.000000e+08 1.139148e-06 1.002305e-100  1.605870e-106 
1.000000e+07 4.000000e+08 1.134341e-06 6.223003e-72   1.048843e-78  
1.000000e+07 7.000000e+08 1.123126e-06 6.412096e-43   1.912980e-49  
1.000000e+07 1.000000e+09 1.103900e-06 3.655948e-31   1.576560e-37  
1.000000e+07 1.500000e+09 1.060641e-06 6.966265e-22   4.578365e-28  
1.000000e+07 2.000000e+09 9.965539e-07 3.689776e-17   3.301493e-23  
1.000000e+07 3.000000e+09 8.171101e-07 2.552701e-12   3.562135e-18  
1.000000e+07 5.000000e+09 2.996070e-07 3.258367e-08   8.066969e-14  
1.000000e+07 1.000000e+10 -5.046856e-07 2.890680e-04   1.591147e-09  
1.000000e+07 3.000000e+10 -7.850666e-07 7.244360e+00   1.451144e-04  
1.000000e+07 1.000000e+11 -8.155079e-07 1.282331e+04   8.764162e-01  
1.000000e+08 1.000000e+07 3.101814e-06 1.002305e-100  1.605870e-106 
1.000000e+08 1.000000e+08 3.101814e-06 1.002305e-100  1.605870e-106 
1.000000e+08 2.000000e+08 3.100212e-06 1.002305e-100  1.605870e-106 
1.000000e+08 4.000000e+08 3.098610e-06 1.510080e-56   2.574604e-63  
1.000000e+08 7.000000e+08 3.093803e-06 4.120975e-34   1.246552e-40  
1.000000e+08 1.000000e+09 3.085792e-06 5.662393e-25   2.464395e-31  
1.000000e+08 1.500000e+09 3.064964e-06 1.025652e-17   6.818838e-24  
1.000000e+08 2.000000e+09 3.036125e-06 5.508077e-14   4.962613e-20  
1.000000e+08 3.000000e+09 2.954414e-06 4.139997e-10   5.817152e-16  
1.000000e+08 5.000000e+09 2.693259e-06 9.931160e-07   2.464395e-12  
1.000000e+08 1.000000e+10 1.573337e-06 1.279381e-03   7.009877e-09  
1.000000e+08 3.000000e+10 -4.838573e-07 7.780366e+00   1.558513e-04  
1.000000e+08 1.000000e+11 -7.882709e-07 1.285287e+04   8.784365e-01  
1.000000e+09 1.000000e+07 7.480563e-06 1.002305e-100  1.605870e-106 
1.000000e+09 1.000000e+08 7.480563e-06 1.140250e-72   4.739258e-80  
1.000000e+09 2.000000e+08 7.480563e-06 2.691535e-39   2.252736e-46  
1.000000e+09 4.000000e+08 7.480563e-06 3.639150e-22   6.147668e-29  
1.000000e+09 7.000000e+08 7.477358e-06 1.702159e-14   5.066527e-21  
1.000000e+09 1.000000e+09 7.474154e-06 2.897344e-11   1.240825e-17  
1.000000e+09 1.500000e+09 7.464541e-06 1.352073e-08   8.784365e-15  
1.000000e+09 2.000000e+09 7.450121e-06 3.706807e-07   3.256195e-13  
1.000000e+09 3.000000e+09 7.413271e-06 1.458814e-05   1.980206e-11  
1.000000e+09 5.000000e+09 7.291506e-06 5.929253e-04   1.451144e-09  
1.000000e+09 1.000000e+10 6.724335e-06 4.720630e-02   2.551000e-07  
1.000000e+09 3.000000e+10 2.340780e-06 1.513561e+01   3.038858e-04  
1.000000e+09 1.000000e+11 -5.191052e-07 1.312200e+04   8.947679e-01  
1.000000e+10 1.000000e+07 1.699429e-05 1.188502e+01   5.280930e-05  
1.000000e+10 1.000000e+08 1.699429e-05 1.188502e+01   5.280930e-05  
1.000000e+10 2.000000e+08 1.699429e-05 1.188502e+01   5.280930e-05  
1.000000e+10 4.000000e+08 1.699429e-05 1.185769e+01   5.256666e-05  
1.000000e+10 7.000000e+08 1.699269e-05 1.183042e+01   5.232514e-05  
1.000000e+10 1.000000e+09 1.699108e-05 1.180321e+01   5.232514e-05  
1.000000e+10 1.500000e+09 1.698628e-05 1.183042e+01   5.256666e-05  
1.000000e+10 2.000000e+09 1.697987e-05 1.188502e+01   5.305305e-05  
1.000000e+10 3.000000e+09 1.696224e-05 1.213389e+01   5.542560e-05  
1.000000e+10 5.000000e+09 1.690617e-05 1.345860e+01   6.663623e-05  
1.000000e+10 1.000000e+10 1.664181e-05 2.192805e+01   1.484945e-04  
1.000000e+10 3.000000e+10 1.386203e-05 2.032357e+02   4.185144e-03  
1.000000e+10 1.000000e+11 2.164541e-06 1.584893e+04   1.085701e+00  
1.000000e+11 1.000000e+07 3.752778e-05 6.397348e+03   1.287391e-01  
1.000000e+11 1.000000e+08 3.752778e-05 6.397348e+03   1.287391e-01  
1.000000e+11 2.000000e+08 3.752778e-05 6.382635e+03   1.284430e-01  
1.000000e+11 4.000000e+08 3.752778e-05 6.324119e+03   1.272654e-01  
1.000000e+11 7.000000e+08 3.752618e-05 6.251727e+03   1.260986e-01  
1.000000e+11 1.000000e+09 3.752618e-05 6.194411e+03   1.249426e-01  
1.000000e+11 1.500000e+09 3.752298e-05 6.137620e+03   1.240825e-01  
1.000000e+11 2.000000e+09 3.752137e-05 6.095369e+03   1.232283e-01  
1.000000e+11 3.000000e+09 3.751176e-05 6.025596e+03   1.218177e-01  
1.000000e+11 5.000000e+09 3.748613e-05 5.956621e+03   1.212580e-01  
1.000000e+11 1.000000e+10 3.736436e-05 6.208690e+03   1.296315e-01  
1.000000e+11 3.000000e+10 3.605538e-05 9.862795e+03   2.784264e-01  
1.000000e+11 1.000000e+11 2.244810e-05 6.397348e+04   4.515547e+00  
