!33s -> 33cl, beta-decay
!Q=-5.583 MeV
!
!Log(rhoY)      Log(temp)       mu              dQ              Vs              Log(beta-decay-rate) Log(nu-energy-loss) Log(gamma-energy)
!Log(g/cm^3)    Log(K)          erg             erg             erg             Log(1/s)             Log(erg/s)          Log(erg/s)       
       1.000000        7.000000    8.139057e-07            0.00            0.00      -99.698970          -105.795290             -100.00  
       1.000000        8.000000    7.257860e-07            0.00            0.00      -99.698970          -105.795290             -100.00  
       1.000000        8.301030    6.040206e-07            0.00            0.00      -99.698970          -105.795290             -100.00  
       1.000000        8.602060    3.284462e-07            0.00            0.00      -71.696000           -78.470290             -100.00  
       1.000000        8.845098    1.281741e-08            0.00            0.00      -41.046000           -47.571290             -100.00  
       1.000000        9.000000    0.000000e+00            0.00            0.00      -29.557999           -35.924290             -100.00  
       1.000000        9.176091    0.000000e+00            0.00            0.00      -20.481992           -26.665290             -100.00  
       1.000000        9.301030    0.000000e+00            0.00            0.00      -15.821964           -21.873290             -100.00  
       1.000000        9.477121    0.000000e+00            0.00            0.00      -10.982806           -16.843290             -100.00  
       1.000000        9.698970    0.000000e+00            0.00            0.00       -6.808124           -12.421290             -100.00  
       1.000000       10.000000    0.000000e+00            0.00            0.00       -3.095927            -8.362290             -100.00  
       1.000000       10.477121    0.000000e+00            0.00            0.00        0.841574            -3.886290             -100.00  
       2.000000        7.000000    8.171101e-07            0.00            0.00      -99.698970          -105.795290             -100.00  
       2.000000        8.000000    7.578295e-07            0.00            0.00      -99.698970          -105.795290             -100.00  
       2.000000        8.301030    6.665055e-07            0.00            0.00      -99.698970          -105.795290             -100.00  
       2.000000        8.602060    4.550182e-07            0.00            0.00      -72.697000           -79.470290             -100.00  
       2.000000        8.845098    1.041415e-07            0.00            0.00      -41.459000           -47.985290             -100.00  
       2.000000        9.000000    8.010883e-09            0.00            0.00      -29.578999           -35.946290             -100.00  
       2.000000        9.176091    0.000000e+00            0.00            0.00      -20.483992           -26.666290             -100.00  
       2.000000        9.301030    0.000000e+00            0.00            0.00      -15.822964           -21.873290             -100.00  
       2.000000        9.477121    0.000000e+00            0.00            0.00      -10.982806           -16.843290             -100.00  
       2.000000        9.698970    0.000000e+00            0.00            0.00       -6.808124           -12.421290             -100.00  
       2.000000       10.000000    0.000000e+00            0.00            0.00       -3.095927            -8.362290             -100.00  
       2.000000       10.477121    0.000000e+00            0.00            0.00        0.841574            -3.886290             -100.00  
       3.000000        7.000000    8.219166e-07            0.00            0.00      -99.698970          -105.795290             -100.00  
       3.000000        8.000000    7.898731e-07            0.00            0.00      -99.698970          -105.795290             -100.00  
       3.000000        8.301030    7.305925e-07            0.00            0.00      -99.698970          -105.795290             -100.00  
       3.000000        8.602060    5.831923e-07            0.00            0.00      -73.698000           -80.472290             -100.00  
       3.000000        8.845098    3.156288e-07            0.00            0.00      -42.407000           -48.933290             -100.00  
       3.000000        9.000000    7.370013e-08            0.00            0.00      -29.784999           -36.152290             -100.00  
       3.000000        9.176091    8.010883e-09            0.00            0.00      -20.497992           -26.681290             -100.00  
       3.000000        9.301030    1.602177e-09            0.00            0.00      -15.825964           -21.876290             -100.00  
       3.000000        9.477121    0.000000e+00            0.00            0.00      -10.983806           -16.844290             -100.00  
       3.000000        9.698970    0.000000e+00            0.00            0.00       -6.808124           -12.421290             -100.00  
       3.000000       10.000000    0.000000e+00            0.00            0.00       -3.095927            -8.362290             -100.00  
       3.000000       10.477121    0.000000e+00            0.00            0.00        0.841574            -3.886290             -100.00  
       4.000000        7.000000    8.379384e-07            0.00            0.00      -99.698970          -105.795290             -100.00  
       4.000000        8.000000    8.267231e-07            0.00            0.00      -99.698970          -105.795290             -100.00  
       4.000000        8.301030    7.978840e-07            0.00            0.00      -99.698970          -105.795290             -100.00  
       4.000000        8.602060    7.113664e-07            0.00            0.00      -74.716000           -81.490290             -100.00  
       4.000000        8.845098    5.399335e-07            0.00            0.00      -43.412996           -49.939290             -100.00  
       4.000000        9.000000    3.348549e-07            0.00            0.00      -30.606994           -36.974290             -100.00  
       4.000000        9.176091    7.530230e-08            0.00            0.00      -20.639989           -26.822290             -100.00  
       4.000000        9.301030    2.243047e-08            0.00            0.00      -15.856961           -21.908290             -100.00  
       4.000000        9.477121    6.408707e-09            0.00            0.00      -10.988804           -16.849290             -100.00  
       4.000000        9.698970    1.602177e-09            0.00            0.00       -6.809122           -12.422290             -100.00  
       4.000000       10.000000    0.000000e+00            0.00            0.00       -3.095927            -8.362290             -100.00  
       4.000000       10.477121    0.000000e+00            0.00            0.00        0.841574            -3.886290             -100.00  
       5.000000        7.000000    9.036276e-07            0.00            0.00      -99.698970          -105.795290             -100.00  
       5.000000        8.000000    9.020254e-07            0.00            0.00      -99.698970          -105.795290             -100.00  
       5.000000        8.301030    8.940146e-07            0.00            0.00      -99.698970          -105.795290             -100.00  
       5.000000        8.602060    8.603689e-07            0.00            0.00      -75.886995           -82.661290             -100.00  
       5.000000        8.845098    7.770557e-07            0.00            0.00      -44.479956           -51.005290             -100.00  
       5.000000        9.000000    6.616989e-07            0.00            0.00      -31.638942           -38.005290             -100.00  
       5.000000        9.176091    4.245768e-07            0.00            0.00      -21.373943           -27.556290             -100.00  
       5.000000        9.301030    2.050786e-07            0.00            0.00      -16.145926           -22.196290             -100.00  
       5.000000        9.477121    5.607618e-08            0.00            0.00      -11.042779           -16.903290             -100.00  
       5.000000        9.698970    1.441959e-08            0.00            0.00       -6.817106           -12.430290             -100.00  
       5.000000       10.000000    3.204353e-09            0.00            0.00       -3.096916            -8.363290             -100.00  
       5.000000       10.477121    0.000000e+00            0.00            0.00        0.841574            -3.886290             -100.00  
       6.000000        7.000000    1.163180e-06            0.00            0.00      -99.698970          -105.795290             -100.00  
       6.000000        8.000000    1.161578e-06            0.00            0.00      -99.698970          -105.795290             -100.00  
       6.000000        8.301030    1.159976e-06            0.00            0.00      -99.698970          -105.795290             -100.00  
       6.000000        8.602060    1.150363e-06            0.00            0.00      -78.160727           -84.934290             -100.00  
       6.000000        8.845098    1.121524e-06            0.00            0.00      -46.028417           -52.555290             -100.00  
       6.000000        9.000000    1.076663e-06            0.00            0.00      -32.941434           -39.308290             -100.00  
       6.000000        9.176091    9.677147e-07            0.00            0.00      -22.510460           -28.693290             -100.00  
       6.000000        9.301030    8.203144e-07            0.00            0.00      -17.112430           -23.162290             -100.00  
       6.000000        9.477121    4.790508e-07            0.00            0.00      -11.484427           -17.345290             -100.00  
       6.000000        9.698970    1.457981e-07            0.00            0.00       -6.899933           -12.513290             -100.00  
       6.000000       10.000000    3.204353e-08            0.00            0.00       -3.105822            -8.372290             -100.00  
       6.000000       10.477121    3.204353e-09            0.00            0.00        0.840578            -3.886290             -100.00  
       7.000000        7.000000    1.959462e-06            0.00            0.00      -99.698970          -105.795290             -100.00  
       7.000000        8.000000    1.957860e-06            0.00            0.00      -99.698970          -105.795290             -100.00  
       7.000000        8.301030    1.957860e-06            0.00            0.00      -99.698970          -105.795290             -100.00  
       7.000000        8.602060    1.953053e-06            0.00            0.00      -84.474199           -91.249290             -100.00  
       7.000000        8.845098    1.941838e-06            0.00            0.00      -49.709030           -56.234290             -100.00  
       7.000000        9.000000    1.922612e-06            0.00            0.00      -35.599641           -41.965290             -100.00  
       7.000000        9.176091    1.879353e-06            0.00            0.00      -24.415866           -30.598290             -100.00  
       7.000000        9.301030    1.815266e-06            0.00            0.00      -18.672060           -24.723290             -100.00  
       7.000000        9.477121    1.635822e-06            0.00            0.00      -12.694165           -18.555290             -100.00  
       7.000000        9.698970    1.118319e-06            0.00            0.00       -7.508369           -13.122290             -100.00  
       7.000000       10.000000    3.140266e-07            0.00            0.00       -3.193767            -8.460290             -100.00  
       7.000000       10.477121    3.364571e-08            0.00            0.00        0.837585            -3.889290             -100.00  
       8.000000        7.000000    3.920526e-06            0.00            0.00      -99.698970          -105.795290             -100.00  
       8.000000        8.000000    3.920526e-06            0.00            0.00      -99.698970          -105.795290             -100.00  
       8.000000        8.301030    3.918924e-06            0.00            0.00      -99.698970          -105.795290             -100.00  
       8.000000        8.602060    3.917322e-06            0.00            0.00      -99.698970          -105.795290             -100.00  
       8.000000        8.845098    3.912515e-06            0.00            0.00      -58.518610           -65.048290             -100.00  
       8.000000        9.000000    3.904504e-06            0.00            0.00      -41.788411           -48.158290             -100.00  
       8.000000        9.176091    3.883676e-06            0.00            0.00      -28.583128           -34.769290             -100.00  
       8.000000        9.301030    3.854837e-06            0.00            0.00      -21.844507           -27.898290             -100.00  
       8.000000        9.477121    3.773126e-06            0.00            0.00      -14.901511           -20.765290             -100.00  
       8.000000        9.698970    3.511971e-06            0.00            0.00       -8.984657           -14.601290             -100.00  
       8.000000       10.000000    2.392050e-06            0.00            0.00       -3.831230            -9.101290             -100.00  
       8.000000       10.477121    3.348549e-07            0.00            0.00        0.806675            -3.920290             -100.00  
       9.000000        7.000000    8.299275e-06            0.00            0.00      -99.698970          -105.795290             -100.00  
       9.000000        8.000000    8.299275e-06            0.00            0.00      -99.698970          -105.795290             -100.00  
       9.000000        8.301030    8.299275e-06            0.00            0.00      -99.698970          -105.795290             -100.00  
       9.000000        8.602060    8.299275e-06            0.00            0.00      -99.698970          -105.795290             -100.00  
       9.000000        8.845098    8.296071e-06            0.00            0.00      -77.912744           -84.439290             -100.00  
       9.000000        9.000000    8.292866e-06            0.00            0.00      -55.279933           -61.645290             -100.00  
       9.000000        9.176091    8.283253e-06            0.00            0.00      -37.489675           -43.675290             -100.00  
       9.000000        9.301030    8.268834e-06            0.00            0.00      -28.471183           -34.530290             -100.00  
       9.000000        9.477121    8.231984e-06            0.00            0.00      -19.275480           -25.152290             -100.00  
       9.000000        9.698970    8.110218e-06            0.00            0.00      -11.614941           -17.257290             -100.00  
       9.000000       10.000000    7.543048e-06            0.00            0.00       -5.314081           -10.627290             -100.00  
       9.000000       10.477121    3.159492e-06            0.00            0.00        0.513744            -4.214290             -100.00  
      10.000000        7.000000    1.781300e-05            0.00            0.00      -99.698970          -105.795290             -100.00  
      10.000000        8.000000    1.781300e-05            0.00            0.00      -99.698970          -105.795290             -100.00  
      10.000000        8.301030    1.781300e-05            0.00            0.00      -99.698970          -105.795290             -100.00  
      10.000000        8.602060    1.781300e-05            0.00            0.00      -99.698970          -105.795290             -100.00  
      10.000000        8.845098    1.781140e-05            0.00            0.00      -99.698970          -105.795290             -100.00  
      10.000000        9.000000    1.780980e-05            0.00            0.00      -84.703730           -91.095290             -100.00  
      10.000000        9.176091    1.780499e-05            0.00            0.00      -56.924988           -63.144290             -100.00  
      10.000000        9.301030    1.779858e-05            0.00            0.00      -42.920114           -49.018290             -100.00  
      10.000000        9.477121    1.778096e-05            0.00            0.00      -28.791588           -34.717290             -100.00  
      10.000000        9.698970    1.772488e-05            0.00            0.00      -17.264073           -22.976290             -100.00  
      10.000000       10.000000    1.746052e-05            0.00            0.00       -8.219398           -13.607290             -100.00  
      10.000000       10.477121    1.468074e-05            0.00            0.00       -0.685400            -5.419290             -100.00  
      11.000000        7.000000    3.834650e-05            0.00            0.00      -99.698970          -105.795290             -100.00  
      11.000000        8.000000    3.834650e-05            0.00            0.00      -99.698970          -105.795290             -100.00  
      11.000000        8.301030    3.834650e-05            0.00            0.00      -99.698970          -105.795290             -100.00  
      11.000000        8.602060    3.834650e-05            0.00            0.00      -99.698970          -105.795290             -100.00  
      11.000000        8.845098    3.834489e-05            0.00            0.00      -99.698970          -105.795290             -100.00  
      11.000000        9.000000    3.834489e-05            0.00            0.00      -99.698970          -105.795290             -100.00  
      11.000000        9.176091    3.834169e-05            0.00            0.00      -99.698970          -105.795290             -100.00  
      11.000000        9.301030    3.834009e-05            0.00            0.00      -75.224241           -81.323290             -100.00  
      11.000000        9.477121    3.833047e-05            0.00            0.00      -50.322166           -56.251290             -100.00  
      11.000000        9.698970    3.830484e-05            0.00            0.00      -30.184726           -35.900290             -100.00  
      11.000000       10.000000    3.818307e-05            0.00            0.00      -14.713314           -20.109290             -100.00  
      11.000000       10.477121    3.687410e-05            0.00            0.00       -3.009852            -7.745290             -100.00  