!29al -> 29mg, e- capture
!Q=-7.487 MeV
!
!Log(rhoY)      Log(temp)       mu              dQ              Vs              Log(e-cap-rate) Log(nu-energy-loss) Log(gamma-energy)
!Log(g/cm^3)    Log(K)          erg             erg             erg             Log(1/s)        Log(erg/s)          Log(erg/s)       
       1.000000        7.000000    8.139057e-07            0.00            0.00      -99.698970     -105.795290             -100.00  
       1.000000        8.000000    7.257860e-07            0.00            0.00      -99.698970     -105.795290             -100.00  
       1.000000        8.301030    6.040206e-07            0.00            0.00      -99.698970     -105.795290             -100.00  
       1.000000        8.602060    3.284462e-07            0.00            0.00      -99.698970     -105.795290             -100.00  
       1.000000        8.845098    1.281741e-08            0.00            0.00      -61.855000      -68.381290             -100.00  
       1.000000        9.000000    0.000000e+00            0.00            0.00      -44.155000      -50.522290             -100.00  
       1.000000        9.176091    0.000000e+00            0.00            0.00      -30.169998      -36.354290             -100.00  
       1.000000        9.301030    0.000000e+00            0.00            0.00      -23.054992      -29.107290             -100.00  
       1.000000        9.477121    0.000000e+00            0.00            0.00      -15.763936      -21.627290             -100.00  
       1.000000        9.698970    0.000000e+00            0.00            0.00       -9.632833      -15.249290             -100.00  
       1.000000       10.000000    0.000000e+00            0.00            0.00       -4.432247       -9.684290             -100.00  
       1.000000       10.477121    0.000000e+00            0.00            0.00        0.482001       -4.212290             -100.00  
       2.000000        7.000000    8.171101e-07            0.00            0.00      -99.698970     -105.795290             -100.00  
       2.000000        8.000000    7.578295e-07            0.00            0.00      -99.698970     -105.795290             -100.00  
       2.000000        8.301030    6.665055e-07            0.00            0.00      -99.698970     -105.795290             -100.00  
       2.000000        8.602060    4.550182e-07            0.00            0.00      -99.698970     -105.795290             -100.00  
       2.000000        8.845098    1.041415e-07            0.00            0.00      -61.441000      -67.968290             -100.00  
       2.000000        9.000000    8.010883e-09            0.00            0.00      -44.133000      -50.501290             -100.00  
       2.000000        9.176091    0.000000e+00            0.00            0.00      -30.168998      -36.353290             -100.00  
       2.000000        9.301030    0.000000e+00            0.00            0.00      -23.053992      -29.107290             -100.00  
       2.000000        9.477121    0.000000e+00            0.00            0.00      -15.763936      -21.627290             -100.00  
       2.000000        9.698970    0.000000e+00            0.00            0.00       -9.632833      -15.249290             -100.00  
       2.000000       10.000000    0.000000e+00            0.00            0.00       -4.432247       -9.684290             -100.00  
       2.000000       10.477121    0.000000e+00            0.00            0.00        0.482001       -4.212290             -100.00  
       3.000000        7.000000    8.219166e-07            0.00            0.00      -99.698970     -105.795290             -100.00  
       3.000000        8.000000    7.898731e-07            0.00            0.00      -99.698970     -105.795290             -100.00  
       3.000000        8.301030    7.305925e-07            0.00            0.00      -99.698970     -105.795290             -100.00  
       3.000000        8.602060    5.831923e-07            0.00            0.00      -99.698970     -105.795290             -100.00  
       3.000000        8.845098    3.156288e-07            0.00            0.00      -60.493000      -67.020290             -100.00  
       3.000000        9.000000    7.370013e-08            0.00            0.00      -43.927000      -50.295290             -100.00  
       3.000000        9.176091    8.010883e-09            0.00            0.00      -30.153998      -36.338290             -100.00  
       3.000000        9.301030    1.602177e-09            0.00            0.00      -23.050992      -29.104290             -100.00  
       3.000000        9.477121    0.000000e+00            0.00            0.00      -15.762936      -21.626290             -100.00  
       3.000000        9.698970    0.000000e+00            0.00            0.00       -9.632833      -15.249290             -100.00  
       3.000000       10.000000    0.000000e+00            0.00            0.00       -4.432247       -9.684290             -100.00  
       3.000000       10.477121    0.000000e+00            0.00            0.00        0.482001       -4.212290             -100.00  
       4.000000        7.000000    8.379384e-07            0.00            0.00      -99.698970     -105.795290             -100.00  
       4.000000        8.000000    8.267231e-07            0.00            0.00      -99.698970     -105.795290             -100.00  
       4.000000        8.301030    7.978840e-07            0.00            0.00      -99.698970     -105.795290             -100.00  
       4.000000        8.602060    7.113664e-07            0.00            0.00      -99.698970     -105.795290             -100.00  
       4.000000        8.845098    5.399335e-07            0.00            0.00      -59.487000      -66.014290             -100.00  
       4.000000        9.000000    3.348549e-07            0.00            0.00      -43.105000      -49.473290             -100.00  
       4.000000        9.176091    7.530230e-08            0.00            0.00      -30.011999      -36.197290             -100.00  
       4.000000        9.301030    2.243047e-08            0.00            0.00      -23.019992      -29.072290             -100.00  
       4.000000        9.477121    6.408707e-09            0.00            0.00      -15.757937      -21.621290             -100.00  
       4.000000        9.698970    1.602177e-09            0.00            0.00       -9.631833      -15.248290             -100.00  
       4.000000       10.000000    0.000000e+00            0.00            0.00       -4.432247       -9.684290             -100.00  
       4.000000       10.477121    0.000000e+00            0.00            0.00        0.482001       -4.212290             -100.00  
       5.000000        7.000000    9.036276e-07            0.00            0.00      -99.698970     -105.795290             -100.00  
       5.000000        8.000000    9.020254e-07            0.00            0.00      -99.698970     -105.795290             -100.00  
       5.000000        8.301030    8.940146e-07            0.00            0.00      -99.698970     -105.795290             -100.00  
       5.000000        8.602060    8.603689e-07            0.00            0.00      -99.024440     -105.795290             -100.00  
       5.000000        8.845098    7.770557e-07            0.00            0.00      -58.421000      -64.947290             -100.00  
       5.000000        9.000000    6.616989e-07            0.00            0.00      -42.074000      -48.442290             -100.00  
       5.000000        9.176091    4.245768e-07            0.00            0.00      -29.279000      -35.463290             -100.00  
       5.000000        9.301030    2.050786e-07            0.00            0.00      -22.730996      -28.784290             -100.00  
       5.000000        9.477121    5.607618e-08            0.00            0.00      -15.703944      -21.567290             -100.00  
       5.000000        9.698970    1.441959e-08            0.00            0.00       -9.623854      -15.240290             -100.00  
       5.000000       10.000000    3.204353e-09            0.00            0.00       -4.431260       -9.683290             -100.00  
       5.000000       10.477121    0.000000e+00            0.00            0.00        0.482001       -4.212290             -100.00  
       6.000000        7.000000    1.163180e-06            0.00            0.00      -99.698970     -105.795290             -100.00  
       6.000000        8.000000    1.161578e-06            0.00            0.00      -99.698970     -105.795290             -100.00  
       6.000000        8.301030    1.159976e-06            0.00            0.00      -99.698970     -105.795290             -100.00  
       6.000000        8.602060    1.150363e-06            0.00            0.00      -96.798727     -103.573290             -100.00  
       6.000000        8.845098    1.121524e-06            0.00            0.00      -56.871000      -63.398290             -100.00  
       6.000000        9.000000    1.076663e-06            0.00            0.00      -40.771000      -47.138290             -100.00  
       6.000000        9.176091    9.677147e-07            0.00            0.00      -28.142000      -34.326290             -100.00  
       6.000000        9.301030    8.203144e-07            0.00            0.00      -21.765000      -27.817290             -100.00  
       6.000000        9.477121    4.790508e-07            0.00            0.00      -15.261979      -21.125290             -100.00  
       6.000000        9.698970    1.457981e-07            0.00            0.00       -9.541049      -15.157290             -100.00  
       6.000000       10.000000    3.204353e-08            0.00            0.00       -4.422364       -9.674290             -100.00  
       6.000000       10.477121    3.204353e-09            0.00            0.00        0.483001       -4.211290             -100.00  
       7.000000        7.000000    1.959462e-06            0.00            0.00      -99.698970     -105.795290             -100.00  
       7.000000        8.000000    1.957860e-06            0.00            0.00      -99.698970     -105.795290             -100.00  
       7.000000        8.301030    1.957860e-06            0.00            0.00      -99.698970     -105.795290             -100.00  
       7.000000        8.602060    1.953053e-06            0.00            0.00      -90.483000      -97.257290             -100.00  
       7.000000        8.845098    1.941838e-06            0.00            0.00      -53.188000      -59.714290             -100.00  
       7.000000        9.000000    1.922612e-06            0.00            0.00      -38.109000      -44.476290             -100.00  
       7.000000        9.176091    1.879353e-06            0.00            0.00      -26.232000      -32.416290             -100.00  
       7.000000        9.301030    1.815266e-06            0.00            0.00      -20.200000      -26.252290             -100.00  
       7.000000        9.477121    1.635822e-06            0.00            0.00      -14.048999      -19.912290             -100.00  
       7.000000        9.698970    1.118319e-06            0.00            0.00       -8.930762      -14.548290             -100.00  
       7.000000       10.000000    3.140266e-07            0.00            0.00       -4.335307       -9.586290             -100.00  
       7.000000       10.477121    3.364571e-08            0.00            0.00        0.485994       -4.208290             -100.00  
       8.000000        7.000000    3.920526e-06            0.00            0.00      -99.698970     -105.795290             -100.00  
       8.000000        8.000000    3.920526e-06            0.00            0.00      -99.698970     -105.795290             -100.00  
       8.000000        8.301030    3.918924e-06            0.00            0.00      -99.698970     -105.795290             -100.00  
       8.000000        8.602060    3.917322e-06            0.00            0.00      -75.051000      -81.825290             -100.00  
       8.000000        8.845098    3.912515e-06            0.00            0.00      -44.348000      -50.875290             -100.00  
       8.000000        9.000000    3.904504e-06            0.00            0.00      -31.894000      -38.261290             -100.00  
       8.000000        9.176091    3.883676e-06            0.00            0.00      -22.042000      -28.226290             -100.00  
       8.000000        9.301030    3.854837e-06            0.00            0.00      -17.007000      -23.058290             -100.00  
       8.000000        9.477121    3.773126e-06            0.00            0.00      -11.820000      -17.682290             -100.00  
       8.000000        9.698970    3.511971e-06            0.00            0.00       -7.434992      -13.051290             -100.00  
       8.000000       10.000000    2.392050e-06            0.00            0.00       -3.692862       -8.943290             -100.00  
       8.000000       10.477121    3.348549e-07            0.00            0.00        0.515938       -4.177290             -100.00  
       9.000000        7.000000    8.299275e-06            0.00            0.00      -99.698970     -105.795290             -100.00  
       9.000000        8.000000    8.299275e-06            0.00            0.00      -99.698970     -105.795290             -100.00  
       9.000000        8.301030    8.299275e-06            0.00            0.00      -77.374000      -84.441290             -100.00  
       9.000000        8.602060    8.299275e-06            0.00            0.00      -40.945000      -47.706290             -100.00  
       9.000000        8.845098    8.296071e-06            0.00            0.00      -24.950000      -31.442290             -100.00  
       9.000000        9.000000    8.292866e-06            0.00            0.00      -18.340000      -24.665290             -100.00  
       9.000000        9.176091    8.283253e-06            0.00            0.00      -13.006000      -19.151290             -100.00  
       9.000000        9.301030    8.268834e-06            0.00            0.00      -10.218000      -16.235290             -100.00  
       9.000000        9.477121    8.231984e-06            0.00            0.00       -7.263000      -13.099290             -100.00  
       9.000000        9.698970    8.110218e-06            0.00            0.00       -4.629000      -10.229290             -100.00  
       9.000000       10.000000    7.543048e-06            0.00            0.00       -2.138968       -7.390290             -100.00  
       9.000000       10.477121    3.159492e-06            0.00            0.00        0.803530       -3.887290             -100.00  
      10.000000        7.000000    1.781300e-05            0.00            0.00       -0.799000       -6.361290             -100.00  
      10.000000        8.000000    1.781300e-05            0.00            0.00       -0.799000       -6.361290             -100.00  
      10.000000        8.301030    1.781300e-05            0.00            0.00       -0.798000       -6.360290             -100.00  
      10.000000        8.602060    1.781300e-05            0.00            0.00       -0.796000       -6.358290             -100.00  
      10.000000        8.845098    1.781140e-05            0.00            0.00       -0.790000       -6.352290             -100.00  
      10.000000        9.000000    1.780980e-05            0.00            0.00       -0.782000       -6.342290             -100.00  
      10.000000        9.176091    1.780499e-05            0.00            0.00       -0.760000       -6.319290             -100.00  
      10.000000        9.301030    1.779858e-05            0.00            0.00       -0.731000       -6.285290             -100.00  
      10.000000        9.477121    1.778096e-05            0.00            0.00       -0.642000       -6.169290             -100.00  
      10.000000        9.698970    1.772488e-05            0.00            0.00       -0.353000       -5.758290             -100.00  
      10.000000       10.000000    1.746052e-05            0.00            0.00        0.396000       -4.763290             -100.00  
      10.000000       10.477121    1.468074e-05            0.00            0.00        1.907046       -2.759290             -100.00  
      11.000000        7.000000    3.834650e-05            0.00            0.00        3.214000       -1.585290             -100.00  
      11.000000        8.000000    3.834650e-05            0.00            0.00        3.214000       -1.585290             -100.00  
      11.000000        8.301030    3.834650e-05            0.00            0.00        3.214000       -1.585290             -100.00  
      11.000000        8.602060    3.834650e-05            0.00            0.00        3.214000       -1.585290             -100.00  
      11.000000        8.845098    3.834489e-05            0.00            0.00        3.214000       -1.585290             -100.00  
      11.000000        9.000000    3.834489e-05            0.00            0.00        3.214000       -1.584290             -100.00  
      11.000000        9.176091    3.834169e-05            0.00            0.00        3.215000       -1.584290             -100.00  
      11.000000        9.301030    3.834009e-05            0.00            0.00        3.215000       -1.583290             -100.00  
      11.000000        9.477121    3.833047e-05            0.00            0.00        3.216000       -1.580290             -100.00  
      11.000000        9.698970    3.830484e-05            0.00            0.00        3.221000       -1.571290             -100.00  
      11.000000       10.000000    3.818307e-05            0.00            0.00        3.250000       -1.510290             -100.00  
      11.000000       10.477121    3.687410e-05            0.00            0.00        3.547001       -0.995290             -100.00  