!26mg -> 26al, beta-decay
!Q=-4.004 MeV
!
!Log(rhoY)      Log(temp)       mu              dQ              Vs              Log(beta-decay-rate) Log(nu-energy-loss) Log(gamma-energy)
!Log(g/cm^3)    Log(K)          erg             erg             erg             Log(1/s)             Log(erg/s)          Log(erg/s)       
       1.000000        7.000000    8.139057e-07            0.00            0.00      -99.698970          -105.795290             -100.00  
       1.000000        8.000000    7.257860e-07            0.00            0.00      -99.698970          -105.795290             -100.00  
       1.000000        8.301030    6.040206e-07            0.00            0.00      -99.698970          -105.795290             -100.00  
       1.000000        8.602060    3.284462e-07            0.00            0.00      -54.696999           -61.470290             -100.00  
       1.000000        8.845098    1.281741e-08            0.00            0.00      -31.331999           -37.855290             -100.00  
       1.000000        9.000000    0.000000e+00            0.00            0.00      -22.751996           -29.115290             -100.00  
       1.000000        9.176091    0.000000e+00            0.00            0.00      -15.927973           -22.105290             -100.00  
       1.000000        9.301030    0.000000e+00            0.00            0.00      -12.381920           -18.424290             -100.00  
       1.000000        9.477121    0.000000e+00            0.00            0.00       -8.624726           -14.471290             -100.00  
       1.000000        9.698970    0.000000e+00            0.00            0.00       -5.243391           -10.836290             -100.00  
       1.000000       10.000000    0.000000e+00            0.00            0.00       -2.079382            -7.320290             -100.00  
       1.000000       10.477121    0.000000e+00            0.00            0.00        1.266534            -3.438290             -100.00  
       2.000000        7.000000    8.171101e-07            0.00            0.00      -99.698970          -105.795290             -100.00  
       2.000000        8.000000    7.578295e-07            0.00            0.00      -99.698970          -105.795290             -100.00  
       2.000000        8.301030    6.665055e-07            0.00            0.00      -99.698970          -105.795290             -100.00  
       2.000000        8.602060    4.550182e-07            0.00            0.00      -55.697993           -62.470290             -100.00  
       2.000000        8.845098    1.041415e-07            0.00            0.00      -31.744998           -38.269290             -100.00  
       2.000000        9.000000    8.010883e-09            0.00            0.00      -22.773996           -29.136290             -100.00  
       2.000000        9.176091    0.000000e+00            0.00            0.00      -15.929973           -22.106290             -100.00  
       2.000000        9.301030    0.000000e+00            0.00            0.00      -12.381920           -18.424290             -100.00  
       2.000000        9.477121    0.000000e+00            0.00            0.00       -8.624726           -14.471290             -100.00  
       2.000000        9.698970    0.000000e+00            0.00            0.00       -5.243391           -10.836290             -100.00  
       2.000000       10.000000    0.000000e+00            0.00            0.00       -2.079382            -7.320290             -100.00  
       2.000000       10.477121    0.000000e+00            0.00            0.00        1.266534            -3.438290             -100.00  
       3.000000        7.000000    8.219166e-07            0.00            0.00      -99.698970          -105.795290             -100.00  
       3.000000        8.000000    7.898731e-07            0.00            0.00      -99.698970          -105.795290             -100.00  
       3.000000        8.301030    7.305925e-07            0.00            0.00      -99.698970          -105.795290             -100.00  
       3.000000        8.602060    5.831923e-07            0.00            0.00      -56.698931           -63.472290             -100.00  
       3.000000        8.845098    3.156288e-07            0.00            0.00      -32.692986           -39.217290             -100.00  
       3.000000        9.000000    7.370013e-08            0.00            0.00      -22.979993           -29.342290             -100.00  
       3.000000        9.176091    8.010883e-09            0.00            0.00      -15.943972           -22.121290             -100.00  
       3.000000        9.301030    1.602177e-09            0.00            0.00      -12.384920           -18.427290             -100.00  
       3.000000        9.477121    0.000000e+00            0.00            0.00       -8.625725           -14.472290             -100.00  
       3.000000        9.698970    0.000000e+00            0.00            0.00       -5.243391           -10.836290             -100.00  
       3.000000       10.000000    0.000000e+00            0.00            0.00       -2.079382            -7.320290             -100.00  
       3.000000       10.477121    0.000000e+00            0.00            0.00        1.266534            -3.438290             -100.00  
       4.000000        7.000000    8.379384e-07            0.00            0.00      -99.698970          -105.795290             -100.00  
       4.000000        8.000000    8.267231e-07            0.00            0.00      -99.698970          -105.795290             -100.00  
       4.000000        8.301030    7.978840e-07            0.00            0.00      -99.698970          -105.795290             -100.00  
       4.000000        8.602060    7.113664e-07            0.00            0.00      -57.716293           -64.488290             -100.00  
       4.000000        8.845098    5.399335e-07            0.00            0.00      -33.698856           -40.223290             -100.00  
       4.000000        9.000000    3.348549e-07            0.00            0.00      -23.801953           -30.164290             -100.00  
       4.000000        9.176091    7.530230e-08            0.00            0.00      -16.085962           -22.263290             -100.00  
       4.000000        9.301030    2.243047e-08            0.00            0.00      -12.416914           -18.459290             -100.00  
       4.000000        9.477121    6.408707e-09            0.00            0.00       -8.630722           -14.477290             -100.00  
       4.000000        9.698970    1.602177e-09            0.00            0.00       -5.244385           -10.837290             -100.00  
       4.000000       10.000000    0.000000e+00            0.00            0.00       -2.079382            -7.320290             -100.00  
       4.000000       10.477121    0.000000e+00            0.00            0.00        1.266534            -3.438290             -100.00  
       5.000000        7.000000    9.036276e-07            0.00            0.00      -99.698970          -105.795290             -100.00  
       5.000000        8.000000    9.020254e-07            0.00            0.00      -99.698970          -105.795290             -100.00  
       5.000000        8.301030    8.940146e-07            0.00            0.00      -99.698970          -105.795290             -100.00  
       5.000000        8.602060    8.603689e-07            0.00            0.00      -58.879556           -65.645290             -100.00  
       5.000000        8.845098    7.770557e-07            0.00            0.00      -34.764541           -41.288290             -100.00  
       5.000000        9.000000    6.616989e-07            0.00            0.00      -24.832545           -31.195290             -100.00  
       5.000000        9.176091    4.245768e-07            0.00            0.00      -16.818802           -22.996290             -100.00  
       5.000000        9.301030    2.050786e-07            0.00            0.00      -12.705835           -18.747290             -100.00  
       5.000000        9.477121    5.607618e-08            0.00            0.00       -8.684687           -14.531290             -100.00  
       5.000000        9.698970    1.441959e-08            0.00            0.00       -5.252343           -10.845290             -100.00  
       5.000000       10.000000    3.204353e-09            0.00            0.00       -2.080343            -7.321290             -100.00  
       5.000000       10.477121    0.000000e+00            0.00            0.00        1.266534            -3.438290             -100.00  
       6.000000        7.000000    1.163180e-06            0.00            0.00      -99.698970          -105.795290             -100.00  
       6.000000        8.000000    1.161578e-06            0.00            0.00      -99.698970          -105.795290             -100.00  
       6.000000        8.301030    1.159976e-06            0.00            0.00      -99.698970          -105.795290             -100.00  
       6.000000        8.602060    1.150363e-06            0.00            0.00      -60.957186           -67.702290             -100.00  
       6.000000        8.845098    1.121524e-06            0.00            0.00      -36.300756           -42.826290             -100.00  
       6.000000        9.000000    1.076663e-06            0.00            0.00      -26.133012           -32.496290             -100.00  
       6.000000        9.176091    9.677147e-07            0.00            0.00      -17.954160           -24.131290             -100.00  
       6.000000        9.301030    8.203144e-07            0.00            0.00      -13.670775           -19.713290             -100.00  
       6.000000        9.477121    4.790508e-07            0.00            0.00       -9.126190           -14.973290             -100.00  
       6.000000        9.698970    1.457981e-07            0.00            0.00       -5.334807           -10.927290             -100.00  
       6.000000       10.000000    3.204353e-08            0.00            0.00       -2.089021            -7.329290             -100.00  
       6.000000       10.477121    3.204353e-09            0.00            0.00        1.266534            -3.439290             -100.00  
       7.000000        7.000000    1.959462e-06            0.00            0.00      -99.698970          -105.795290             -100.00  
       7.000000        8.000000    1.957860e-06            0.00            0.00      -99.698970          -105.795290             -100.00  
       7.000000        8.301030    1.957860e-06            0.00            0.00      -99.698970          -105.795290             -100.00  
       7.000000        8.602060    1.953053e-06            0.00            0.00      -66.859428           -73.551290             -100.00  
       7.000000        8.845098    1.941838e-06            0.00            0.00      -39.887371           -46.401290             -100.00  
       7.000000        9.000000    1.922612e-06            0.00            0.00      -28.757334           -35.120290             -100.00  
       7.000000        9.176091    1.879353e-06            0.00            0.00      -19.849501           -26.028290             -100.00  
       7.000000        9.301030    1.815266e-06            0.00            0.00      -15.227420           -21.270290             -100.00  
       7.000000        9.477121    1.635822e-06            0.00            0.00      -10.333819           -16.180290             -100.00  
       7.000000        9.698970    1.118319e-06            0.00            0.00       -5.937280           -11.529290             -100.00  
       7.000000       10.000000    3.140266e-07            0.00            0.00       -2.174328            -7.415290             -100.00  
       7.000000       10.477121    3.364571e-08            0.00            0.00        1.263566            -3.442290             -100.00  
       8.000000        7.000000    3.920526e-06            0.00            0.00      -99.698970          -105.795290             -100.00  
       8.000000        8.000000    3.920526e-06            0.00            0.00      -99.698970          -105.795290             -100.00  
       8.000000        8.301030    3.918924e-06            0.00            0.00      -99.698970          -105.795290             -100.00  
       8.000000        8.602060    3.917322e-06            0.00            0.00      -81.309396           -88.109290             -100.00  
       8.000000        8.845098    3.912515e-06            0.00            0.00      -48.372549           -54.930290             -100.00  
       8.000000        9.000000    3.904504e-06            0.00            0.00      -34.832328           -41.219290             -100.00  
       8.000000        9.176091    3.883676e-06            0.00            0.00      -23.978426           -30.152290             -100.00  
       8.000000        9.301030    3.854837e-06            0.00            0.00      -18.347275           -24.358290             -100.00  
       8.000000        9.477121    3.773126e-06            0.00            0.00      -12.436312           -18.248290             -100.00  
       8.000000        9.698970    3.511971e-06            0.00            0.00       -7.306743           -12.897290             -100.00  
       8.000000       10.000000    2.392050e-06            0.00            0.00       -2.772254            -8.024290             -100.00  
       8.000000       10.477121    3.348549e-07            0.00            0.00        1.232835            -3.473290             -100.00  
       9.000000        7.000000    8.299275e-06            0.00            0.00      -99.698970          -105.795290             -100.00  
       9.000000        8.000000    8.299275e-06            0.00            0.00      -99.698970          -105.795290             -100.00  
       9.000000        8.301030    8.299275e-06            0.00            0.00      -99.698970          -105.795290             -100.00  
       9.000000        8.602060    8.299275e-06            0.00            0.00      -99.698970          -105.795290             -100.00  
       9.000000        8.845098    8.296071e-06            0.00            0.00      -66.048648           -72.558290             -100.00  
       9.000000        9.000000    8.292866e-06            0.00            0.00      -46.797984           -53.152290             -100.00  
       9.000000        9.176091    8.283253e-06            0.00            0.00      -31.642297           -37.825290             -100.00  
       9.000000        9.301030    8.268834e-06            0.00            0.00      -23.941193           -30.004290             -100.00  
       9.000000        9.477121    8.231984e-06            0.00            0.00      -16.057588           -21.937290             -100.00  
       9.000000        9.698970    8.110218e-06            0.00            0.00       -9.415870           -15.050290             -100.00  
       9.000000       10.000000    7.543048e-06            0.00            0.00       -3.974431            -9.304290             -100.00  
       9.000000       10.477121    3.159492e-06            0.00            0.00        0.943104            -3.766290             -100.00  
      10.000000        7.000000    1.781300e-05            0.00            0.00      -99.698970          -105.795290             -100.00  
      10.000000        8.000000    1.781300e-05            0.00            0.00      -99.698970          -105.795290             -100.00  
      10.000000        8.301030    1.781300e-05            0.00            0.00      -99.698970          -105.795290             -100.00  
      10.000000        8.602060    1.781300e-05            0.00            0.00      -99.698970          -105.795290             -100.00  
      10.000000        8.845098    1.781140e-05            0.00            0.00      -99.698970          -105.795290             -100.00  
      10.000000        9.000000    1.780980e-05            0.00            0.00      -75.565730           -81.951290             -100.00  
      10.000000        9.176091    1.780499e-05            0.00            0.00      -50.480290           -56.692290             -100.00  
      10.000000        9.301030    1.779858e-05            0.00            0.00      -37.819792           -43.911290             -100.00  
      10.000000        9.477121    1.778096e-05            0.00            0.00      -24.998669           -30.920290             -100.00  
      10.000000        9.698970    1.772488e-05            0.00            0.00      -14.514273           -20.231290             -100.00  
      10.000000       10.000000    1.746052e-05            0.00            0.00       -6.460285           -11.910290             -100.00  
      10.000000       10.477121    1.468074e-05            0.00            0.00       -0.239688            -4.965290             -100.00  
      11.000000        7.000000    3.834650e-05            0.00            0.00      -99.698970          -105.795290             -100.00  
      11.000000        8.000000    3.834650e-05            0.00            0.00      -99.698970          -105.795290             -100.00  
      11.000000        8.301030    3.834650e-05            0.00            0.00      -99.698970          -105.795290             -100.00  
      11.000000        8.602060    3.834650e-05            0.00            0.00      -99.698970          -105.795290             -100.00  
      11.000000        8.845098    3.834489e-05            0.00            0.00      -99.698970          -105.795290             -100.00  
      11.000000        9.000000    3.834489e-05            0.00            0.00      -99.698970          -105.795290             -100.00  
      11.000000        9.176091    3.834169e-05            0.00            0.00      -93.460419           -99.680290             -100.00  
      11.000000        9.301030    3.834009e-05            0.00            0.00      -70.043999           -76.144290             -100.00  
      11.000000        9.477121    3.833047e-05            0.00            0.00      -46.470038           -52.402290             -100.00  
      11.000000        9.698970    3.830484e-05            0.00            0.00      -27.397065           -33.126290             -100.00  
      11.000000       10.000000    3.818307e-05            0.00            0.00      -12.922492           -18.388290             -100.00  
      11.000000       10.477121    3.687410e-05            0.00            0.00       -2.555239            -7.288290             -100.00  