!25mg -> 25na, e- capture
!Q=-3.833 MeV
!
!Log(rhoY)      Log(temp)       mu              dQ              Vs              Log(e-cap-rate) Log(nu-energy-loss) Log(gamma-energy)
!Log(g/cm^3)    Log(K)          erg             erg             erg             Log(1/s)        Log(erg/s)          Log(erg/s)       
       1.000000        7.000000    8.139057e-07            0.00            0.00      -99.698970     -105.795290             -100.00  
       1.000000        8.000000    7.257860e-07            0.00            0.00      -99.698970     -105.795290             -100.00  
       1.000000        8.301030    6.040206e-07            0.00            0.00      -99.698970     -105.795290             -100.00  
       1.000000        8.602060    3.284462e-07            0.00            0.00      -58.321000      -65.092290             -100.00  
       1.000000        8.845098    1.281741e-08            0.00            0.00      -36.599000      -43.121290             -100.00  
       1.000000        9.000000    0.000000e+00            0.00            0.00      -26.757000      -33.118290             -100.00  
       1.000000        9.176091    0.000000e+00            0.00            0.00      -18.871994      -25.047290             -100.00  
       1.000000        9.301030    0.000000e+00            0.00            0.00      -14.801952      -20.843290             -100.00  
       1.000000        9.477121    0.000000e+00            0.00            0.00      -10.554237      -16.400290             -100.00  
       1.000000        9.698970    0.000000e+00            0.00            0.00       -6.850250      -12.429290             -100.00  
       1.000000       10.000000    0.000000e+00            0.00            0.00       -3.245187       -8.398290             -100.00  
       1.000000       10.477121    0.000000e+00            0.00            0.00        1.081609       -3.572290             -100.00  
       2.000000        7.000000    8.171101e-07            0.00            0.00      -99.698970     -105.795290             -100.00  
       2.000000        8.000000    7.578295e-07            0.00            0.00      -99.698970     -105.795290             -100.00  
       2.000000        8.301030    6.665055e-07            0.00            0.00      -99.698970     -105.795290             -100.00  
       2.000000        8.602060    4.550182e-07            0.00            0.00      -57.321000      -64.092290             -100.00  
       2.000000        8.845098    1.041415e-07            0.00            0.00      -36.186000      -42.708290             -100.00  
       2.000000        9.000000    8.010883e-09            0.00            0.00      -26.735000      -33.097290             -100.00  
       2.000000        9.176091    0.000000e+00            0.00            0.00      -18.869994      -25.046290             -100.00  
       2.000000        9.301030    0.000000e+00            0.00            0.00      -14.800952      -20.842290             -100.00  
       2.000000        9.477121    0.000000e+00            0.00            0.00      -10.554237      -16.400290             -100.00  
       2.000000        9.698970    0.000000e+00            0.00            0.00       -6.850250      -12.429290             -100.00  
       2.000000       10.000000    0.000000e+00            0.00            0.00       -3.245187       -8.398290             -100.00  
       2.000000       10.477121    0.000000e+00            0.00            0.00        1.081609       -3.572290             -100.00  
       3.000000        7.000000    8.219166e-07            0.00            0.00      -99.698970     -105.795290             -100.00  
       3.000000        8.000000    7.898731e-07            0.00            0.00      -99.698970     -105.795290             -100.00  
       3.000000        8.301030    7.305925e-07            0.00            0.00      -99.698970     -105.795290             -100.00  
       3.000000        8.602060    5.831923e-07            0.00            0.00      -56.319000      -63.090290             -100.00  
       3.000000        8.845098    3.156288e-07            0.00            0.00      -35.237000      -41.760290             -100.00  
       3.000000        9.000000    7.370013e-08            0.00            0.00      -26.529000      -32.891290             -100.00  
       3.000000        9.176091    8.010883e-09            0.00            0.00      -18.855995      -25.031290             -100.00  
       3.000000        9.301030    1.602177e-09            0.00            0.00      -14.797952      -20.839290             -100.00  
       3.000000        9.477121    0.000000e+00            0.00            0.00      -10.553239      -16.399290             -100.00  
       3.000000        9.698970    0.000000e+00            0.00            0.00       -6.850250      -12.429290             -100.00  
       3.000000       10.000000    0.000000e+00            0.00            0.00       -3.245187       -8.398290             -100.00  
       3.000000       10.477121    0.000000e+00            0.00            0.00        1.081609       -3.572290             -100.00  
       4.000000        7.000000    8.379384e-07            0.00            0.00      -99.698970     -105.795290             -100.00  
       4.000000        8.000000    8.267231e-07            0.00            0.00      -99.698970     -105.795290             -100.00  
       4.000000        8.301030    7.978840e-07            0.00            0.00      -99.698970     -105.795290             -100.00  
       4.000000        8.602060    7.113664e-07            0.00            0.00      -55.301000      -62.072290             -100.00  
       4.000000        8.845098    5.399335e-07            0.00            0.00      -34.231000      -40.753290             -100.00  
       4.000000        9.000000    3.348549e-07            0.00            0.00      -25.707000      -32.069290             -100.00  
       4.000000        9.176091    7.530230e-08            0.00            0.00      -18.713996      -24.890290             -100.00  
       4.000000        9.301030    2.243047e-08            0.00            0.00      -14.766956      -20.807290             -100.00  
       4.000000        9.477121    6.408707e-09            0.00            0.00      -10.548248      -16.394290             -100.00  
       4.000000        9.698970    1.602177e-09            0.00            0.00       -6.850250      -12.428290             -100.00  
       4.000000       10.000000    0.000000e+00            0.00            0.00       -3.245187       -8.398290             -100.00  
       4.000000       10.477121    0.000000e+00            0.00            0.00        1.081609       -3.572290             -100.00  
       5.000000        7.000000    9.036276e-07            0.00            0.00      -99.698970     -105.795290             -100.00  
       5.000000        8.000000    9.020254e-07            0.00            0.00      -99.698970     -105.795290             -100.00  
       5.000000        8.301030    8.940146e-07            0.00            0.00      -99.698970     -105.795290             -100.00  
       5.000000        8.602060    8.603689e-07            0.00            0.00      -54.130000      -60.902290             -100.00  
       5.000000        8.845098    7.770557e-07            0.00            0.00      -33.165000      -39.687290             -100.00  
       5.000000        9.000000    6.616989e-07            0.00            0.00      -24.676000      -31.037290             -100.00  
       5.000000        9.176091    4.245768e-07            0.00            0.00      -17.980999      -24.156290             -100.00  
       5.000000        9.301030    2.050786e-07            0.00            0.00      -14.477977      -20.519290             -100.00  
       5.000000        9.477121    5.607618e-08            0.00            0.00      -10.495333      -16.341290             -100.00  
       5.000000        9.698970    1.441959e-08            0.00            0.00       -6.841444      -12.420290             -100.00  
       5.000000       10.000000    3.204353e-09            0.00            0.00       -3.244240       -8.397290             -100.00  
       5.000000       10.477121    0.000000e+00            0.00            0.00        1.081609       -3.572290             -100.00  
       6.000000        7.000000    1.163180e-06            0.00            0.00      -99.698970     -105.795290             -100.00  
       6.000000        8.000000    1.161578e-06            0.00            0.00      -99.698970     -105.795290             -100.00  
       6.000000        8.301030    1.159976e-06            0.00            0.00      -98.318855     -105.405290             -100.00  
       6.000000        8.602060    1.150363e-06            0.00            0.00      -51.856000      -58.628290             -100.00  
       6.000000        8.845098    1.121524e-06            0.00            0.00      -31.615000      -38.137290             -100.00  
       6.000000        9.000000    1.076663e-06            0.00            0.00      -23.373000      -29.734290             -100.00  
       6.000000        9.176091    9.677147e-07            0.00            0.00      -16.844000      -23.019290             -100.00  
       6.000000        9.301030    8.203144e-07            0.00            0.00      -13.511998      -19.553290             -100.00  
       6.000000        9.477121    4.790508e-07            0.00            0.00      -10.052758      -15.899290             -100.00  
       6.000000        9.698970    1.457981e-07            0.00            0.00       -6.761202      -12.339290             -100.00  
       6.000000       10.000000    3.204353e-08            0.00            0.00       -3.236610       -8.389290             -100.00  
       6.000000       10.477121    3.204353e-09            0.00            0.00        1.081609       -3.571290             -100.00  
       7.000000        7.000000    1.959462e-06            0.00            0.00      -99.698970     -105.795290             -100.00  
       7.000000        8.000000    1.957860e-06            0.00            0.00      -99.698970     -105.795290             -100.00  
       7.000000        8.301030    1.957860e-06            0.00            0.00      -85.783000      -92.860290             -100.00  
       7.000000        8.602060    1.953053e-06            0.00            0.00      -45.540000      -52.311290             -100.00  
       7.000000        8.845098    1.941838e-06            0.00            0.00      -27.931000      -34.454290             -100.00  
       7.000000        9.000000    1.922612e-06            0.00            0.00      -20.710000      -27.071290             -100.00  
       7.000000        9.176091    1.879353e-06            0.00            0.00      -14.933000      -21.109290             -100.00  
       7.000000        9.301030    1.815266e-06            0.00            0.00      -11.948000      -17.989290             -100.00  
       7.000000        9.477121    1.635822e-06            0.00            0.00       -8.841985      -14.688290             -100.00  
       7.000000        9.698970    1.118319e-06            0.00            0.00       -6.158763      -11.738290             -100.00  
       7.000000       10.000000    3.140266e-07            0.00            0.00       -3.153414       -8.304290             -100.00  
       7.000000       10.477121    3.364571e-08            0.00            0.00        1.085591       -3.568290             -100.00  
       8.000000        7.000000    3.920526e-06            0.00            0.00      -99.698970     -105.795290             -100.00  
       8.000000        8.000000    3.920526e-06            0.00            0.00      -99.698970     -105.795290             -100.00  
       8.000000        8.301030    3.918924e-06            0.00            0.00      -54.947000      -62.024290             -100.00  
       8.000000        8.602060    3.917322e-06            0.00            0.00      -30.116000      -36.888290             -100.00  
       8.000000        8.845098    3.912515e-06            0.00            0.00      -19.102000      -25.624290             -100.00  
       8.000000        9.000000    3.904504e-06            0.00            0.00      -14.507000      -20.869290             -100.00  
       8.000000        9.176091    3.883676e-06            0.00            0.00      -10.755000      -16.929290             -100.00  
       8.000000        9.301030    3.854837e-06            0.00            0.00       -8.764000      -14.802290             -100.00  
       8.000000        9.477121    3.773126e-06            0.00            0.00       -6.621000      -12.466290             -100.00  
       8.000000        9.698970    3.511971e-06            0.00            0.00       -4.678926      -10.264290             -100.00  
       8.000000       10.000000    2.392050e-06            0.00            0.00       -2.539008       -7.683290             -100.00  
       8.000000       10.477121    3.348549e-07            0.00            0.00        1.115447       -3.537290             -100.00  
       9.000000        7.000000    8.299275e-06            0.00            0.00       -2.960000       -8.969290             -100.00  
       9.000000        8.000000    8.299275e-06            0.00            0.00       -2.960000       -8.968290             -100.00  
       9.000000        8.301030    8.299275e-06            0.00            0.00       -2.958000       -8.964290             -100.00  
       9.000000        8.602060    8.299275e-06            0.00            0.00       -2.952000       -8.952290             -100.00  
       9.000000        8.845098    8.296071e-06            0.00            0.00       -2.935000       -8.919290             -100.00  
       9.000000        9.000000    8.292866e-06            0.00            0.00       -2.909000       -8.870290             -100.00  
       9.000000        9.176091    8.283253e-06            0.00            0.00       -2.847000       -8.757290             -100.00  
       9.000000        9.301030    8.268834e-06            0.00            0.00       -2.760000       -8.606290             -100.00  
       9.000000        9.477121    8.231984e-06            0.00            0.00       -2.539000       -8.249290             -100.00  
       9.000000        9.698970    8.110218e-06            0.00            0.00       -2.094000       -7.605290             -100.00  
       9.000000       10.000000    7.543048e-06            0.00            0.00       -1.100815       -6.249290             -100.00  
       9.000000       10.477121    3.159492e-06            0.00            0.00        1.398384       -3.250290             -100.00  
      10.000000        7.000000    1.781300e-05            0.00            0.00        0.838000       -4.403290             -100.00  
      10.000000        8.000000    1.781300e-05            0.00            0.00        0.838000       -4.403290             -100.00  
      10.000000        8.301030    1.781300e-05            0.00            0.00        0.839000       -4.403290             -100.00  
      10.000000        8.602060    1.781300e-05            0.00            0.00        0.839000       -4.403290             -100.00  
      10.000000        8.845098    1.781140e-05            0.00            0.00        0.840000       -4.401290             -100.00  
      10.000000        9.000000    1.780980e-05            0.00            0.00        0.841000       -4.399290             -100.00  
      10.000000        9.176091    1.780499e-05            0.00            0.00        0.845000       -4.393290             -100.00  
      10.000000        9.301030    1.779858e-05            0.00            0.00        0.851000       -4.384290             -100.00  
      10.000000        9.477121    1.778096e-05            0.00            0.00        0.870000       -4.354290             -100.00  
      10.000000        9.698970    1.772488e-05            0.00            0.00        0.930000       -4.262290             -100.00  
      10.000000       10.000000    1.746052e-05            0.00            0.00        1.145001       -3.928290             -100.00  
      10.000000       10.477121    1.468074e-05            0.00            0.00        2.460131       -2.148290             -100.00  
      11.000000        7.000000    3.834650e-05            0.00            0.00        3.512000       -1.201290             -100.00  
      11.000000        8.000000    3.834650e-05            0.00            0.00        3.512000       -1.201290             -100.00  
      11.000000        8.301030    3.834650e-05            0.00            0.00        3.512000       -1.201290             -100.00  
      11.000000        8.602060    3.834650e-05            0.00            0.00        3.512000       -1.201290             -100.00  
      11.000000        8.845098    3.834489e-05            0.00            0.00        3.512000       -1.201290             -100.00  
      11.000000        9.000000    3.834489e-05            0.00            0.00        3.512000       -1.201290             -100.00  
      11.000000        9.176091    3.834169e-05            0.00            0.00        3.512000       -1.201290             -100.00  
      11.000000        9.301030    3.834009e-05            0.00            0.00        3.512000       -1.200290             -100.00  
      11.000000        9.477121    3.833047e-05            0.00            0.00        3.511000       -1.200290             -100.00  
      11.000000        9.698970    3.830484e-05            0.00            0.00        3.510000       -1.196290             -100.00  
      11.000000       10.000000    3.818307e-05            0.00            0.00        3.520000       -1.167290             -100.00  
      11.000000       10.477121    3.687410e-05            0.00            0.00        3.955004       -0.511290             -100.00  