!80ga -> 80ge, beta-decay
!Q=-10.312 MeV
!
!Log(rhoY)            Log(temp)            mu                   dQ                   Vs                   Log(beta-decay-rate) Log(nu-energy-loss)  Log(gamma-energy)   
!Log(g/cm^3)          Log(K)               erg                  erg                  erg                  Log(1/s)             Log(erg/s)           Log(erg/s)          
  1.0                  7.0000000     -4.806529902e-09                  0.0                  0.0                -0.39   -5.559289606265014               -100.0
  1.0                  8.0000000    -9.2926244772e-08                  0.0                  0.0                -0.39   -5.559289606265014               -100.0
  1.0                  8.3010300   -2.14691668956e-07                  0.0                  0.0                -0.39   -5.559289606265014               -100.0
  1.0                  8.4771213   -3.49274506212e-07                  0.0                  0.0               -0.389   -5.557289606265014               -100.0
  1.0                  8.6020600   -4.91868226638e-07                  0.0                  0.0 -0.38399999999999224   -5.550289606265014               -100.0
  1.0                  8.6989700   -6.39268476966e-07                  0.0                  0.0 -0.37299999999277594   -5.536289606265014               -100.0
  1.0                  8.7781513   -7.65840431052e-07                  0.0                  0.0  -0.3599999994274884   -5.519289606265014               -100.0
  1.0                  8.8450980   -8.05894846902e-07                  0.0                  0.0  -0.3459999943793789   -5.501289606265014               -100.0
  1.0                  8.9030900   -8.15507906706e-07                  0.0                  0.0 -0.33399997585738556   -5.485289606265014               -100.0
  1.0                  8.9542425    -8.1711008334e-07                  0.0                  0.0 -0.32299992658508936   -5.471289606265014               -100.0
  1.0                  9.0000000   -8.18712259974e-07                  0.0                  0.0  -0.3139998189559648   -5.459289606265014               -100.0
  1.0                  9.1760913   -8.18712259974e-07                  0.0                  0.0 -0.28399676568217586   -5.421289606265014               -100.0
  1.0                  9.3010300   -8.18712259974e-07                  0.0                  0.0 -0.26198360255765507   -5.390289606265014               -100.0
  1.0                  9.4771213   -8.18712259974e-07                  0.0                  0.0  -0.2078955924015307   -5.319289606265015               -100.0
  1.0                  9.6020600   -8.18712259974e-07                  0.0                  0.0 -0.14768765962185734   -5.244289606265014               -100.0
  1.0                  9.6989700   -8.18712259974e-07                  0.0                  0.0 -0.09032477788724155   -5.174289606265014               -100.0
  1.0                  9.8750613   -8.18712259974e-07                  0.0                  0.0 0.062429790611041175   -4.996289606265014               -100.0
  1.0                 10.0000000   -8.18712259974e-07                  0.0                  0.0   0.2607268753053387   -4.773289606265014               -100.0
  1.0                 10.4771213   -8.18712259974e-07                  0.0                  0.0    2.020165486946622  -2.7532896062650143               -100.0
  1.0                 11.0000000   -8.18712259974e-07                  0.0                  0.0    4.719584106750229   0.5307103937349855               -100.0
  1.5                  7.0000000     -3.204353268e-09                  0.0                  0.0                -0.39   -5.559289606265014               -100.0
  1.5                  8.0000000    -7.6904478432e-08                  0.0                  0.0                -0.39   -5.559289606265014               -100.0
  1.5                  8.3010300    -1.8425031291e-07                  0.0                  0.0                -0.39   -5.559289606265014               -100.0
  1.5                  8.4771213   -3.01209207192e-07                  0.0                  0.0               -0.389   -5.557289606265014               -100.0
  1.5                  8.6020600   -4.27781161278e-07                  0.0                  0.0  -0.3839999999999975   -5.550289606265014               -100.0
  1.5                  8.6989700   -5.59159645266e-07                  0.0                  0.0   -0.372999999997705   -5.536289606265014               -100.0
  1.5                  8.7781513   -6.92140305888e-07                  0.0                  0.0 -0.35999999976188635   -5.519289606265014               -100.0
  1.5                  8.8450980   -7.80260020758e-07                  0.0                  0.0 -0.34599999571664264   -5.501289606265014               -100.0
  1.5                  8.9030900   -8.05894846902e-07                  0.0                  0.0  -0.3339999776753685   -5.485289606265014               -100.0
  1.5                  8.9542425   -8.13905730072e-07                  0.0                  0.0  -0.3229999287500973   -5.471289606265014               -100.0
  1.5                  9.0000000   -8.15507906706e-07                  0.0                  0.0 -0.31399982102835833   -5.459289606265014               -100.0
  1.5                  9.1760913   -8.18712259974e-07                  0.0                  0.0 -0.28399676568217586   -5.421289606265014               -100.0
  1.5                  9.3010300   -8.18712259974e-07                  0.0                  0.0 -0.26198360255765507   -5.390289606265014               -100.0
  1.5                  9.4771213   -8.18712259974e-07                  0.0                  0.0  -0.2078955924015307   -5.319289606265015               -100.0
  1.5                  9.6020600   -8.18712259974e-07                  0.0                  0.0 -0.14768765962185734   -5.244289606265014               -100.0
  1.5                  9.6989700   -8.18712259974e-07                  0.0                  0.0 -0.09032477788724155   -5.174289606265014               -100.0
  1.5                  9.8750613   -8.18712259974e-07                  0.0                  0.0 0.062429790611041175   -4.996289606265014               -100.0
  1.5                 10.0000000   -8.18712259974e-07                  0.0                  0.0   0.2607268753053387   -4.773289606265014               -100.0
  1.5                 10.4771213   -8.18712259974e-07                  0.0                  0.0    2.020165486946622  -2.7532896062650143               -100.0
  1.5                 11.0000000   -8.18712259974e-07                  0.0                  0.0    4.719584106750229   0.5307103937349855               -100.0
  2.0                  7.0000000     -1.602176634e-09                  0.0                  0.0                -0.39   -5.559289606265014               -100.0
  2.0                  8.0000000    -6.0882712092e-08                  0.0                  0.0                -0.39   -5.559289606265014               -100.0
  2.0                  8.3010300    -1.5220678023e-07                  0.0                  0.0                -0.39   -5.559289606265014               -100.0
  2.0                  8.4771213   -2.53143908172e-07                  0.0                  0.0               -0.389   -5.557289606265014               -100.0
  2.0                  8.6020600   -3.63694095918e-07                  0.0                  0.0 -0.38399999999999923   -5.550289606265014               -100.0
  2.0                  8.6989700     -4.806529902e-07                  0.0                  0.0  -0.3729999999992726   -5.536289606265014               -100.0
  2.0                  8.7781513    -6.0081623775e-07                  0.0                  0.0 -0.35999999992133447   -5.519289606265014               -100.0
  2.0                  8.8450980   -7.14570778764e-07                  0.0                  0.0  -0.3459999978233715   -5.501289606265014               -100.0
  2.0                  8.9030900   -7.80260020758e-07                  0.0                  0.0  -0.3339999823889884   -5.485289606265014               -100.0
  2.0                  8.9542425   -8.02690493634e-07                  0.0                  0.0  -0.3229999345688914   -5.471289606265014               -100.0
  2.0                  9.0000000   -8.10701376804e-07                  0.0                  0.0 -0.31399982789867054   -5.459289606265014               -100.0
  2.0                  9.1760913   -8.18712259974e-07                  0.0                  0.0 -0.28399677312087274   -5.421289606265014               -100.0
  2.0                  9.3010300   -8.18712259974e-07                  0.0                  0.0 -0.26198360255765507   -5.390289606265014               -100.0
  2.0                  9.4771213   -8.18712259974e-07                  0.0                  0.0  -0.2078955924015307   -5.319289606265015               -100.0
  2.0                  9.6020600   -8.18712259974e-07                  0.0                  0.0 -0.14768765962185734   -5.244289606265014               -100.0
  2.0                  9.6989700   -8.18712259974e-07                  0.0                  0.0 -0.09032477788724155   -5.174289606265014               -100.0
  2.0                  9.8750613   -8.18712259974e-07                  0.0                  0.0 0.062429790611041175   -4.996289606265014               -100.0
  2.0                 10.0000000   -8.18712259974e-07                  0.0                  0.0   0.2607268753053387   -4.773289606265014               -100.0
  2.0                 10.4771213   -8.18712259974e-07                  0.0                  0.0    2.020165486946622  -2.7532896062650143               -100.0
  2.0                 11.0000000   -8.18712259974e-07                  0.0                  0.0    4.719584106750229   0.5307103937349855               -100.0
  2.5                  7.0000000      1.602176634e-09                  0.0                  0.0                -0.39   -5.559289606265014               -100.0
  2.5                  8.0000000    -4.4860945752e-08                  0.0                  0.0                -0.39   -5.559289606265014               -100.0
  2.5                  8.3010300    -1.2016324755e-07                  0.0                  0.0                -0.39   -5.559289606265014               -100.0
  2.5                  8.4771213   -2.06680785786e-07                  0.0                  0.0               -0.389   -5.557289606265014               -100.0
  2.5                  8.6020600   -3.01209207192e-07                  0.0                  0.0 -0.38399999999999973   -5.550289606265014               -100.0
  2.5                  8.6989700     -4.005441585e-07                  0.0                  0.0  -0.3729999999997705   -5.536289606265014               -100.0
  2.5                  8.7781513   -5.06287816344e-07                  0.0                  0.0   -0.359999999975181   -5.519289606265014               -100.0
  2.5                  8.8450980   -6.13633650822e-07                  0.0                  0.0  -0.3459999992330195   -5.501289606265014               -100.0
  2.5                  8.9030900   -7.11366425496e-07                  0.0                  0.0 -0.33399999054232676   -5.485289606265014               -100.0
  2.5                  8.9542425    -7.6904478432e-07                  0.0                  0.0   -0.322999950021377   -5.471289606265014               -100.0
  2.5                  9.0000000   -7.94679610464e-07                  0.0                  0.0  -0.3139998469673021   -5.459289606265014               -100.0
  2.5                  9.1760913   -8.15507906706e-07                  0.0                  0.0  -0.2839968027049695   -5.421289606265014               -100.0
  2.5                  9.3010300   -8.18712259974e-07                  0.0                  0.0 -0.26198364027001564   -5.390289606265014               -100.0
  2.5                  9.4771213   -8.18712259974e-07                  0.0                  0.0  -0.2078955924015307   -5.319289606265015               -100.0
  2.5                  9.6020600   -8.18712259974e-07                  0.0                  0.0 -0.14768765962185734   -5.244289606265014               -100.0
  2.5                  9.6989700   -8.18712259974e-07                  0.0                  0.0 -0.09032477788724155   -5.174289606265014               -100.0
  2.5                  9.8750613   -8.18712259974e-07                  0.0                  0.0 0.062429790611041175   -4.996289606265014               -100.0
  2.5                 10.0000000   -8.18712259974e-07                  0.0                  0.0   0.2607268753053387   -4.773289606265014               -100.0
  2.5                 10.4771213   -8.18712259974e-07                  0.0                  0.0    2.020165486946622  -2.7532896062650143               -100.0
  2.5                 11.0000000   -8.18712259974e-07                  0.0                  0.0    4.719584106750229   0.5307103937349855               -100.0
  3.0                  7.0000000      3.204353268e-09                  0.0                  0.0                -0.39   -5.559289606265014               -100.0
  3.0                  8.0000000    -2.8839179412e-08                  0.0                  0.0                -0.39   -5.559289606265014               -100.0
  3.0                  8.3010300     -8.811971487e-08                  0.0                  0.0                -0.39   -5.559289606265014               -100.0
  3.0                  8.4771213   -1.58615486766e-07                  0.0                  0.0               -0.389   -5.557289606265014               -100.0
  3.0                  8.6020600   -2.37122141832e-07                  0.0                  0.0  -0.3839999999999999   -5.550289606265014               -100.0
  3.0                  8.6989700     -3.204353268e-07                  0.0                  0.0  -0.3729999999999276   -5.536289606265014               -100.0
  3.0                  8.7781513   -4.10157218304e-07                  0.0                  0.0  -0.3599999999921153   -5.519289606265014               -100.0
  3.0                  8.8450980   -5.03083463076e-07                  0.0                  0.0 -0.34599999975465096   -5.501289606265014               -100.0
  3.0                  8.9030900   -5.99214061116e-07                  0.0                  0.0  -0.3339999966054336   -5.485289606265014               -100.0
  3.0                  8.9542425   -6.85731599352e-07                  0.0                  0.0 -0.32299997448566237   -5.471289606265014               -100.0
  3.0                  9.0000000   -7.46614311444e-07                  0.0                  0.0 -0.31399989265439754   -5.459289606265014               -100.0
  3.0                  9.1760913   -8.10701376804e-07                  0.0                  0.0   -0.283996875484028   -5.421289606265014               -100.0
  3.0                  9.3010300    -8.1711008334e-07                  0.0                  0.0  -0.2619837154347379   -5.390289606265014               -100.0
  3.0                  9.4771213   -8.18712259974e-07                  0.0                  0.0  -0.2078955924015307   -5.319289606265015               -100.0
  3.0                  9.6020600   -8.18712259974e-07                  0.0                  0.0 -0.14768765962185734   -5.244289606265014               -100.0
  3.0                  9.6989700   -8.18712259974e-07                  0.0                  0.0 -0.09032477788724155   -5.174289606265014               -100.0
  3.0                  9.8750613   -8.18712259974e-07                  0.0                  0.0 0.062429790611041175   -4.996289606265014               -100.0
  3.0                 10.0000000   -8.18712259974e-07                  0.0                  0.0   0.2607268753053387   -4.773289606265014               -100.0
  3.0                 10.4771213   -8.18712259974e-07                  0.0                  0.0    2.020165486946622  -2.7532896062650143               -100.0
  3.0                 11.0000000   -8.18712259974e-07                  0.0                  0.0    4.719584106750229   0.5307103937349855               -100.0
  3.5                  7.0000000       8.01088317e-09                  0.0                  0.0                -0.39   -5.559289606265014               -100.0
  3.5                  8.0000000    -1.1215236438e-08                  0.0                  0.0                -0.39   -5.559289606265014               -100.0
  3.5                  8.3010300    -5.4474005556e-08                  0.0                  0.0                -0.39   -5.559289606265014               -100.0
  3.5                  8.4771213   -1.10550187746e-07                  0.0                  0.0               -0.389   -5.557289606265014               -100.0
  3.5                  8.6020600   -1.73035076472e-07                  0.0                  0.0 -0.38399999999999995   -5.550289606265014               -100.0
  3.5                  8.6989700     -2.403264951e-07                  0.0                  0.0 -0.37299999999997724   -5.536289606265014               -100.0
  3.5                  8.7781513   -3.14026620264e-07                  0.0                  0.0  -0.3599999999975181   -5.519289606265014               -100.0
  3.5                  8.8450980    -3.9253327533e-07                  0.0                  0.0  -0.3459999999225922   -5.501289606265014               -100.0
  3.5                  8.9030900    -4.7264210703e-07                  0.0                  0.0 -0.33399999890406623   -5.485289606265014               -100.0
  3.5                  8.9542425   -5.55955291998e-07                  0.0                  0.0 -0.32299999100949045   -5.471289606265014               -100.0
  3.5                  9.0000000   -6.36064123698e-07                  0.0                  0.0 -0.31399995182915247   -5.459289606265014               -100.0
  3.5                  9.1760913   -7.94679610464e-07                  0.0                  0.0  -0.2839971174100377   -5.421289606265014               -100.0
  3.5                  9.3010300   -8.12303553438e-07                  0.0                  0.0  -0.2619840126560803   -5.390289606265014               -100.0
  3.5                  9.4771213    -8.1711008334e-07                  0.0                  0.0 -0.20789583250354768   -5.319289606265015               -100.0
  3.5                  9.6020600    -8.1711008334e-07                  0.0                  0.0  -0.1476883777271285   -5.244289606265014               -100.0
  3.5                  9.6989700   -8.18712259974e-07                  0.0                  0.0 -0.09032477788724155   -5.174289606265014               -100.0
  3.5                  9.8750613   -8.18712259974e-07                  0.0                  0.0 0.062429790611041175   -4.996289606265014               -100.0
  3.5                 10.0000000   -8.18712259974e-07                  0.0                  0.0   0.2607268753053387   -4.773289606265014               -100.0
  3.5                 10.4771213   -8.18712259974e-07                  0.0                  0.0    2.020165486946622  -2.7532896062650143               -100.0
  3.5                 11.0000000   -8.18712259974e-07                  0.0                  0.0    4.719584106750229   0.5307103937349855               -100.0
  4.0                  7.0000000     1.9226119608e-08                  0.0                  0.0                -0.39   -5.559289606265014               -100.0
  4.0                  8.0000000       8.01088317e-09                  0.0                  0.0                -0.39   -5.559289606265014               -100.0
  4.0                  8.3010300    -2.0828296242e-08                  0.0                  0.0                -0.39   -5.559289606265014               -100.0
  4.0                  8.4771213    -6.0882712092e-08                  0.0                  0.0               -0.389   -5.557289606265014               -100.0
  4.0                  8.6020600   -1.07345834478e-07                  0.0                  0.0 -0.38399999999999995   -5.550289606265014               -100.0
  4.0                  8.6989700     -1.602176634e-07                  0.0                  0.0 -0.37299999999999295   -5.536289606265014               -100.0
  4.0                  8.7781513   -2.17896022224e-07                  0.0                  0.0 -0.35999999999922766   -5.519289606265014               -100.0
  4.0                  8.8450980    -2.8038091095e-07                  0.0                  0.0  -0.3459999999758017   -5.501289606265014               -100.0
  4.0                  8.9030900   -3.46070152944e-07                  0.0                  0.0 -0.33399999965582106   -5.485289606265014               -100.0
  4.0                  8.9542425   -4.13361571572e-07                  0.0                  0.0 -0.32299999713724414   -5.471289606265014               -100.0
  4.0                  9.0000000   -4.85459520102e-07                  0.0                  0.0  -0.3139999837525839   -5.459289606265014               -100.0
  4.0                  9.1760913   -7.43409958176e-07                  0.0                  0.0 -0.28399774169195247   -5.421289606265014               -100.0
  4.0                  9.3010300   -7.96281787098e-07                  0.0                  0.0 -0.26198483729345184   -5.390289606265014               -100.0
  4.0                  9.4771213   -8.12303553438e-07                  0.0                  0.0 -0.20789678740342232   -5.319289606265015               -100.0
  4.0                  9.6020600   -8.15507906706e-07                  0.0                  0.0 -0.14768909418198664   -5.244289606265014               -100.0
  4.0                  9.6989700    -8.1711008334e-07                  0.0                  0.0 -0.09032477788724155   -5.174289606265014               -100.0
  4.0                  9.8750613   -8.18712259974e-07                  0.0                  0.0  0.06242421781572976   -4.996289606265014               -100.0
  4.0                 10.0000000   -8.18712259974e-07                  0.0                  0.0  0.26071379012346985   -4.773289606265014               -100.0
  4.0                 10.4771213   -8.18712259974e-07                  0.0                  0.0    2.020165486946622  -2.7532896062650143               -100.0
  4.0                 11.0000000   -8.18712259974e-07                  0.0                  0.0    4.719584106750229   0.5307103937349855               -100.0
  4.5                  7.0000000      4.005441585e-08                  0.0                  0.0                -0.39   -5.559289606265014               -100.0
  4.5                  8.0000000     3.5247885948e-08                  0.0                  0.0                -0.39   -5.559289606265014               -100.0
  4.5                  8.3010300     1.9226119608e-08                  0.0                  0.0                -0.39   -5.559289606265014               -100.0
  4.5                  8.4771213     -6.408706536e-09                  0.0                  0.0               -0.389   -5.557289606265014               -100.0
  4.5                  8.6020600    -3.8452239216e-08                  0.0                  0.0 -0.38399999999999995   -5.550289606265014               -100.0
  4.5                  8.6989700    -7.5302301798e-08                  0.0                  0.0  -0.3729999999999979   -5.536289606265014               -100.0
  4.5                  8.7781513   -1.18561070916e-07                  0.0                  0.0  -0.3599999999997673   -5.519289606265014               -100.0
  4.5                  8.8450980   -1.65024193302e-07                  0.0                  0.0  -0.3459999999926246   -5.501289606265014               -100.0
  4.5                  8.9030900   -2.14691668956e-07                  0.0                  0.0  -0.3339999998943708   -5.485289606265014               -100.0
  4.5                  8.9542425   -2.67563497878e-07                  0.0                  0.0  -0.3229999991153239   -5.471289606265014               -100.0
  4.5                  9.0000000   -3.23639680068e-07                  0.0                  0.0 -0.31399999493261027   -5.459289606265014               -100.0
  4.5                  9.1760913   -6.12031474188e-07                  0.0                  0.0 -0.28399880385531945   -5.421289606265014               -100.0
  4.5                  9.3010300   -7.48216488078e-07                  0.0                  0.0  -0.2619872127275752   -5.390289606265014               -100.0
  4.5                  9.4771213      -8.01088317e-07                  0.0                  0.0 -0.20789983079528668   -5.319289606265015               -100.0
  4.5                  9.6020600   -8.10701376804e-07                  0.0                  0.0 -0.14769194357296722   -5.244289606265014               -100.0
  4.5                  9.6989700   -8.13905730072e-07                  0.0                  0.0  -0.0903278778516478   -5.174289606265014               -100.0
  4.5                  9.8750613    -8.1711008334e-07                  0.0                  0.0  0.06242421781572976   -4.996289606265014               -100.0
  4.5                 10.0000000    -8.1711008334e-07                  0.0                  0.0  0.26071379012346985   -4.773289606265014               -100.0
  4.5                 10.4771213   -8.18712259974e-07                  0.0                  0.0    2.020165486946622  -2.7532896062650143               -100.0
  4.5                 11.0000000   -8.18712259974e-07                  0.0                  0.0    4.719584106750229   0.5307103937349855               -100.0
  5.0                  7.0000000     8.4915361602e-08                  0.0                  0.0               -0.391   -5.559289606265014               -100.0
  5.0                  8.0000000     8.3313184968e-08                  0.0                  0.0               -0.391   -5.559289606265014               -100.0
  5.0                  8.3010300     7.5302301798e-08                  0.0                  0.0               -0.391   -5.559289606265014               -100.0
  5.0                  8.4771213     6.0882712092e-08                  0.0                  0.0                -0.39  -5.5582896062650144               -100.0
  5.0                  8.6020600     4.1656592484e-08                  0.0                  0.0 -0.38399999999999995   -5.550289606265014               -100.0
  5.0                  8.6989700     1.7623942974e-08                  0.0                  0.0  -0.3729999999999995  -5.5372896062650145               -100.0
  5.0                  8.7781513    -1.1215236438e-08                  0.0                  0.0 -0.35999999999993665   -5.519289606265014               -100.0
  5.0                  8.8450980    -4.3258769118e-08                  0.0                  0.0 -0.34599999999792136   -5.502289606265014               -100.0
  5.0                  8.9030900    -7.8506655066e-08                  0.0                  0.0   -0.333999999969466   -5.485289606265014               -100.0
  5.0                  8.9542425   -1.15356717648e-07                  0.0                  0.0  -0.3229999997401131   -5.471289606265014               -100.0
  5.0                  9.0000000   -1.57013310132e-07                  0.0                  0.0  -0.3139999984906696   -5.460289606265014               -100.0
  5.0                  9.1760913   -3.94135451964e-07                  0.0                  0.0  -0.2839995794824737   -5.421289606265014               -100.0
  5.0                  9.3010300   -6.13633650822e-07                  0.0                  0.0  -0.2619921516134091   -5.391289606265014               -100.0
  5.0                  9.4771213   -7.62636077784e-07                  0.0                  0.0 -0.20790864367258288   -5.319289606265015               -100.0
  5.0                  9.6020600    -7.9307743383e-07                  0.0                  0.0 -0.14770171242807012   -5.244289606265014               -100.0
  5.0                  9.6989700   -8.04292670268e-07                  0.0                  0.0 -0.09033709267871921   -5.174289606265014               -100.0
  5.0                  9.8750613   -8.12303553438e-07                  0.0                  0.0  0.06241311043354795   -4.996289606265014               -100.0
  5.0                 10.0000000   -8.15507906706e-07                  0.0                  0.0  0.26071379012346985   -4.773289606265014               -100.0
  5.0                 10.4771213   -8.18712259974e-07                  0.0                  0.0    2.020165486946622  -2.7532896062650143               -100.0
  5.0                 11.0000000   -8.18712259974e-07                  0.0                  0.0    4.719584106750229   0.5307103937349855               -100.0
  5.5                  7.0000000    1.74637253106e-07                  0.0                  0.0               -0.391   -5.560289606265014               -100.0
  5.5                  8.0000000    1.73035076472e-07                  0.0                  0.0               -0.391   -5.560289606265014               -100.0
  5.5                  8.3010300     1.6822854657e-07                  0.0                  0.0               -0.391   -5.560289606265014               -100.0
  5.5                  8.4771213    1.61819840034e-07                  0.0                  0.0                -0.39  -5.5582896062650144               -100.0
  5.5                  8.6020600     1.5220678023e-07                  0.0                  0.0               -0.385   -5.551289606265014               -100.0
  5.5                  8.6989700    1.37787190524e-07                  0.0                  0.0  -0.3739999999999999  -5.5372896062650145               -100.0
  5.5                  8.7781513    1.21765424184e-07                  0.0                  0.0 -0.36099999999998705   -5.520289606265014               -100.0
  5.5                  8.8450980    1.02539304576e-07                  0.0                  0.0 -0.34699999999953246   -5.502289606265014               -100.0
  5.5                  8.9030900       8.01088317e-08                  0.0                  0.0 -0.33399999999265856   -5.486289606265014               -100.0
  5.5                  8.9542425     5.4474005556e-08                  0.0                  0.0  -0.3229999999341153   -5.472289606265014               -100.0
  5.5                  9.0000000     2.7237002778e-08                  0.0                  0.0 -0.31399999960209046   -5.460289606265014               -100.0
  5.5                  9.1760913   -1.40991543792e-07                  0.0                  0.0 -0.28499987561034906   -5.421289606265014               -100.0
  5.5                  9.3010300   -3.46070152944e-07                  0.0                  0.0 -0.26199700233696555   -5.391289606265014               -100.0
  5.5                  9.4771213   -6.44075006868e-07                  0.0                  0.0 -0.20793101577037246   -5.320289606265014               -100.0
  5.5                  9.6020600   -7.38603428274e-07                  0.0                  0.0  -0.1477291998477466   -5.244289606265014               -100.0
  5.5                  9.6989700   -7.72249137588e-07                  0.0                  0.0 -0.09036690668722298   -5.174289606265014               -100.0
  5.5                  9.8750613   -7.99486140366e-07                  0.0                  0.0  0.06238556351240337   -4.996289606265014               -100.0
  5.5                 10.0000000    -8.0909920017e-07                  0.0                  0.0  0.26068770879973235   -4.773289606265014               -100.0
  5.5                 10.4771213    -8.1711008334e-07                  0.0                  0.0    2.020165486946622  -2.7532896062650143               -100.0
  5.5                 11.0000000   -8.18712259974e-07                  0.0                  0.0    4.719584106750229   0.5307103937349855               -100.0
  6.0                  7.0000000     3.4446797631e-07                  0.0                  0.0               -0.392   -5.562289606265014               -100.0
  6.0                  8.0000000    3.42865799676e-07                  0.0                  0.0               -0.392   -5.562289606265014               -100.0
  6.0                  8.3010300    3.39661446408e-07                  0.0                  0.0               -0.392   -5.562289606265014               -100.0
  6.0                  8.4771213     3.3645709314e-07                  0.0                  0.0               -0.391   -5.560289606265014               -100.0
  6.0                  8.6020600    3.30048386604e-07                  0.0                  0.0               -0.386  -5.5532896062650146               -100.0
  6.0                  8.6989700    3.22037503434e-07                  0.0                  0.0               -0.375   -5.539289606265014               -100.0
  6.0                  8.7781513    3.14026620264e-07                  0.0                  0.0  -0.3619999999999987   -5.522289606265014               -100.0
  6.0                  8.8450980    3.02811383826e-07                  0.0                  0.0 -0.34799999999994097   -5.504289606265014               -100.0
  6.0                  8.9030900     2.8839179412e-07                  0.0                  0.0  -0.3349999999988939   -5.488289606265014               -100.0
  6.0                  8.9542425    2.73972204414e-07                  0.0                  0.0  -0.3239999999887077   -5.474289606265014               -100.0
  6.0                  9.0000000    2.57950438074e-07                  0.0                  0.0 -0.31499999992470185   -5.462289606265014               -100.0
  6.0                  9.1760913    1.47400250328e-07                  0.0                  0.0  -0.2849999692543064   -5.423289606265014               -100.0
  6.0                  9.3010300      1.602176634e-09                  0.0                  0.0 -0.26299914535868435   -5.392289606265014               -100.0
  6.0                  9.4771213   -3.39661446408e-07                  0.0                  0.0 -0.20796652137815316   -5.320289606265014               -100.0
  6.0                  9.6020600    -5.6877270507e-07                  0.0                  0.0  -0.1487983104195307   -5.246289606265014               -100.0
  6.0                  9.6989700   -6.71312009646e-07                  0.0                  0.0 -0.09044854693411185   -5.175289606265014               -100.0
  6.0                  9.8750613   -7.59431724516e-07                  0.0                  0.0   0.0613047902418467   -4.996289606265014               -100.0
  6.0                 10.0000000   -7.86668727294e-07                  0.0                  0.0  0.26059735213123253   -4.773289606265014               -100.0
  6.0                 10.4771213   -8.15507906706e-07                  0.0                  0.0    2.020165486946622  -2.7532896062650143               -100.0
  6.0                 11.0000000   -8.18712259974e-07                  0.0                  0.0    4.719584106750229   0.5307103937349855               -100.0
  6.5                  7.0000000    6.45677183502e-07                  0.0                  0.0               -0.395  -5.5662896062650145               -100.0
  6.5                  8.0000000    6.42472830234e-07                  0.0                  0.0               -0.395  -5.5662896062650145               -100.0
  6.5                  8.3010300      6.408706536e-07                  0.0                  0.0               -0.395  -5.5662896062650145               -100.0
  6.5                  8.4771213    6.37666300332e-07                  0.0                  0.0               -0.394   -5.565289606265014               -100.0
  6.5                  8.6020600    6.34461947064e-07                  0.0                  0.0               -0.389   -5.557289606265014               -100.0
  6.5                  8.6989700    6.29655417162e-07                  0.0                  0.0               -0.378   -5.543289606265014               -100.0
  6.5                  8.7781513    6.23246710626e-07                  0.0                  0.0 -0.36499999999999994   -5.526289606265014               -100.0
  6.5                  8.8450980     6.1683800409e-07                  0.0                  0.0  -0.3509999999999977   -5.508289606265014               -100.0
  6.5                  8.9030900     6.0882712092e-07                  0.0                  0.0 -0.33799999999993896   -5.492289606265014               -100.0
  6.5                  8.9542425    5.99214061116e-07                  0.0                  0.0 -0.32699999999917817   -5.478289606265014               -100.0
  6.5                  9.0000000    5.89601001312e-07                  0.0                  0.0  -0.3179999999931643   -5.466289606265014               -100.0
  6.5                  9.1760913     5.2070740605e-07                  0.0                  0.0  -0.2879999948974847   -5.426289606265014               -100.0
  6.5                  9.3010300     4.2457680801e-07                  0.0                  0.0 -0.26499981516499704   -5.395289606265014               -100.0
  6.5                  9.4771213    1.61819840034e-07                  0.0                  0.0  -0.2099899357995244   -5.323289606265014               -100.0
  6.5                  9.6020600   -1.39389367158e-07                  0.0                  0.0  -0.1499058680090344  -5.2472896062650145               -100.0
  6.5                  9.6989700   -3.74909332356e-07                  0.0                  0.0 -0.09163641788842822   -5.176289606265014               -100.0
  6.5                  9.8750613   -6.34461947064e-07                  0.0                  0.0 0.061054738398678234   -4.998289606265014               -100.0
  6.5                 10.0000000   -7.17775132032e-07                  0.0                  0.0   0.2603469741103222   -4.774289606265015               -100.0
  6.5                 10.4771213   -8.07497023536e-07                  0.0                  0.0   2.0196928029166203   -2.754289606265014               -100.0
  6.5                 11.0000000    -8.1711008334e-07                  0.0                  0.0    4.719584106750229   0.5307103937349855               -100.0
  7.0                  7.0000000   1.142351940042e-06                  0.0                  0.0               -0.404   -5.578289606265014               -100.0
  7.0                  8.0000000   1.142351940042e-06                  0.0                  0.0               -0.403   -5.578289606265014               -100.0
  7.0                  8.3010300    1.13754541014e-06                  0.0                  0.0               -0.403   -5.578289606265014               -100.0
  7.0                  8.4771213   1.134341056872e-06                  0.0                  0.0               -0.402   -5.576289606265014               -100.0
  7.0                  8.6020600   1.132738880238e-06                  0.0                  0.0               -0.397   -5.569289606265015               -100.0
  7.0                  8.6989700    1.12953452697e-06                  0.0                  0.0               -0.386   -5.555289606265014               -100.0
  7.0                  8.7781513   1.126330173702e-06                  0.0                  0.0               -0.372  -5.5372896062650145               -100.0
  7.0                  8.8450980     1.1215236438e-06                  0.0                  0.0               -0.358   -5.519289606265014               -100.0
  7.0                  8.9030900   1.115114937264e-06                  0.0                  0.0 -0.34499999999999936   -5.502289606265014               -100.0
  7.0                  8.9542425   1.110308407362e-06                  0.0                  0.0  -0.3339999999999862   -5.488289606265014               -100.0
  7.0                  9.0000000   1.102297524192e-06                  0.0                  0.0  -0.3249999999998318   -5.476289606265015               -100.0
  7.0                  9.1760913   1.059038755074e-06                  0.0                  0.0 -0.29499999961382484   -5.436289606265015               -100.0
  7.0                  9.3010300    9.96553866348e-07                  0.0                  0.0  -0.2719999762980379   -5.405289606265014               -100.0
  7.0                  9.4771213     8.1711008334e-07                  0.0                  0.0  -0.2159979021073454   -5.331289606265014               -100.0
  7.0                  9.6020600     5.7678358824e-07                  0.0                  0.0 -0.15497371117551936   -5.254289606265014               -100.0
  7.0                  9.6989700    3.01209207192e-07                  0.0                  0.0 -0.09585981091057337   -5.182289606265014               -100.0
  7.0                  9.8750613   -2.51541731538e-07                  0.0                  0.0 0.058448970769742314   -5.002289606265014               -100.0
  7.0                 10.0000000   -5.03083463076e-07                  0.0                  0.0  0.25861820452874856   -4.777289606265014               -100.0
  7.0                 10.4771213    -7.8506655066e-07                  0.0                  0.0   2.0182781938808403   -2.755289606265014               -100.0
  7.0                 11.0000000   -8.15507906706e-07                  0.0                  0.0    4.719584106750229   0.5307103937349855               -100.0
  7.5                  7.0000000   1.921009784166e-06                  0.0                  0.0               -0.425   -5.608289606265014               -100.0
  7.5                  8.0000000   1.921009784166e-06                  0.0                  0.0               -0.425   -5.608289606265014               -100.0
  7.5                  8.3010300    1.91460107763e-06                  0.0                  0.0               -0.424   -5.608289606265014               -100.0
  7.5                  8.4771213    1.91460107763e-06                  0.0                  0.0               -0.423  -5.6062896062650145               -100.0
  7.5                  8.6020600   1.912998900996e-06                  0.0                  0.0               -0.418   -5.599289606265014               -100.0
  7.5                  8.6989700   1.909794547728e-06                  0.0                  0.0               -0.407   -5.584289606265014               -100.0
  7.5                  8.7781513   1.908192371094e-06                  0.0                  0.0               -0.393  -5.5662896062650145               -100.0
  7.5                  8.8450980   1.904988017826e-06                  0.0                  0.0               -0.378   -5.547289606265014               -100.0
  7.5                  8.9030900   1.901783664558e-06                  0.0                  0.0               -0.365   -5.530289606265014               -100.0
  7.5                  8.9542425   1.896977134656e-06                  0.0                  0.0               -0.354   -5.515289606265014               -100.0
  7.5                  9.0000000   1.892170604754e-06                  0.0                  0.0 -0.34399999999999936   -5.502289606265014               -100.0
  7.5                  9.1760913   1.863331425342e-06                  0.0                  0.0 -0.31299999999170564   -5.461289606265014               -100.0
  7.5                  9.3010300   1.821674832858e-06                  0.0                  0.0 -0.28899999875610327  -5.4282896062650146               -100.0
  7.5                  9.4771213   1.701511585308e-06                  0.0                  0.0 -0.23099974308812257   -5.351289606265015               -100.0
  7.5                  9.6020600   1.534885215372e-06                  0.0                  0.0  -0.1679952161019109   -5.272289606265014               -100.0
  7.5                  9.6989700   1.323397899684e-06                  0.0                  0.0 -0.10696705664399574   -5.198289606265014               -100.0
  7.5                  9.8750613    6.85731599352e-07                  0.0                  0.0 0.050610209789501315  -5.0132896062650145               -100.0
  7.5                 10.0000000     1.3618501389e-07                  0.0                  0.0  0.25299423809918076  -4.7872896062650145               -100.0
  7.5                 10.4771213    -7.1296860213e-07                  0.0                  0.0   2.0144644626149915  -2.7612896062650143               -100.0
  7.5                 11.0000000    -8.0909920017e-07                  0.0                  0.0    4.718585452348178   0.5307103937349855               -100.0
  8.0                  7.0000000   3.105018316692e-06                  0.0                  0.0                -0.48   -5.681289606265014               -100.0
  8.0                  8.0000000   3.105018316692e-06                  0.0                  0.0                -0.48   -5.682289606265014               -100.0
  8.0                  8.3010300   3.105018316692e-06                  0.0                  0.0                -0.48   -5.682289606265014               -100.0
  8.0                  8.4771213   3.097007433522e-06                  0.0                  0.0               -0.478   -5.679289606265014               -100.0
  8.0                  8.6020600   3.097007433522e-06                  0.0                  0.0               -0.472   -5.671289606265014               -100.0
  8.0                  8.6989700   3.095405256888e-06                  0.0                  0.0                -0.46   -5.655289606265014               -100.0
  8.0                  8.7781513   3.093803080254e-06                  0.0                  0.0               -0.445   -5.635289606265014               -100.0
  8.0                  8.8450980   3.090598726986e-06                  0.0                  0.0 -0.42999999999999994   -5.615289606265014               -100.0
  8.0                  8.9030900   3.088996550352e-06                  0.0                  0.0               -0.416   -5.597289606265014               -100.0
  8.0                  8.9542425   3.085792197084e-06                  0.0                  0.0               -0.403   -5.581289606265014               -100.0
  8.0                  9.0000000   3.082587843816e-06                  0.0                  0.0               -0.393   -5.567289606265014               -100.0
  8.0                  9.1760913   3.063361724208e-06                  0.0                  0.0   -0.358999999999972   -5.522289606265014               -100.0
  8.0                  9.3010300   3.034522544796e-06                  0.0                  0.0  -0.3329999999829869   -5.486289606265014               -100.0
  8.0                  9.4771213   2.952811536462e-06                  0.0                  0.0 -0.26999998629798927   -5.403289606265014               -100.0
  8.0                  9.6020600   2.839056995448e-06                  0.0                  0.0 -0.20199951159054014   -5.318289606265014               -100.0
  8.0                  9.6989700   2.693258921754e-06                  0.0                  0.0  -0.1379951271631041   -5.240289606265014               -100.0
  8.0                  9.8750613   2.199788518482e-06                  0.0                  0.0 0.027150906815907556   -5.046289606265014               -100.0
  8.0                 10.0000000    1.57814398449e-06                  0.0                  0.0   0.2351200158869717   -4.813289606265014               -100.0
  8.0                 10.4771213   -4.82255166834e-07                  0.0                  0.0    2.002778763121608   -2.778289606265014               -100.0
  8.0                 11.0000000   -7.88270903928e-07                  0.0                  0.0    4.718585452348178    0.529710393734986               -100.0
  8.5                  7.0000000   4.873821320628e-06                  0.0                  0.0               -0.617   -5.853289606265014               -100.0
  8.5                  8.0000000   4.873821320628e-06                  0.0                  0.0               -0.617   -5.853289606265014               -100.0
  8.5                  8.3010300   4.873821320628e-06                  0.0                  0.0               -0.617   -5.853289606265014               -100.0
  8.5                  8.4771213   4.873821320628e-06                  0.0                  0.0               -0.615   -5.851289606265015               -100.0
  8.5                  8.6020600    4.86260608419e-06                  0.0                  0.0               -0.607  -5.8402896062650145               -100.0
  8.5                  8.6989700    4.86260608419e-06                  0.0                  0.0               -0.593   -5.821289606265014               -100.0
  8.5                  8.7781513   4.861003907556e-06                  0.0                  0.0               -0.575   -5.797289606265014               -100.0
  8.5                  8.8450980   4.859401730922e-06                  0.0                  0.0               -0.557   -5.774289606265014               -100.0
  8.5                  8.9030900   4.857799554288e-06                  0.0                  0.0                -0.54   -5.752289606265014               -100.0
  8.5                  8.9542425   4.856197377654e-06                  0.0                  0.0               -0.526   -5.734289606265015               -100.0
  8.5                  9.0000000   4.852993024386e-06                  0.0                  0.0               -0.513   -5.718289606265014               -100.0
  8.5                  9.1760913   4.840175611314e-06                  0.0                  0.0               -0.473   -5.665289606265015               -100.0
  8.5                  9.3010300   4.820949491706e-06                  0.0                  0.0 -0.44099999999996614   -5.623289606265014               -100.0
  8.5                  9.4771213   4.764873309516e-06                  0.0                  0.0  -0.3659999997848287   -5.527289606265014               -100.0
  8.5                  9.6020600   4.687968831084e-06                  0.0                  0.0  -0.2889999790210232   -5.431289606265014               -100.0
  8.5                  9.6989700   4.588633879776e-06                  0.0                  0.0  -0.2159996252133404   -5.343289606265014               -100.0
  8.5                  9.8750613   4.244165903466e-06                  0.0                  0.0 -0.034975802404505874   -5.131289606265014               -100.0
  8.5                 10.0000000   3.771523796436e-06                  0.0                  0.0  0.18525861576584698   -4.882289606265014               -100.0
  8.5                 10.4771213    2.37122141832e-07                  0.0                  0.0    1.965389293330346  -2.8302896062650142               -100.0
  8.5                 11.0000000   -7.24183838568e-07                  0.0                  0.0    4.716586801043866   0.5277103937349862               -100.0
  9.0                  7.0000000    7.49017576395e-06                  0.0                  0.0               -0.933   -6.233289606265014               -100.0
  9.0                  8.0000000    7.49017576395e-06                  0.0                  0.0               -0.932   -6.233289606265014               -100.0
  9.0                  8.3010300    7.49017576395e-06                  0.0                  0.0               -0.932   -6.233289606265014               -100.0
  9.0                  8.4771213    7.49017576395e-06                  0.0                  0.0                -0.93  -6.2312896062650145               -100.0
  9.0                  8.6020600    7.49017576395e-06                  0.0                  0.0                -0.92   -6.217289606265014               -100.0
  9.0                  8.6989700    7.49017576395e-06                  0.0                  0.0                 -0.9   -6.192289606265014               -100.0
  9.0                  8.7781513    7.47415399761e-06                  0.0                  0.0               -0.873   -6.158289606265014               -100.0
  9.0                  8.8450980   7.472551820976e-06                  0.0                  0.0               -0.848   -6.127289606265014               -100.0
  9.0                  8.9030900   7.472551820976e-06                  0.0                  0.0               -0.826   -6.099289606265014               -100.0
  9.0                  8.9542425   7.470949644342e-06                  0.0                  0.0               -0.806   -6.076289606265014               -100.0
  9.0                  9.0000000   7.469347467708e-06                  0.0                  0.0                -0.79   -6.055289606265014               -100.0
  9.0                  9.1760913   7.459734407904e-06                  0.0                  0.0               -0.735   -5.987289606265014               -100.0
  9.0                  9.3010300   7.446916994832e-06                  0.0                  0.0                -0.69   -5.932289606265014               -100.0
  9.0                  9.4771213   7.408464755616e-06                  0.0                  0.0  -0.5909999999993893   -5.811289606265015               -100.0
  9.0                  9.6020600   7.355592926694e-06                  0.0                  0.0  -0.4929999997328321   -5.693289606265014               -100.0
  9.0                  9.6989700   7.288301508066e-06                  0.0                  0.0  -0.4049999883912809   -5.588289606265014               -100.0
  9.0                  9.8750613   7.052781542868e-06                  0.0                  0.0 -0.19199768908934053   -5.337289606265014               -100.0
  9.0                 10.0000000   6.724335332898e-06                  0.0                  0.0  0.05504118733740399   -5.056289606265014               -100.0
  9.0                 10.4771213   2.345586592176e-06                  0.0                  0.0   1.8649666206691018  -2.9752896062650143               -100.0
  9.0                 11.0000000   -5.17503052782e-07                  0.0                  0.0    4.709593591238244    0.521710393734986               -100.0
  9.5                  7.0000000  1.1345012745354e-05                  0.0                  0.0               -1.682   -7.164289606265014               -100.0
  9.5                  8.0000000  1.1345012745354e-05                  0.0                  0.0               -1.682   -7.164289606265014               -100.0
  9.5                  8.3010300  1.1345012745354e-05                  0.0                  0.0               -1.682   -7.165289606265015               -100.0
  9.5                  8.4771213  1.1345012745354e-05                  0.0                  0.0               -1.678   -7.159289606265014               -100.0
  9.5                  8.6020600  1.1345012745354e-05                  0.0                  0.0               -1.659   -7.136289606265014               -100.0
  9.5                  8.6989700  1.1345012745354e-05                  0.0                  0.0               -1.624   -7.093289606265015               -100.0
  9.5                  8.7781513  1.1345012745354e-05                  0.0                  0.0               -1.582   -7.044289606265014               -100.0
  9.5                  8.8450980  1.1345012745354e-05                  0.0                  0.0               -1.541   -6.996289606265014               -100.0
  9.5                  8.9030900  1.1320980095844e-05                  0.0                  0.0                 -1.5   -6.947289606265014               -100.0
  9.5                  8.9542425   1.131937791921e-05                  0.0                  0.0               -1.469  -6.9122896062650145               -100.0
  9.5                  9.0000000   1.131937791921e-05                  0.0                  0.0               -1.443   -6.883289606265015               -100.0
  9.5                  9.1760913  1.1312969212674e-05                  0.0                  0.0               -1.357   -6.781289606265014               -100.0
  9.5                  9.3010300   1.130335615287e-05                  0.0                  0.0               -1.287   -6.696289606265014               -100.0
  9.5                  9.4771213  1.1277721326726e-05                  0.0                  0.0  -1.1369999999999998   -6.514289606265014               -100.0
  9.5                  9.6020600  1.1242473440778e-05                  0.0                  0.0   -0.997999999999247   -6.345289606265014               -100.0
  9.5                  9.6989700  1.1196010318392e-05                  0.0                  0.0  -0.8739999998812088   -6.194289606265015               -100.0
  9.5                  9.8750613  1.1034190478358e-05                  0.0                  0.0  -0.5879998773170387   -5.847289606265014               -100.0
  9.5                 10.0000000  1.0809885749598e-05                  0.0                  0.0 -0.27999537851018197   -5.487289606265014               -100.0
  9.5                 10.4771213   6.967866181266e-06                  0.0                  0.0   1.6605197786864152   -3.270289606265014               -100.0
  9.5                 11.0000000    1.32980660622e-07                  0.0                  0.0    4.689613024402975    0.500710393734986               -100.0
 10.0                  7.0000000  1.7013513676446e-05                  0.0                  0.0               -100.0               -100.0               -100.0
 10.0                  8.0000000  1.7013513676446e-05                  0.0                  0.0              -19.254  -26.637289606265014               -100.0
 10.0                  8.3010300  1.7013513676446e-05                  0.0                  0.0              -12.288  -19.369289606265014               -100.0
 10.0                  8.4771213  1.7013513676446e-05                  0.0                  0.0               -9.795  -16.697289606265013               -100.0
 10.0                  8.6020600  1.7013513676446e-05                  0.0                  0.0               -8.488  -15.255289606265015               -100.0
 10.0                  8.6989700  1.7013513676446e-05                  0.0                  0.0               -7.657  -14.311289606265014               -100.0
 10.0                  8.7781513  1.7013513676446e-05                  0.0                  0.0               -7.066  -13.616289606265013               -100.0
 10.0                  8.8450980  1.7013513676446e-05                  0.0                  0.0               -6.608  -13.072289606265015               -100.0
 10.0                  8.9030900  1.7013513676446e-05                  0.0                  0.0               -6.235  -12.630289606265015               -100.0
 10.0                  8.9542425  1.7013513676446e-05                  0.0                  0.0               -5.925  -12.260289606265014               -100.0
 10.0                  9.0000000  1.7013513676446e-05                  0.0                  0.0                -5.66  -11.944289606265015               -100.0
 10.0                  9.1760913  1.6971857083962e-05                  0.0                  0.0               -4.672  -10.767289606265015               -100.0
 10.0                  9.3010300  1.6965448377426e-05                  0.0                  0.0               -4.094  -10.063289606265014               -100.0
 10.0                  9.4771213  1.6949426611086e-05                  0.0                  0.0               -3.335   -9.136289606265015               -100.0
 10.0                  9.6020600  1.6923791784942e-05                  0.0                  0.0  -2.8329999999999984   -8.522289606265014               -100.0
 10.0                  9.6989700  1.6891748252262e-05                  0.0                  0.0   -2.460999999998804   -8.067289606265014               -100.0
 10.0                  9.8750613   1.678280024115e-05                  0.0                  0.0  -1.7779999926076195   -7.244289606265014               -100.0
 10.0                 10.0000000  1.6628991284286e-05                  0.0                  0.0  -1.2259993977400132   -6.597289606265014               -100.0
 10.0                 10.4771213  1.3855623530832e-05                  0.0                  0.0   1.2790851736535278  -3.7492896062650143               -100.0
 10.0                 11.0000000   2.161336279266e-06                  0.0                  0.0    4.626672122148353  0.43771039373498555               -100.0
 10.5                  7.0000000  2.5341627819978e-05                  0.0                  0.0               -100.0               -100.0               -100.0
 10.5                  8.0000000  2.5341627819978e-05                  0.0                  0.0               -100.0               -100.0               -100.0
 10.5                  8.3010300  2.5341627819978e-05                  0.0                  0.0               -100.0               -100.0               -100.0
 10.5                  8.4771213  2.5341627819978e-05                  0.0                  0.0               -100.0               -100.0               -100.0
 10.5                  8.6020600  2.5341627819978e-05                  0.0                  0.0               -100.0               -100.0               -100.0
 10.5                  8.6989700  2.5341627819978e-05                  0.0                  0.0               -100.0               -100.0               -100.0
 10.5                  8.7781513  2.5341627819978e-05                  0.0                  0.0               -100.0               -100.0               -100.0
 10.5                  8.8450980  2.5341627819978e-05                  0.0                  0.0               -100.0               -100.0               -100.0
 10.5                  8.9030900  2.5341627819978e-05                  0.0                  0.0               -100.0               -100.0               -100.0
 10.5                  8.9542425  2.5341627819978e-05                  0.0                  0.0              -34.415  -40.935289606265016               -100.0
 10.5                  9.0000000  2.5341627819978e-05                  0.0                  0.0              -31.073   -37.51728960626502               -100.0
 10.5                  9.1760913  2.5341627819978e-05                  0.0                  0.0              -21.179  -27.399289606265015               -100.0
 10.5                  9.3010300  2.5277540754618e-05                  0.0                  0.0              -16.276  -22.370289606265015               -100.0
 10.5                  9.4771213   2.526632551818e-05                  0.0                  0.0              -11.387  -17.310289606265016               -100.0
 10.5                  9.6020600  2.5248701575206e-05                  0.0                  0.0               -8.852  -14.658289606265013               -100.0
 10.5                  9.6989700  2.5227873278964e-05                  0.0                  0.0   -7.271999999999559  -12.988289606265013               -100.0
 10.5                  9.8750613  2.5152570977166e-05                  0.0                  0.0   -4.982999996345867  -10.541289606265014               -100.0
 10.5                 10.0000000  2.5048429495956e-05                  0.0                  0.0   -3.620999663655645   -9.073289606265014               -100.0
 10.5                 10.4771213  2.3137032771594e-05                  0.0                  0.0   0.5086722073184156   -4.584289606265014               -100.0
 10.5                 11.0000000   8.244800958564e-06                  0.0                  0.0    4.437865668082794  0.24771039373498602               -100.0
 11.0                  7.0000000  3.7569439890666e-05                  0.0                  0.0               -100.0               -100.0               -100.0
 11.0                  8.0000000  3.7569439890666e-05                  0.0                  0.0               -100.0               -100.0               -100.0
 11.0                  8.3010300  3.7569439890666e-05                  0.0                  0.0               -100.0               -100.0               -100.0
 11.0                  8.4771213  3.7569439890666e-05                  0.0                  0.0               -100.0               -100.0               -100.0
 11.0                  8.6020600  3.7569439890666e-05                  0.0                  0.0               -100.0               -100.0               -100.0
 11.0                  8.6989700  3.7569439890666e-05                  0.0                  0.0               -100.0               -100.0               -100.0
 11.0                  8.7781513  3.7569439890666e-05                  0.0                  0.0               -100.0               -100.0               -100.0
 11.0                  8.8450980  3.7569439890666e-05                  0.0                  0.0               -100.0               -100.0               -100.0
 11.0                  8.9030900  3.7569439890666e-05                  0.0                  0.0               -100.0               -100.0               -100.0
 11.0                  8.9542425  3.7569439890666e-05                  0.0                  0.0               -100.0               -100.0               -100.0
 11.0                  9.0000000  3.7569439890666e-05                  0.0                  0.0               -100.0               -100.0               -100.0
 11.0                  9.1760913  3.7569439890666e-05                  0.0                  0.0              -85.914   -90.79828960626502               -100.0
 11.0                  9.3010300  3.7569439890666e-05                  0.0                  0.0               -65.06   -69.93428960626501               -100.0
 11.0                  9.4771213  3.7470104939358e-05                  0.0                  0.0              -24.603  -30.629289606265015               -100.0
 11.0                  9.6020600   3.745888970292e-05                  0.0                  0.0              -18.455  -24.262289606265014               -100.0
 11.0                  9.6989700  3.7444470113214e-05                  0.0                  0.0   -14.95799999999956  -20.673289606265016               -100.0
 11.0                  9.8750613  3.7393200460926e-05                  0.0                  0.0   -10.11599999635427  -15.674289606265013               -100.0
 11.0                 10.0000000  3.7321102512396e-05                  0.0                  0.0   -7.478999665971022  -12.933289606265014               -100.0
 11.0                 10.4771213  3.6015328555686e-05                  0.0                  0.0  -0.8003252244914005   -5.909289606265014               -100.0
 11.0                 11.0000000  2.2412848933026e-05                  0.0                  0.0    3.996306564533792  -0.1962896062650139               -100.0
 11.5                  7.0000000  5.5520226898002e-05                  0.0                  0.0               -100.0               -100.0               -100.0
 11.5                  8.0000000  5.5520226898002e-05                  0.0                  0.0               -100.0               -100.0               -100.0
 11.5                  8.3010300  5.5520226898002e-05                  0.0                  0.0               -100.0               -100.0               -100.0
 11.5                  8.4771213  5.5520226898002e-05                  0.0                  0.0               -100.0               -100.0               -100.0
 11.5                  8.6020600  5.5520226898002e-05                  0.0                  0.0               -100.0               -100.0               -100.0
 11.5                  8.6989700  5.5520226898002e-05                  0.0                  0.0               -100.0               -100.0               -100.0
 11.5                  8.7781513  5.5520226898002e-05                  0.0                  0.0               -100.0               -100.0               -100.0
 11.5                  8.8450980  5.5520226898002e-05                  0.0                  0.0               -100.0               -100.0               -100.0
 11.5                  8.9030900  5.5520226898002e-05                  0.0                  0.0               -100.0               -100.0               -100.0
 11.5                  8.9542425  5.5520226898002e-05                  0.0                  0.0               -100.0               -100.0               -100.0
 11.5                  9.0000000  5.5520226898002e-05                  0.0                  0.0               -100.0               -100.0               -100.0
 11.5                  9.1760913  5.5520226898002e-05                  0.0                  0.0               -100.0               -100.0               -100.0
 11.5                  9.3010300  5.5520226898002e-05                  0.0                  0.0               -100.0               -100.0               -100.0
 11.5                  9.4771213  5.5520226898002e-05                  0.0                  0.0              -62.892   -67.74328960626501               -100.0
 11.5                  9.6020600   5.537122447104e-05                  0.0                  0.0              -47.464   -52.29128960626502               -100.0
 11.5                  9.6989700  5.5361611411236e-05                  0.0                  0.0              -38.223   -43.02828960626501               -100.0
 11.5                  9.8750613  5.5326363525288e-05                  0.0                  0.0  -17.638999996345866  -23.199289606265015               -100.0
 11.5                 10.0000000  5.5278298226268e-05                  0.0                  0.0  -13.127999665201006  -18.581289606265013               -100.0
 11.5                 10.4771213  5.4387488017764e-05                  0.0                  0.0  -2.7244576627800265   -7.834289606265014               -100.0
 11.5                 11.0000000   4.442034717765e-05                  0.0                  0.0    3.305713670002523  -0.8882896062650141               -100.0
