!71cu -> 71zn, beta-decay
!Q=-4.618 MeV
!
!Log(rhoY)            Log(temp)            mu                   dQ                   Vs                   Log(beta-decay-rate) Log(nu-energy-loss)  Log(gamma-energy)   
!Log(g/cm^3)          Log(K)               erg                  erg                  erg                  Log(1/s)             Log(erg/s)           Log(erg/s)          
  1.0                  7.0000000     -4.806529902e-09                  0.0                  0.0               -1.449   -6.842289606265014               -100.0
  1.0                  8.0000000    -9.2926244772e-08                  0.0                  0.0               -1.449   -6.842289606265014               -100.0
  1.0                  8.3010300   -2.14691668956e-07                  0.0                  0.0               -1.449   -6.842289606265014               -100.0
  1.0                  8.4771213   -3.49274506212e-07                  0.0                  0.0               -1.448   -6.842289606265014               -100.0
  1.0                  8.6020600   -4.91868226638e-07                  0.0                  0.0  -1.4469999999999688   -6.841289606265014               -100.0
  1.0                  8.6989700   -6.39268476966e-07                  0.0                  0.0  -1.4439999999705024   -6.838289606265014               -100.0
  1.0                  8.7781513   -7.65840431052e-07                  0.0                  0.0   -1.437999997635255  -6.8322896062650145               -100.0
  1.0                  8.8450980   -8.05894846902e-07                  0.0                  0.0  -1.4289999764612011   -6.822289606265014               -100.0
  1.0                  8.9030900   -8.15507906706e-07                  0.0                  0.0  -1.4159998977215211  -6.8082896062650144               -100.0
  1.0                  8.9542425    -8.1711008334e-07                  0.0                  0.0   -1.399999685381574   -6.792289606265014               -100.0
  1.0                  9.0000000   -8.18712259974e-07                  0.0                  0.0  -1.3809992169600502   -6.772289606265014               -100.0
  1.0                  9.1760913   -8.18712259974e-07                  0.0                  0.0  -1.2599856854679912  -6.6462896062650145               -100.0
  1.0                  9.3010300   -8.18712259974e-07                  0.0                  0.0  -1.1249265912876203   -6.504289606265014               -100.0
  1.0                  9.4771213   -8.18712259974e-07                  0.0                  0.0  -0.8705207692533453   -6.233289606265014               -100.0
  1.0                  9.6020600   -8.18712259974e-07                  0.0                  0.0  -0.6585309060938156   -6.002289606265014               -100.0
  1.0                  9.6989700   -8.18712259974e-07                  0.0                  0.0  -0.4887628358374641   -5.814289606265014               -100.0
  1.0                  9.8750613   -8.18712259974e-07                  0.0                  0.0  -0.1934542583540589   -5.476289606265015               -100.0
  1.0                 10.0000000   -8.18712259974e-07                  0.0                  0.0  0.04861191644963649   -5.182289606265014               -100.0
  1.0                 10.4771213   -8.18712259974e-07                  0.0                  0.0    1.566293918009543   -3.141289606265014               -100.0
  1.0                 11.0000000   -8.18712259974e-07                  0.0                  0.0    4.605033478621847   0.4157103937349861               -100.0
  1.5                  7.0000000     -3.204353268e-09                  0.0                  0.0               -1.449   -6.842289606265014               -100.0
  1.5                  8.0000000    -7.6904478432e-08                  0.0                  0.0               -1.449   -6.842289606265014               -100.0
  1.5                  8.3010300    -1.8425031291e-07                  0.0                  0.0               -1.449   -6.842289606265014               -100.0
  1.5                  8.4771213   -3.01209207192e-07                  0.0                  0.0               -1.448   -6.842289606265014               -100.0
  1.5                  8.6020600   -4.27781161278e-07                  0.0                  0.0  -1.4469999999999903   -6.841289606265014               -100.0
  1.5                  8.6989700   -5.59159645266e-07                  0.0                  0.0   -1.443999999990629   -6.838289606265014               -100.0
  1.5                  8.7781513   -6.92140305888e-07                  0.0                  0.0  -1.4379999990164776  -6.8322896062650145               -100.0
  1.5                  8.8450980   -7.80260020758e-07                  0.0                  0.0   -1.428999982020223   -6.822289606265014               -100.0
  1.5                  8.9030900   -8.05894846902e-07                  0.0                  0.0  -1.4159999052052548  -6.8082896062650144               -100.0
  1.5                  8.9542425   -8.13905730072e-07                  0.0                  0.0  -1.3999996939557964   -6.792289606265014               -100.0
  1.5                  9.0000000   -8.15507906706e-07                  0.0                  0.0  -1.3809992259234265   -6.772289606265014               -100.0
  1.5                  9.1760913   -8.18712259974e-07                  0.0                  0.0  -1.2599856854679912  -6.6462896062650145               -100.0
  1.5                  9.3010300   -8.18712259974e-07                  0.0                  0.0  -1.1249265912876203   -6.504289606265014               -100.0
  1.5                  9.4771213   -8.18712259974e-07                  0.0                  0.0  -0.8705207692533453   -6.233289606265014               -100.0
  1.5                  9.6020600   -8.18712259974e-07                  0.0                  0.0  -0.6585309060938156   -6.002289606265014               -100.0
  1.5                  9.6989700   -8.18712259974e-07                  0.0                  0.0  -0.4887628358374641   -5.814289606265014               -100.0
  1.5                  9.8750613   -8.18712259974e-07                  0.0                  0.0  -0.1934542583540589   -5.476289606265015               -100.0
  1.5                 10.0000000   -8.18712259974e-07                  0.0                  0.0  0.04861191644963649   -5.182289606265014               -100.0
  1.5                 10.4771213   -8.18712259974e-07                  0.0                  0.0    1.566293918009543   -3.141289606265014               -100.0
  1.5                 11.0000000   -8.18712259974e-07                  0.0                  0.0    4.605033478621847   0.4157103937349861               -100.0
  2.0                  7.0000000     -1.602176634e-09                  0.0                  0.0               -1.449   -6.842289606265014               -100.0
  2.0                  8.0000000    -6.0882712092e-08                  0.0                  0.0               -1.449   -6.842289606265014               -100.0
  2.0                  8.3010300    -1.5220678023e-07                  0.0                  0.0               -1.449   -6.842289606265014               -100.0
  2.0                  8.4771213   -2.53143908172e-07                  0.0                  0.0               -1.448   -6.842289606265014               -100.0
  2.0                  8.6020600   -3.63694095918e-07                  0.0                  0.0   -1.446999999999997   -6.841289606265014               -100.0
  2.0                  8.6989700     -4.806529902e-07                  0.0                  0.0  -1.4439999999970365   -6.838289606265014               -100.0
  2.0                  8.7781513    -6.0081623775e-07                  0.0                  0.0  -1.4379999996758215  -6.8322896062650145               -100.0
  2.0                  8.8450980   -7.14570778764e-07                  0.0                  0.0  -1.4289999908634066   -6.822289606265014               -100.0
  2.0                  8.9030900   -7.80260020758e-07                  0.0                  0.0   -1.415999925392193  -6.8082896062650144               -100.0
  2.0                  8.9542425   -8.02690493634e-07                  0.0                  0.0  -1.3999997195960214   -6.792289606265014               -100.0
  2.0                  9.0000000   -8.10701376804e-07                  0.0                  0.0   -1.380999255638437   -6.772289606265014               -100.0
  2.0                  9.1760913   -8.18712259974e-07                  0.0                  0.0  -1.2599857512362127  -6.6462896062650145               -100.0
  2.0                  9.3010300   -8.18712259974e-07                  0.0                  0.0   -1.124926760108738   -6.504289606265014               -100.0
  2.0                  9.4771213   -8.18712259974e-07                  0.0                  0.0  -0.8705207692533453   -6.233289606265014               -100.0
  2.0                  9.6020600   -8.18712259974e-07                  0.0                  0.0  -0.6585309060938156   -6.002289606265014               -100.0
  2.0                  9.6989700   -8.18712259974e-07                  0.0                  0.0  -0.4887628358374641   -5.814289606265014               -100.0
  2.0                  9.8750613   -8.18712259974e-07                  0.0                  0.0  -0.1934542583540589   -5.476289606265015               -100.0
  2.0                 10.0000000   -8.18712259974e-07                  0.0                  0.0  0.04861191644963649   -5.182289606265014               -100.0
  2.0                 10.4771213   -8.18712259974e-07                  0.0                  0.0    1.566293918009543   -3.141289606265014               -100.0
  2.0                 11.0000000   -8.18712259974e-07                  0.0                  0.0    4.605033478621847   0.4157103937349861               -100.0
  2.5                  7.0000000      1.602176634e-09                  0.0                  0.0               -1.449   -6.842289606265014               -100.0
  2.5                  8.0000000    -4.4860945752e-08                  0.0                  0.0               -1.449   -6.842289606265014               -100.0
  2.5                  8.3010300    -1.2016324755e-07                  0.0                  0.0               -1.449   -6.842289606265014               -100.0
  2.5                  8.4771213   -2.06680785786e-07                  0.0                  0.0               -1.448   -6.842289606265014               -100.0
  2.5                  8.6020600   -3.01209207192e-07                  0.0                  0.0   -1.446999999999999   -6.841289606265014               -100.0
  2.5                  8.6989700     -4.005441585e-07                  0.0                  0.0  -1.4439999999990694   -6.838289606265014               -100.0
  2.5                  8.7781513   -5.06287816344e-07                  0.0                  0.0  -1.4379999998970125  -6.8322896062650145               -100.0
  2.5                  8.8450980   -6.13633650822e-07                  0.0                  0.0  -1.4289999967805305   -6.822289606265014               -100.0
  2.5                  8.9030900   -7.11366425496e-07                  0.0                  0.0  -1.4159999599332338  -6.8082896062650144               -100.0
  2.5                  8.9542425    -7.6904478432e-07                  0.0                  0.0  -1.3999997853236492   -6.792289606265014               -100.0
  2.5                  9.0000000   -7.94679610464e-07                  0.0                  0.0  -1.3809993381128032   -6.772289606265014               -100.0
  2.5                  9.1760913   -8.15507906706e-07                  0.0                  0.0  -1.2599858493224145  -6.6462896062650145               -100.0
  2.5                  9.3010300   -8.18712259974e-07                  0.0                  0.0   -1.124926760108738   -6.504289606265014               -100.0
  2.5                  9.4771213   -8.18712259974e-07                  0.0                  0.0  -0.8705207692533453   -6.233289606265014               -100.0
  2.5                  9.6020600   -8.18712259974e-07                  0.0                  0.0  -0.6585309060938156   -6.002289606265014               -100.0
  2.5                  9.6989700   -8.18712259974e-07                  0.0                  0.0  -0.4887628358374641   -5.814289606265014               -100.0
  2.5                  9.8750613   -8.18712259974e-07                  0.0                  0.0  -0.1934542583540589   -5.476289606265015               -100.0
  2.5                 10.0000000   -8.18712259974e-07                  0.0                  0.0  0.04861191644963649   -5.182289606265014               -100.0
  2.5                 10.4771213   -8.18712259974e-07                  0.0                  0.0    1.566293918009543   -3.141289606265014               -100.0
  2.5                 11.0000000   -8.18712259974e-07                  0.0                  0.0    4.605033478621847   0.4157103937349861               -100.0
  3.0                  7.0000000      3.204353268e-09                  0.0                  0.0               -1.449   -6.842289606265014               -100.0
  3.0                  8.0000000    -2.8839179412e-08                  0.0                  0.0               -1.449   -6.842289606265014               -100.0
  3.0                  8.3010300     -8.811971487e-08                  0.0                  0.0               -1.449   -6.842289606265014               -100.0
  3.0                  8.4771213   -1.58615486766e-07                  0.0                  0.0               -1.448   -6.842289606265014               -100.0
  3.0                  8.6020600   -2.37122141832e-07                  0.0                  0.0  -1.4469999999999998   -6.841289606265014               -100.0
  3.0                  8.6989700     -3.204353268e-07                  0.0                  0.0  -1.4439999999997044   -6.838289606265014               -100.0
  3.0                  8.7781513   -4.10157218304e-07                  0.0                  0.0  -1.4379999999674324  -6.8322896062650145               -100.0
  3.0                  8.8450980   -5.03083463076e-07                  0.0                  0.0   -1.428999998977215   -6.822289606265014               -100.0
  3.0                  8.9030900   -5.99214061116e-07                  0.0                  0.0   -1.415999985486094  -6.8082896062650144               -100.0
  3.0                  8.9542425   -6.85731599352e-07                  0.0                  0.0  -1.3999998904066362   -6.792289606265014               -100.0
  3.0                  9.0000000   -7.46614311444e-07                  0.0                  0.0  -1.3809995357156133   -6.772289606265014               -100.0
  3.0                  9.1760913   -8.10701376804e-07                  0.0                  0.0   -1.259986203230366  -6.6462896062650145               -100.0
  3.0                  9.3010300    -8.1711008334e-07                  0.0                  0.0  -1.1249272642463854   -6.504289606265014               -100.0
  3.0                  9.4771213   -8.18712259974e-07                  0.0                  0.0  -0.8705218708469754   -6.233289606265014               -100.0
  3.0                  9.6020600   -8.18712259974e-07                  0.0                  0.0  -0.6585309060938156   -6.002289606265014               -100.0
  3.0                  9.6989700   -8.18712259974e-07                  0.0                  0.0  -0.4887628358374641   -5.814289606265014               -100.0
  3.0                  9.8750613   -8.18712259974e-07                  0.0                  0.0  -0.1934542583540589   -5.476289606265015               -100.0
  3.0                 10.0000000   -8.18712259974e-07                  0.0                  0.0  0.04861191644963649   -5.182289606265014               -100.0
  3.0                 10.4771213   -8.18712259974e-07                  0.0                  0.0    1.566293918009543   -3.141289606265014               -100.0
  3.0                 11.0000000   -8.18712259974e-07                  0.0                  0.0    4.605033478621847   0.4157103937349861               -100.0
  3.5                  7.0000000       8.01088317e-09                  0.0                  0.0               -1.449   -6.842289606265014               -100.0
  3.5                  8.0000000    -1.1215236438e-08                  0.0                  0.0               -1.449   -6.842289606265014               -100.0
  3.5                  8.3010300    -5.4474005556e-08                  0.0                  0.0               -1.449   -6.842289606265014               -100.0
  3.5                  8.4771213   -1.10550187746e-07                  0.0                  0.0               -1.448   -6.842289606265014               -100.0
  3.5                  8.6020600   -1.73035076472e-07                  0.0                  0.0               -1.447   -6.841289606265014               -100.0
  3.5                  8.6989700     -2.403264951e-07                  0.0                  0.0  -1.4439999999999071   -6.838289606265014               -100.0
  3.5                  8.7781513   -3.14026620264e-07                  0.0                  0.0  -1.4379999999897486  -6.8322896062650145               -100.0
  3.5                  8.8450980    -3.9253327533e-07                  0.0                  0.0  -1.4289999996750742   -6.822289606265014               -100.0
  3.5                  8.9030900    -4.7264210703e-07                  0.0                  0.0  -1.4159999953464508   -6.809289606265014               -100.0
  3.5                  8.9542425   -5.55955291998e-07                  0.0                  0.0   -1.399999961559919   -6.792289606265014               -100.0
  3.5                  9.0000000   -6.36064123698e-07                  0.0                  0.0  -1.3809997916544605   -6.772289606265014               -100.0
  3.5                  9.1760913   -7.94679610464e-07                  0.0                  0.0  -1.2599872421370537  -6.6462896062650145               -100.0
  3.5                  9.3010300   -8.12303553438e-07                  0.0                  0.0  -1.1249284271148328   -6.504289606265014               -100.0
  3.5                  9.4771213    -8.1711008334e-07                  0.0                  0.0   -0.870522969909795   -6.234289606265015               -100.0
  3.5                  9.6020600    -8.1711008334e-07                  0.0                  0.0  -0.6585342792207821   -6.002289606265014               -100.0
  3.5                  9.6989700   -8.18712259974e-07                  0.0                  0.0  -0.4887628358374641   -5.814289606265014               -100.0
  3.5                  9.8750613   -8.18712259974e-07                  0.0                  0.0  -0.1934542583540589   -5.476289606265015               -100.0
  3.5                 10.0000000   -8.18712259974e-07                  0.0                  0.0  0.04861191644963649   -5.182289606265014               -100.0
  3.5                 10.4771213   -8.18712259974e-07                  0.0                  0.0    1.566293918009543   -3.141289606265014               -100.0
  3.5                 11.0000000   -8.18712259974e-07                  0.0                  0.0    4.605033478621847   0.4157103937349861               -100.0
  4.0                  7.0000000     1.9226119608e-08                  0.0                  0.0               -1.449   -6.842289606265014               -100.0
  4.0                  8.0000000       8.01088317e-09                  0.0                  0.0               -1.449   -6.843289606265015               -100.0
  4.0                  8.3010300    -2.0828296242e-08                  0.0                  0.0               -1.449   -6.843289606265015               -100.0
  4.0                  8.4771213    -6.0882712092e-08                  0.0                  0.0               -1.448   -6.842289606265014               -100.0
  4.0                  8.6020600   -1.07345834478e-07                  0.0                  0.0               -1.447   -6.841289606265014               -100.0
  4.0                  8.6989700     -1.602176634e-07                  0.0                  0.0   -1.443999999999971   -6.838289606265014               -100.0
  4.0                  8.7781513   -2.17896022224e-07                  0.0                  0.0    -1.43799999999681  -6.8322896062650145               -100.0
  4.0                  8.8450980    -2.8038091095e-07                  0.0                  0.0  -1.4289999998984255   -6.822289606265014               -100.0
  4.0                  8.9030900   -3.46070152944e-07                  0.0                  0.0  -1.4159999985385487   -6.809289606265014               -100.0
  4.0                  8.9542425   -4.13361571572e-07                  0.0                  0.0  -1.3999999877317022   -6.792289606265014               -100.0
  4.0                  9.0000000   -4.85459520102e-07                  0.0                  0.0  -1.3809999297276825   -6.772289606265014               -100.0
  4.0                  9.1760913   -7.43409958176e-07                  0.0                  0.0  -1.2599900280676097  -6.6462896062650145               -100.0
  4.0                  9.3010300   -7.96281787098e-07                  0.0                  0.0  -1.1249322747762933   -6.504289606265014               -100.0
  4.0                  9.4771213   -8.12303553438e-07                  0.0                  0.0  -0.8705273409689284   -6.234289606265015               -100.0
  4.0                  9.6020600   -8.15507906706e-07                  0.0                  0.0  -0.6585376446158805   -6.002289606265014               -100.0
  4.0                  9.6989700    -8.1711008334e-07                  0.0                  0.0  -0.4887702534926427   -5.814289606265014               -100.0
  4.0                  9.8750613   -8.18712259974e-07                  0.0                  0.0  -0.1934542583540589   -5.476289606265015               -100.0
  4.0                 10.0000000   -8.18712259974e-07                  0.0                  0.0  0.04861191644963649   -5.182289606265014               -100.0
  4.0                 10.4771213   -8.18712259974e-07                  0.0                  0.0    1.566293918009543   -3.141289606265014               -100.0
  4.0                 11.0000000   -8.18712259974e-07                  0.0                  0.0    4.605033478621847   0.4157103937349861               -100.0
  4.5                  7.0000000      4.005441585e-08                  0.0                  0.0               -1.449   -6.842289606265014               -100.0
  4.5                  8.0000000     3.5247885948e-08                  0.0                  0.0               -1.449   -6.843289606265015               -100.0
  4.5                  8.3010300     1.9226119608e-08                  0.0                  0.0               -1.449   -6.843289606265015               -100.0
  4.5                  8.4771213     -6.408706536e-09                  0.0                  0.0               -1.449   -6.843289606265015               -100.0
  4.5                  8.6020600    -3.8452239216e-08                  0.0                  0.0               -1.448   -6.842289606265014               -100.0
  4.5                  8.6989700    -7.5302301798e-08                  0.0                  0.0  -1.4439999999999915   -6.838289606265014               -100.0
  4.5                  8.7781513   -1.18561070916e-07                  0.0                  0.0   -1.437999999999039  -6.8322896062650145               -100.0
  4.5                  8.8450980   -1.65024193302e-07                  0.0                  0.0  -1.4289999999690413   -6.822289606265014               -100.0
  4.5                  8.9030900   -2.14691668956e-07                  0.0                  0.0  -1.4159999995514774   -6.809289606265014               -100.0
  4.5                  8.9542425   -2.67563497878e-07                  0.0                  0.0  -1.3999999961999936   -6.792289606265014               -100.0
  4.5                  9.0000000   -3.23639680068e-07                  0.0                  0.0  -1.3809999780828388   -6.772289606265014               -100.0
  4.5                  9.1760913   -6.12031474188e-07                  0.0                  0.0  -1.2599947182034277  -6.6462896062650145               -100.0
  4.5                  9.3010300   -7.48216488078e-07                  0.0                  0.0   -1.124942884267211  -6.5052896062650145               -100.0
  4.5                  9.4771213      -8.01088317e-07                  0.0                  0.0  -0.8705402154235149   -6.234289606265015               -100.0
  4.5                  9.6020600   -8.10701376804e-07                  0.0                  0.0  -0.6585510292302578   -6.002289606265014               -100.0
  4.5                  9.6989700   -8.13905730072e-07                  0.0                  0.0 -0.48878503803974255   -5.814289606265014               -100.0
  4.5                  9.8750613    -8.1711008334e-07                  0.0                  0.0 -0.19348270090702405   -5.476289606265015               -100.0
  4.5                 10.0000000    -8.1711008334e-07                  0.0                  0.0  0.04861191644963649   -5.182289606265014               -100.0
  4.5                 10.4771213   -8.18712259974e-07                  0.0                  0.0    1.566293918009543   -3.141289606265014               -100.0
  4.5                 11.0000000   -8.18712259974e-07                  0.0                  0.0    4.605033478621847   0.4157103937349861               -100.0
  5.0                  7.0000000     8.4915361602e-08                  0.0                  0.0                -1.45   -6.845289606265014               -100.0
  5.0                  8.0000000     8.3313184968e-08                  0.0                  0.0                -1.45   -6.845289606265014               -100.0
  5.0                  8.3010300     7.5302301798e-08                  0.0                  0.0                -1.45   -6.844289606265014               -100.0
  5.0                  8.4771213     6.0882712092e-08                  0.0                  0.0               -1.449   -6.844289606265014               -100.0
  5.0                  8.6020600     4.1656592484e-08                  0.0                  0.0               -1.448   -6.843289606265015               -100.0
  5.0                  8.6989700     1.7623942974e-08                  0.0                  0.0  -1.4449999999999978   -6.839289606265014               -100.0
  5.0                  8.7781513    -1.1215236438e-08                  0.0                  0.0  -1.4389999999997385   -6.833289606265014               -100.0
  5.0                  8.8450980    -4.3258769118e-08                  0.0                  0.0  -1.4289999999912746   -6.823289606265014               -100.0
  5.0                  8.9030900    -7.8506655066e-08                  0.0                  0.0  -1.4169999998703466   -6.810289606265014               -100.0
  5.0                  8.9542425   -1.15356717648e-07                  0.0                  0.0   -1.400999998881118   -6.793289606265014               -100.0
  5.0                  9.0000000   -1.57013310132e-07                  0.0                  0.0  -1.3819999934568885   -6.773289606265014               -100.0
  5.0                  9.1760913   -3.94135451964e-07                  0.0                  0.0  -1.2599981431219485   -6.647289606265014               -100.0
  5.0                  9.3010300   -6.13633650822e-07                  0.0                  0.0  -1.1249649436429934  -6.5052896062650145               -100.0
  5.0                  9.4771213   -7.62636077784e-07                  0.0                  0.0  -0.8715796857277546   -6.234289606265015               -100.0
  5.0                  9.6020600    -7.9307743383e-07                  0.0                  0.0  -0.6585936903181212   -6.003289606265014               -100.0
  5.0                  9.6989700   -8.04292670268e-07                  0.0                  0.0  -0.4888289883269294   -5.814289606265014               -100.0
  5.0                  9.8750613   -8.12303553438e-07                  0.0                  0.0 -0.19351107990037528   -5.476289606265015               -100.0
  5.0                 10.0000000   -8.15507906706e-07                  0.0                  0.0  0.04853965206460663   -5.182289606265014               -100.0
  5.0                 10.4771213   -8.18712259974e-07                  0.0                  0.0    1.566293918009543   -3.141289606265014               -100.0
  5.0                 11.0000000   -8.18712259974e-07                  0.0                  0.0    4.605033478621847   0.4157103937349861               -100.0
  5.5                  7.0000000    1.74637253106e-07                  0.0                  0.0               -1.451   -6.847289606265014               -100.0
  5.5                  8.0000000    1.73035076472e-07                  0.0                  0.0               -1.451   -6.847289606265014               -100.0
  5.5                  8.3010300     1.6822854657e-07                  0.0                  0.0               -1.451   -6.846289606265014               -100.0
  5.5                  8.4771213    1.61819840034e-07                  0.0                  0.0               -1.451   -6.846289606265014               -100.0
  5.5                  8.6020600     1.5220678023e-07                  0.0                  0.0               -1.449   -6.845289606265014               -100.0
  5.5                  8.6989700    1.37787190524e-07                  0.0                  0.0  -1.4459999999999995   -6.842289606265014               -100.0
  5.5                  8.7781513    1.21765424184e-07                  0.0                  0.0  -1.4399999999999467   -6.835289606265015               -100.0
  5.5                  8.8450980    1.02539304576e-07                  0.0                  0.0  -1.4309999999980332   -6.825289606265014               -100.0
  5.5                  8.9030900       8.01088317e-08                  0.0                  0.0  -1.4179999999686828   -6.812289606265014               -100.0
  5.5                  8.9542425     5.4474005556e-08                  0.0                  0.0  -1.4019999997156951  -6.7952896062650145               -100.0
  5.5                  9.0000000     2.7237002778e-08                  0.0                  0.0  -1.3829999982710426   -6.775289606265014               -100.0
  5.5                  9.1760913   -1.40991543792e-07                  0.0                  0.0  -1.2609994507323306   -6.649289606265014               -100.0
  5.5                  9.3010300   -3.46070152944e-07                  0.0                  0.0  -1.1259865792248318   -6.506289606265014               -100.0
  5.5                  9.4771213   -6.44075006868e-07                  0.0                  0.0  -0.8716825863531661   -6.234289606265015               -100.0
  5.5                  9.6020600   -7.38603428274e-07                  0.0                  0.0  -0.6587231328285659   -6.003289606265014               -100.0
  5.5                  9.6989700   -7.72249137588e-07                  0.0                  0.0 -0.48896425314542485   -5.815289606265014               -100.0
  5.5                  9.8750613   -7.99486140366e-07                  0.0                  0.0 -0.19365202628943365   -5.476289606265015               -100.0
  5.5                 10.0000000    -8.0909920017e-07                  0.0                  0.0 0.048395585646484066  -5.1832896062650144               -100.0
  5.5                 10.4771213    -8.1711008334e-07                  0.0                  0.0    1.566293918009543   -3.141289606265014               -100.0
  5.5                 11.0000000   -8.18712259974e-07                  0.0                  0.0    4.605033478621847   0.4157103937349861               -100.0
  6.0                  7.0000000     3.4446797631e-07                  0.0                  0.0               -1.455   -6.852289606265014               -100.0
  6.0                  8.0000000    3.42865799676e-07                  0.0                  0.0               -1.455   -6.853289606265014               -100.0
  6.0                  8.3010300    3.39661446408e-07                  0.0                  0.0               -1.454   -6.853289606265014               -100.0
  6.0                  8.4771213     3.3645709314e-07                  0.0                  0.0               -1.454   -6.852289606265014               -100.0
  6.0                  8.6020600    3.30048386604e-07                  0.0                  0.0               -1.453   -6.851289606265015               -100.0
  6.0                  8.6989700    3.22037503434e-07                  0.0                  0.0                -1.45  -6.8482896062650145               -100.0
  6.0                  8.7781513    3.14026620264e-07                  0.0                  0.0  -1.4439999999999946   -6.841289606265014               -100.0
  6.0                  8.8450980    3.02811383826e-07                  0.0                  0.0  -1.4339999999997506   -6.831289606265014               -100.0
  6.0                  8.9030900     2.8839179412e-07                  0.0                  0.0   -1.420999999995271   -6.818289606265014               -100.0
  6.0                  8.9542425    2.73972204414e-07                  0.0                  0.0  -1.4049999999510465   -6.801289606265014               -100.0
  6.0                  9.0000000    2.57950438074e-07                  0.0                  0.0  -1.3859999996713115   -6.781289606265014               -100.0
  6.0                  9.1760913    1.47400250328e-07                  0.0                  0.0   -1.263999863295049  -6.6542896062650145               -100.0
  6.0                  9.3010300      1.602176634e-09                  0.0                  0.0    -1.12899615600876   -6.511289606265014               -100.0
  6.0                  9.4771213   -3.39661446408e-07                  0.0                  0.0  -0.8738452228232964   -6.238289606265014               -100.0
  6.0                  9.6020600    -5.6877270507e-07                  0.0                  0.0   -0.660050905017648   -6.006289606265014               -100.0
  6.0                  9.6989700   -6.71312009646e-07                  0.0                  0.0 -0.49034870538587266   -5.817289606265014               -100.0
  6.0                  9.8750613   -7.59431724516e-07                  0.0                  0.0 -0.19409259823290104   -5.478289606265014               -100.0
  6.0                 10.0000000   -7.86668727294e-07                  0.0                  0.0  0.04789617610409102   -5.184289606265014               -100.0
  6.0                 10.4771213   -8.15507906706e-07                  0.0                  0.0    1.566293918009543   -3.141289606265014               -100.0
  6.0                 11.0000000   -8.18712259974e-07                  0.0                  0.0    4.605033478621847   0.4157103937349861               -100.0
  6.5                  7.0000000    6.45677183502e-07                  0.0                  0.0               -1.463   -6.868289606265014               -100.0
  6.5                  8.0000000    6.42472830234e-07                  0.0                  0.0               -1.463   -6.868289606265014               -100.0
  6.5                  8.3010300      6.408706536e-07                  0.0                  0.0               -1.463   -6.868289606265014               -100.0
  6.5                  8.4771213    6.37666300332e-07                  0.0                  0.0               -1.463   -6.867289606265014               -100.0
  6.5                  8.6020600    6.34461947064e-07                  0.0                  0.0               -1.462   -6.866289606265014               -100.0
  6.5                  8.6989700    6.29655417162e-07                  0.0                  0.0               -1.459   -6.863289606265014               -100.0
  6.5                  8.7781513    6.23246710626e-07                  0.0                  0.0               -1.452  -6.8562896062650145               -100.0
  6.5                  8.8450980     6.1683800409e-07                  0.0                  0.0  -1.4429999999999903   -6.846289606265014               -100.0
  6.5                  8.9030900     6.0882712092e-07                  0.0                  0.0  -1.4299999999997335   -6.833289606265014               -100.0
  6.5                  8.9542425    5.99214061116e-07                  0.0                  0.0  -1.4139999999963877  -6.8162896062650145               -100.0
  6.5                  9.0000000    5.89601001312e-07                  0.0                  0.0   -1.394999999969885   -6.796289606265014               -100.0
  6.5                  9.1760913     5.2070740605e-07                  0.0                  0.0  -1.2729999769970093   -6.668289606265014               -100.0
  6.5                  9.3010300     4.2457680801e-07                  0.0                  0.0  -1.1359991590234406   -6.524289606265014               -100.0
  6.5                  9.4771213    1.61819840034e-07                  0.0                  0.0  -0.8799530364595934   -6.248289606265014               -100.0
  6.5                  9.6020600   -1.39389367158e-07                  0.0                  0.0  -0.6655527393796794   -6.014289606265014               -100.0
  6.5                  9.6989700   -3.74909332356e-07                  0.0                  0.0  -0.4942424598909752  -5.8242896062650145               -100.0
  6.5                  9.8750613   -6.34461947064e-07                  0.0                  0.0 -0.19734760584786049   -5.484289606265015               -100.0
  6.5                 10.0000000   -7.17775132032e-07                  0.0                  0.0   0.0455777642530996   -5.189289606265014               -100.0
  6.5                 10.4771213   -8.07497023536e-07                  0.0                  0.0   1.5653548963623078   -3.142289606265014               -100.0
  6.5                 11.0000000    -8.1711008334e-07                  0.0                  0.0    4.605033478621847   0.4157103937349861               -100.0
  7.0                  7.0000000   1.142351940042e-06                  0.0                  0.0               -1.487   -6.907289606265015               -100.0
  7.0                  8.0000000   1.142351940042e-06                  0.0                  0.0               -1.488   -6.907289606265015               -100.0
  7.0                  8.3010300    1.13754541014e-06                  0.0                  0.0               -1.487   -6.907289606265015               -100.0
  7.0                  8.4771213   1.134341056872e-06                  0.0                  0.0               -1.487   -6.906289606265014               -100.0
  7.0                  8.6020600   1.132738880238e-06                  0.0                  0.0               -1.485   -6.905289606265014               -100.0
  7.0                  8.6989700    1.12953452697e-06                  0.0                  0.0               -1.482   -6.901289606265014               -100.0
  7.0                  8.7781513   1.126330173702e-06                  0.0                  0.0               -1.476   -6.895289606265014               -100.0
  7.0                  8.8450980     1.1215236438e-06                  0.0                  0.0  -1.4659999999999997   -6.885289606265014               -100.0
  7.0                  8.9030900   1.115114937264e-06                  0.0                  0.0  -1.4529999999999972   -6.871289606265014               -100.0
  7.0                  8.9542425   1.110308407362e-06                  0.0                  0.0   -1.436999999999937   -6.854289606265014               -100.0
  7.0                  9.0000000   1.102297524192e-06                  0.0                  0.0  -1.4179999999992277   -6.834289606265014               -100.0
  7.0                  9.1760913   1.059038755074e-06                  0.0                  0.0   -1.294999998193723   -6.704289606265014               -100.0
  7.0                  9.3010300    9.96553866348e-07                  0.0                  0.0  -1.1569998886258877  -6.5582896062650144               -100.0
  7.0                  9.4771213     8.1711008334e-07                  0.0                  0.0  -0.8979899589462756   -6.277289606265014               -100.0
  7.0                  9.6020600     5.7678358824e-07                  0.0                  0.0  -0.6808724382323108   -6.038289606265014               -100.0
  7.0                  9.6989700    3.01209207192e-07                  0.0                  0.0  -0.5063106503001025   -5.843289606265015               -100.0
  7.0                  9.8750613   -2.51541731538e-07                  0.0                  0.0 -0.20541446834542323   -5.500289606265015               -100.0
  7.0                 10.0000000   -5.03083463076e-07                  0.0                  0.0  0.03869133492974833   -5.204289606265014               -100.0
  7.0                 10.4771213    -7.8506655066e-07                  0.0                  0.0   1.5634160066944338  -3.1442896062650143               -100.0
  7.0                 11.0000000   -8.15507906706e-07                  0.0                  0.0    4.605033478621847   0.4147103937349858               -100.0
  7.5                  7.0000000   1.921009784166e-06                  0.0                  0.0                -1.55   -7.006289606265014               -100.0
  7.5                  8.0000000   1.921009784166e-06                  0.0                  0.0               -1.549   -7.006289606265014               -100.0
  7.5                  8.3010300    1.91460107763e-06                  0.0                  0.0               -1.549  -7.0052896062650145               -100.0
  7.5                  8.4771213    1.91460107763e-06                  0.0                  0.0               -1.549  -7.0052896062650145               -100.0
  7.5                  8.6020600   1.912998900996e-06                  0.0                  0.0               -1.548   -7.003289606265014               -100.0
  7.5                  8.6989700   1.909794547728e-06                  0.0                  0.0               -1.544   -7.000289606265015               -100.0
  7.5                  8.7781513   1.908192371094e-06                  0.0                  0.0               -1.538   -6.993289606265014               -100.0
  7.5                  8.8450980   1.904988017826e-06                  0.0                  0.0               -1.528   -6.983289606265014               -100.0
  7.5                  8.9030900   1.901783664558e-06                  0.0                  0.0               -1.515   -6.968289606265015               -100.0
  7.5                  8.9542425   1.896977134656e-06                  0.0                  0.0               -1.498   -6.951289606265014               -100.0
  7.5                  9.0000000   1.892170604754e-06                  0.0                  0.0  -1.4789999999999972   -6.930289606265014               -100.0
  7.5                  9.1760913   1.863331425342e-06                  0.0                  0.0  -1.3539999999573633   -6.796289606265014               -100.0
  7.5                  9.3010300   1.821674832858e-06                  0.0                  0.0   -1.212999993591088   -6.645289606265014               -100.0
  7.5                  9.4771213   1.701511585308e-06                  0.0                  0.0  -0.9469986671427308   -6.352289606265014               -100.0
  7.5                  9.6020600   1.534885215372e-06                  0.0                  0.0  -0.7229751244968713   -6.101289606265015               -100.0
  7.5                  9.6989700   1.323397899684e-06                  0.0                  0.0  -0.5428287231488442   -5.898289606265014               -100.0
  7.5                  9.8750613    6.85731599352e-07                  0.0                  0.0 -0.23168771941926414   -5.541289606265014               -100.0
  7.5                 10.0000000     1.3618501389e-07                  0.0                  0.0 0.016777281544642822   -5.244289606265014               -100.0
  7.5                 10.4771213    -7.1296860213e-07                  0.0                  0.0   1.5558474969291765  -3.1522896062650143               -100.0
  7.5                 11.0000000    -8.0909920017e-07                  0.0                  0.0    4.605033478621847   0.4147103937349858               -100.0
  8.0                  7.0000000   3.105018316692e-06                  0.0                  0.0                -1.72   -7.261289606265014               -100.0
  8.0                  8.0000000   3.105018316692e-06                  0.0                  0.0                -1.72   -7.260289606265014               -100.0
  8.0                  8.3010300   3.105018316692e-06                  0.0                  0.0                -1.72   -7.260289606265014               -100.0
  8.0                  8.4771213   3.097007433522e-06                  0.0                  0.0               -1.718   -7.258289606265015               -100.0
  8.0                  8.6020600   3.097007433522e-06                  0.0                  0.0               -1.717   -7.256289606265014               -100.0
  8.0                  8.6989700   3.095405256888e-06                  0.0                  0.0               -1.713   -7.252289606265014               -100.0
  8.0                  8.7781513   3.093803080254e-06                  0.0                  0.0               -1.707   -7.244289606265014               -100.0
  8.0                  8.8450980   3.090598726986e-06                  0.0                  0.0               -1.696   -7.233289606265014               -100.0
  8.0                  8.9030900   3.088996550352e-06                  0.0                  0.0               -1.682   -7.218289606265015               -100.0
  8.0                  8.9542425   3.085792197084e-06                  0.0                  0.0               -1.665   -7.198289606265014               -100.0
  8.0                  9.0000000   3.082587843816e-06                  0.0                  0.0               -1.644   -7.176289606265014               -100.0
  8.0                  9.1760913   3.063361724208e-06                  0.0                  0.0  -1.5129999999998134   -7.032289606265015               -100.0
  8.0                  9.3010300   3.034522544796e-06                  0.0                  0.0  -1.3639999998881118   -6.867289606265014               -100.0
  8.0                  9.4771213   2.952811536462e-06                  0.0                  0.0  -1.0799999117358656   -6.544289606265014               -100.0
  8.0                  9.6020600   2.839056995448e-06                  0.0                  0.0  -0.8379969466064446   -6.265289606265014               -100.0
  8.0                  9.6989700   2.693258921754e-06                  0.0                  0.0  -0.6439702306448997   -6.038289606265014               -100.0
  8.0                  9.8750613   2.199788518482e-06                  0.0                  0.0 -0.30608098051255767   -5.644289606265014               -100.0
  8.0                 10.0000000    1.57814398449e-06                  0.0                  0.0 -0.04276957074854613   -5.337289606265014               -100.0
  8.0                 10.4771213   -4.82255166834e-07                  0.0                  0.0   1.5330520842991042   -3.176289606265014               -100.0
  8.0                 11.0000000   -7.88270903928e-07                  0.0                  0.0    4.604033555795059   0.4147103937349858               -100.0
  8.5                  7.0000000   4.873821320628e-06                  0.0                  0.0               -2.238   -7.993289606265014               -100.0
  8.5                  8.0000000   4.873821320628e-06                  0.0                  0.0               -2.238   -7.993289606265014               -100.0
  8.5                  8.3010300   4.873821320628e-06                  0.0                  0.0               -2.238   -7.992289606265015               -100.0
  8.5                  8.4771213   4.873821320628e-06                  0.0                  0.0               -2.237   -7.991289606265014               -100.0
  8.5                  8.6020600    4.86260608419e-06                  0.0                  0.0                -2.23   -7.982289606265014               -100.0
  8.5                  8.6989700    4.86260608419e-06                  0.0                  0.0               -2.226   -7.976289606265015               -100.0
  8.5                  8.7781513   4.861003907556e-06                  0.0                  0.0               -2.217  -7.9652896062650145               -100.0
  8.5                  8.8450980   4.859401730922e-06                  0.0                  0.0               -2.204   -7.950289606265014               -100.0
  8.5                  8.9030900   4.857799554288e-06                  0.0                  0.0               -2.187   -7.929289606265014               -100.0
  8.5                  8.9542425   4.856197377654e-06                  0.0                  0.0               -2.166  -7.9042896062650145               -100.0
  8.5                  9.0000000   4.852993024386e-06                  0.0                  0.0               -2.141   -7.874289606265014               -100.0
  8.5                  9.1760913   4.840175611314e-06                  0.0                  0.0               -1.983   -7.687289606265014               -100.0
  8.5                  9.3010300   4.820949491706e-06                  0.0                  0.0  -1.8029999999995228   -7.470289606265014               -100.0
  8.5                  9.4771213   4.764873309516e-06                  0.0                  0.0  -1.4509999973951406   -7.042289606265014               -100.0
  8.5                  9.6020600   4.687968831084e-06                  0.0                  0.0  -1.1519997788004694  -6.6782896062650146               -100.0
  8.5                  9.6989700   4.588633879776e-06                  0.0                  0.0  -0.9129964454671351   -6.389289606265014               -100.0
  8.5                  9.8750613   4.244165903466e-06                  0.0                  0.0  -0.5027987741852447   -5.897289606265014               -100.0
  8.5                 10.0000000   3.771523796436e-06                  0.0                  0.0 -0.19787810966730024   -5.541289606265014               -100.0
  8.5                 10.4771213    2.37122141832e-07                  0.0                  0.0   1.4629025222637508  -3.2492896062650143               -100.0
  8.5                 11.0000000   -7.24183838568e-07                  0.0                  0.0    4.602033633146161    0.412710393734986               -100.0
  9.0                  7.0000000    7.49017576395e-06                  0.0                  0.0               -100.0               -100.0               -100.0
  9.0                  8.0000000    7.49017576395e-06                  0.0                  0.0              -13.686  -21.065289606265015               -100.0
  9.0                  8.3010300    7.49017576395e-06                  0.0                  0.0               -9.875  -16.919289606265014               -100.0
  9.0                  8.4771213    7.49017576395e-06                  0.0                  0.0               -8.335  -15.203289606265013               -100.0
  9.0                  8.6020600    7.49017576395e-06                  0.0                  0.0               -7.449  -14.197289606265013               -100.0
  9.0                  8.6989700    7.49017576395e-06                  0.0                  0.0               -6.845  -13.499289606265014               -100.0
  9.0                  8.7781513    7.47415399761e-06                  0.0                  0.0               -6.314  -12.884289606265014               -100.0
  9.0                  8.8450980   7.472551820976e-06                  0.0                  0.0               -5.953  -12.451289606265014               -100.0
  9.0                  8.9030900   7.472551820976e-06                  0.0                  0.0               -5.646  -12.077289606265014               -100.0
  9.0                  8.9542425   7.470949644342e-06                  0.0                  0.0               -5.377  -11.748289606265015               -100.0
  9.0                  9.0000000   7.469347467708e-06                  0.0                  0.0               -5.136  -11.452289606265014               -100.0
  9.0                  9.1760913   7.459734407904e-06                  0.0                  0.0               -4.205  -10.314289606265014               -100.0
  9.0                  9.3010300   7.446916994832e-06                  0.0                  0.0   -3.546999999999998   -9.517289606265015               -100.0
  9.0                  9.4771213   7.408464755616e-06                  0.0                  0.0  -2.6509999999300504   -8.443289606265015               -100.0
  9.0                  9.6020600   7.355592926694e-06                  0.0                  0.0   -2.063999985586007   -7.745289606265014               -100.0
  9.0                  9.6989700   7.288301508066e-06                  0.0                  0.0  -1.6529996084528065   -7.258289606265015               -100.0
  9.0                  9.8750613   7.052781542868e-06                  0.0                  0.0  -1.0139566725981204   -6.502289606265014               -100.0
  9.0                 10.0000000   6.724335332898e-06                  0.0                  0.0  -0.5893841480102532   -6.008289606265014               -100.0
  9.0                 10.4771213   2.345586592176e-06                  0.0                  0.0   1.2581836113482239   -3.464289606265014               -100.0
  9.0                 11.0000000   -5.17503052782e-07                  0.0                  0.0    4.596033944337669   0.4057103937349855               -100.0
  9.5                  7.0000000  1.1345012745354e-05                  0.0                  0.0               -100.0               -100.0               -100.0
  9.5                  8.0000000  1.1345012745354e-05                  0.0                  0.0               -100.0               -100.0               -100.0
  9.5                  8.3010300  1.1345012745354e-05                  0.0                  0.0               -100.0               -100.0               -100.0
  9.5                  8.4771213  1.1345012745354e-05                  0.0                  0.0               -100.0               -100.0               -100.0
  9.5                  8.6020600  1.1345012745354e-05                  0.0                  0.0               -100.0               -100.0               -100.0
  9.5                  8.6989700  1.1345012745354e-05                  0.0                  0.0              -30.398   -37.09028960626502               -100.0
  9.5                  8.7781513  1.1345012745354e-05                  0.0                  0.0              -25.602  -32.216289606265015               -100.0
  9.5                  8.8450980  1.1345012745354e-05                  0.0                  0.0              -22.304  -28.856289606265015               -100.0
  9.5                  8.9030900  1.1320980095844e-05                  0.0                  0.0              -19.591  -26.080289606265016               -100.0
  9.5                  8.9542425   1.131937791921e-05                  0.0                  0.0              -17.579  -24.010289606265015               -100.0
  9.5                  9.0000000   1.131937791921e-05                  0.0                  0.0              -15.997  -22.377289606265016               -100.0
  9.5                  9.1760913  1.1312969212674e-05                  0.0                  0.0              -11.121  -17.326289606265014               -100.0
  9.5                  9.3010300   1.130335615287e-05                  0.0                  0.0               -8.562  -14.646289606265015               -100.0
  9.5                  9.4771213  1.1277721326726e-05                  0.0                  0.0  -5.8609999999900735  -11.780289606265015               -100.0
  9.5                  9.6020600  1.1242473440778e-05                  0.0                  0.0   -4.425999997084022  -10.233289606265014               -100.0
  9.5                  9.6989700  1.1196010318392e-05                  0.0                  0.0  -3.5269998981914483   -9.251289606265015               -100.0
  9.5                  9.8750613  1.1034190478358e-05                  0.0                  0.0   -2.255983827534809   -7.841289606265014               -100.0
  9.5                 10.0000000  1.0809885749598e-05                  0.0                  0.0  -1.5167298224771226   -7.015289606265014               -100.0
  9.5                 10.4771213   6.967866181266e-06                  0.0                  0.0   0.8108588890281688   -3.937289606265014               -100.0
  9.5                 11.0000000    1.32980660622e-07                  0.0                  0.0    4.576034815040415   0.3857103937349859               -100.0
 10.0                  7.0000000  1.7013513676446e-05                  0.0                  0.0               -100.0               -100.0               -100.0
 10.0                  8.0000000  1.7013513676446e-05                  0.0                  0.0               -100.0               -100.0               -100.0
 10.0                  8.3010300  1.7013513676446e-05                  0.0                  0.0               -100.0               -100.0               -100.0
 10.0                  8.4771213  1.7013513676446e-05                  0.0                  0.0               -100.0               -100.0               -100.0
 10.0                  8.6020600  1.7013513676446e-05                  0.0                  0.0               -100.0               -100.0               -100.0
 10.0                  8.6989700  1.7013513676446e-05                  0.0                  0.0               -100.0               -100.0               -100.0
 10.0                  8.7781513  1.7013513676446e-05                  0.0                  0.0               -100.0               -100.0               -100.0
 10.0                  8.8450980  1.7013513676446e-05                  0.0                  0.0    -88.7779999999974   -93.81428960626502               -100.0
 10.0                  8.9030900  1.7013513676446e-05                  0.0                  0.0               -78.15   -83.18428960626501               -100.0
 10.0                  8.9542425  1.7013513676446e-05                  0.0                  0.0              -69.865   -74.89728960626502               -100.0
 10.0                  9.0000000  1.7013513676446e-05                  0.0                  0.0              -34.434  -40.880289606265016               -100.0
 10.0                  9.1760913  1.6971857083962e-05                  0.0                  0.0              -22.922  -29.155289606265015               -100.0
 10.0                  9.3010300  1.6965448377426e-05                  0.0                  0.0              -17.381  -23.485289606265017               -100.0
 10.0                  9.4771213  1.6949426611086e-05                  0.0                  0.0   -11.73499999999159  -17.676289606265016               -100.0
 10.0                  9.6020600  1.6923791784942e-05                  0.0                  0.0   -8.829999997489361  -14.659289606265014               -100.0
 10.0                  9.6989700  1.6891748252262e-05                  0.0                  0.0   -7.048999911735866  -12.795289606265014               -100.0
 10.0                  9.8750613   1.678280024115e-05                  0.0                  0.0   -4.600986107597257  -10.209289606265013               -100.0
 10.0                 10.0000000  1.6628991284286e-05                  0.0                  0.0  -3.2717731854561203   -8.795289606265014               -100.0
 10.0                 10.4771213  1.3855623530832e-05                  0.0                  0.0   0.1295375775810167   -4.648289606265014               -100.0
 10.0                 11.0000000   2.161336279266e-06                  0.0                  0.0    4.513037823820971   0.3227103937349861               -100.0
 10.5                  7.0000000  2.5341627819978e-05                  0.0                  0.0               -100.0               -100.0               -100.0
 10.5                  8.0000000  2.5341627819978e-05                  0.0                  0.0               -100.0               -100.0               -100.0
 10.5                  8.3010300  2.5341627819978e-05                  0.0                  0.0               -100.0               -100.0               -100.0
 10.5                  8.4771213  2.5341627819978e-05                  0.0                  0.0               -100.0               -100.0               -100.0
 10.5                  8.6020600  2.5341627819978e-05                  0.0                  0.0               -100.0               -100.0               -100.0
 10.5                  8.6989700  2.5341627819978e-05                  0.0                  0.0               -100.0               -100.0               -100.0
 10.5                  8.7781513  2.5341627819978e-05                  0.0                  0.0               -100.0               -100.0               -100.0
 10.5                  8.8450980  2.5341627819978e-05                  0.0                  0.0               -100.0               -100.0               -100.0
 10.5                  8.9030900  2.5341627819978e-05                  0.0                  0.0               -100.0               -100.0               -100.0
 10.5                  8.9542425  2.5341627819978e-05                  0.0                  0.0               -100.0               -100.0               -100.0
 10.5                  9.0000000  2.5341627819978e-05                  0.0                  0.0   -89.41599999998868   -94.44628960626501               -100.0
 10.5                  9.1760913  2.5341627819978e-05                  0.0                  0.0              -60.602   -65.62128960626501               -100.0
 10.5                  9.3010300  2.5277540754618e-05                  0.0                  0.0   -32.53199999999998  -39.094289606265015               -100.0
 10.5                  9.4771213   2.526632551818e-05                  0.0                  0.0  -20.476999999991175  -26.430289606265017               -100.0
 10.5                  9.6020600  2.5248701575206e-05                  0.0                  0.0  -15.376999997489362  -21.206289606265013               -100.0
 10.5                  9.6989700  2.5227873278964e-05                  0.0                  0.0  -12.292999911735865  -18.039289606265015               -100.0
 10.5                  9.8750613  2.5152570977166e-05                  0.0                  0.0   -8.110986139548388  -13.720289606265014               -100.0
 10.5                 10.0000000  2.5048429495956e-05                  0.0                  0.0   -5.918773706979211  -11.442289606265014               -100.0
 10.5                 10.4771213  2.3137032771594e-05                  0.0                  0.0   -0.827872959705796   -5.618289606265014               -100.0
 10.5                 11.0000000   8.244800958564e-06                  0.0                  0.0    4.324046963540407  0.13171039373498544               -100.0
 11.0                  7.0000000  3.7569439890666e-05                  0.0                  0.0               -100.0               -100.0               -100.0
 11.0                  8.0000000  3.7569439890666e-05                  0.0                  0.0               -100.0               -100.0               -100.0
 11.0                  8.3010300  3.7569439890666e-05                  0.0                  0.0               -100.0               -100.0               -100.0
 11.0                  8.4771213  3.7569439890666e-05                  0.0                  0.0               -100.0               -100.0               -100.0
 11.0                  8.6020600  3.7569439890666e-05                  0.0                  0.0               -100.0               -100.0               -100.0
 11.0                  8.6989700  3.7569439890666e-05                  0.0                  0.0               -100.0               -100.0               -100.0
 11.0                  8.7781513  3.7569439890666e-05                  0.0                  0.0               -100.0               -100.0               -100.0
 11.0                  8.8450980  3.7569439890666e-05                  0.0                  0.0               -100.0               -100.0               -100.0
 11.0                  8.9030900  3.7569439890666e-05                  0.0                  0.0               -100.0               -100.0               -100.0
 11.0                  8.9542425  3.7569439890666e-05                  0.0                  0.0               -100.0               -100.0               -100.0
 11.0                  9.0000000  3.7569439890666e-05                  0.0                  0.0               -100.0               -100.0               -100.0
 11.0                  9.1760913  3.7569439890666e-05                  0.0                  0.0   -86.24399999999999   -91.26328960626502               -100.0
 11.0                  9.3010300  3.7569439890666e-05                  0.0                  0.0              -65.272   -70.27928960626501               -100.0
 11.0                  9.4771213  3.7470104939358e-05                  0.0                  0.0              -43.966   -48.94628960626502               -100.0
 11.0                  9.6020600   3.745888970292e-05                  0.0                  0.0  -27.435999279251163   -33.92128960626501               -100.0
 11.0                  9.6989700  3.7444470113214e-05                  0.0                  0.0   -20.02299990232481  -25.805289606265017               -100.0
 11.0                  9.8750613  3.7393200460926e-05                  0.0                  0.0  -13.244986107597256  -18.853289606265015               -100.0
 11.0                 10.0000000  3.7321102512396e-05                  0.0                  0.0   -9.779773706979212  -15.303289606265013               -100.0
 11.0                 10.4771213  3.6015328555686e-05                  0.0                  0.0  -2.1757058291725695   -6.968289606265015               -100.0
 11.0                 11.0000000  2.2412848933026e-05                  0.0                  0.0     3.88106542618507  -0.3122896062650145               -100.0
 11.5                  7.0000000  5.5520226898002e-05                  0.0                  0.0               -100.0               -100.0               -100.0
 11.5                  8.0000000  5.5520226898002e-05                  0.0                  0.0               -100.0               -100.0               -100.0
 11.5                  8.3010300  5.5520226898002e-05                  0.0                  0.0               -100.0               -100.0               -100.0
 11.5                  8.4771213  5.5520226898002e-05                  0.0                  0.0               -100.0               -100.0               -100.0
 11.5                  8.6020600  5.5520226898002e-05                  0.0                  0.0               -100.0               -100.0               -100.0
 11.5                  8.6989700  5.5520226898002e-05                  0.0                  0.0               -100.0               -100.0               -100.0
 11.5                  8.7781513  5.5520226898002e-05                  0.0                  0.0               -100.0               -100.0               -100.0
 11.5                  8.8450980  5.5520226898002e-05                  0.0                  0.0               -100.0               -100.0               -100.0
 11.5                  8.9030900  5.5520226898002e-05                  0.0                  0.0               -100.0               -100.0               -100.0
 11.5                  8.9542425  5.5520226898002e-05                  0.0                  0.0               -100.0               -100.0               -100.0
 11.5                  9.0000000  5.5520226898002e-05                  0.0                  0.0               -100.0               -100.0               -100.0
 11.5                  9.1760913  5.5520226898002e-05                  0.0                  0.0               -100.0               -100.0               -100.0
 11.5                  9.3010300  5.5520226898002e-05                  0.0                  0.0               -100.0               -100.0               -100.0
 11.5                  9.4771213  5.5520226898002e-05                  0.0                  0.0              -62.894   -67.87428960626501               -100.0
 11.5                  9.6020600   5.537122447104e-05                  0.0                  0.0              -47.304   -52.25728960626502               -100.0
 11.5                  9.6989700  5.5361611411236e-05                  0.0                  0.0              -37.943  -42.871289606265016               -100.0
 11.5                  9.8750613  5.5326363525288e-05                  0.0                  0.0  -21.244958239717207  -27.044289606265014               -100.0
 11.5                 10.0000000  5.5278298226268e-05                  0.0                  0.0  -15.427774227303457  -20.951289606265014               -100.0
 11.5                 10.4771213  5.4387488017764e-05                  0.0                  0.0   -4.102432887752203   -8.894289606265014               -100.0
 11.5                 11.0000000   4.442034717765e-05                  0.0                  0.0   3.1900797525236277  -1.0032896062650143               -100.0
