!78as -> 78se, beta-decay
!Q=-4.209 MeV
!
!Log(rhoY)            Log(temp)            mu                   dQ                   Vs                   Log(beta-decay-rate) Log(nu-energy-loss)  Log(gamma-energy)   
!Log(g/cm^3)          Log(K)               erg                  erg                  erg                  Log(1/s)             Log(erg/s)           Log(erg/s)          
  1.0                  7.0000000     -4.806529902e-09                  0.0                  0.0               -3.895   -9.520289606265015               -100.0
  1.0                  8.0000000    -9.2926244772e-08                  0.0                  0.0               -3.895   -9.520289606265015               -100.0
  1.0                  8.3010300   -2.14691668956e-07                  0.0                  0.0               -3.895   -9.520289606265015               -100.0
  1.0                  8.4771213   -3.49274506212e-07                  0.0                  0.0               -3.875   -9.489289606265014               -100.0
  1.0                  8.6020600   -4.91868226638e-07                  0.0                  0.0  -3.7529999999996058   -9.313289606265014               -100.0
  1.0                  8.6989700   -6.39268476966e-07                  0.0                  0.0    -3.50199999976677   -9.004289606265015               -100.0
  1.0                  8.7781513   -7.65840431052e-07                  0.0                  0.0  -3.2229999882297875   -8.696289606265013               -100.0
  1.0                  8.8450980   -8.05894846902e-07                  0.0                  0.0   -2.978999915319333   -8.441289606265014               -100.0
  1.0                  8.9030900   -8.15507906706e-07                  0.0                  0.0   -2.777999699541731   -8.235289606265015               -100.0
  1.0                  8.9542425    -8.1711008334e-07                  0.0                  0.0   -2.613999181942365   -8.070289606265014               -100.0
  1.0                  9.0000000   -8.18712259974e-07                  0.0                  0.0  -2.4799981086000833   -7.936289606265015               -100.0
  1.0                  9.1760913   -8.18712259974e-07                  0.0                  0.0  -2.0709685392855546   -7.524289606265015               -100.0
  1.0                  9.3010300   -8.18712259974e-07                  0.0                  0.0  -1.8678386742674116   -7.317289606265014               -100.0
  1.0                  9.4771213   -8.18712259974e-07                  0.0                  0.0  -1.6678978692251776   -7.103289606265014               -100.0
  1.0                  9.6020600   -8.18712259974e-07                  0.0                  0.0  -1.5793528012051405   -6.999289606265014               -100.0
  1.0                  9.6989700   -8.18712259974e-07                  0.0                  0.0  -1.5381417555509849  -6.9412896062650145               -100.0
  1.0                  9.8750613   -8.18712259974e-07                  0.0                  0.0  -1.4442131967223688   -6.783289606265014               -100.0
  1.0                 10.0000000   -8.18712259974e-07                  0.0                  0.0  -1.2012639605793243   -6.440289606265014               -100.0
  1.0                 10.4771213   -8.18712259974e-07                  0.0                  0.0   1.4062407227271212   -3.292289606265014               -100.0
  1.0                 11.0000000   -8.18712259974e-07                  0.0                  0.0     4.49103906292679  0.29571039373498603               -100.0
  1.5                  7.0000000     -3.204353268e-09                  0.0                  0.0               -3.895   -9.520289606265015               -100.0
  1.5                  8.0000000    -7.6904478432e-08                  0.0                  0.0               -3.895   -9.520289606265015               -100.0
  1.5                  8.3010300    -1.8425031291e-07                  0.0                  0.0               -3.895   -9.520289606265015               -100.0
  1.5                  8.4771213   -3.01209207192e-07                  0.0                  0.0               -3.875   -9.489289606265014               -100.0
  1.5                  8.6020600   -4.27781161278e-07                  0.0                  0.0  -3.7529999999998753   -9.313289606265014               -100.0
  1.5                  8.6989700   -5.59159645266e-07                  0.0                  0.0  -3.5019999999259057   -9.004289606265015               -100.0
  1.5                  8.7781513   -6.92140305888e-07                  0.0                  0.0  -3.2229999951046437   -8.696289606265013               -100.0
  1.5                  8.8450980   -7.80260020758e-07                  0.0                  0.0   -2.978999935317875   -8.441289606265014               -100.0
  1.5                  8.9030900   -8.05894846902e-07                  0.0                  0.0  -2.7779997215263084   -8.235289606265015               -100.0
  1.5                  8.9542425   -8.13905730072e-07                  0.0                  0.0   -2.613999204236686   -8.070289606265014               -100.0
  1.5                  9.0000000   -8.15507906706e-07                  0.0                  0.0  -2.4799981302507126   -7.936289606265015               -100.0
  1.5                  9.1760913   -8.18712259974e-07                  0.0                  0.0   -2.070968611640575   -7.524289606265015               -100.0
  1.5                  9.3010300   -8.18712259974e-07                  0.0                  0.0  -1.8678386742674116   -7.317289606265014               -100.0
  1.5                  9.4771213   -8.18712259974e-07                  0.0                  0.0  -1.6678978692251776   -7.103289606265014               -100.0
  1.5                  9.6020600   -8.18712259974e-07                  0.0                  0.0  -1.5793528012051405   -6.999289606265014               -100.0
  1.5                  9.6989700   -8.18712259974e-07                  0.0                  0.0  -1.5381417555509849  -6.9412896062650145               -100.0
  1.5                  9.8750613   -8.18712259974e-07                  0.0                  0.0  -1.4442131967223688   -6.783289606265014               -100.0
  1.5                 10.0000000   -8.18712259974e-07                  0.0                  0.0  -1.2012639605793243   -6.440289606265014               -100.0
  1.5                 10.4771213   -8.18712259974e-07                  0.0                  0.0   1.4062407227271212   -3.292289606265014               -100.0
  1.5                 11.0000000   -8.18712259974e-07                  0.0                  0.0     4.49103906292679  0.29571039373498603               -100.0
  2.0                  7.0000000     -1.602176634e-09                  0.0                  0.0               -3.895   -9.520289606265015               -100.0
  2.0                  8.0000000    -6.0882712092e-08                  0.0                  0.0               -3.895   -9.520289606265015               -100.0
  2.0                  8.3010300    -1.5220678023e-07                  0.0                  0.0               -3.895   -9.520289606265015               -100.0
  2.0                  8.4771213   -2.53143908172e-07                  0.0                  0.0               -3.875   -9.489289606265014               -100.0
  2.0                  8.6020600   -3.63694095918e-07                  0.0                  0.0  -3.7529999999999606   -9.313289606265014               -100.0
  2.0                  8.6989700     -4.806529902e-07                  0.0                  0.0  -3.5019999999767304   -9.004289606265015               -100.0
  2.0                  8.7781513    -6.0081623775e-07                  0.0                  0.0  -3.2229999983827233   -8.696289606265013               -100.0
  2.0                  8.8450980   -7.14570778764e-07                  0.0                  0.0   -2.978999967131166   -8.441289606265014               -100.0
  2.0                  8.9030900   -7.80260020758e-07                  0.0                  0.0  -2.7779997808284387   -8.235289606265015               -100.0
  2.0                  8.9542425   -8.02690493634e-07                  0.0                  0.0   -2.613999270905291   -8.070289606265014               -100.0
  2.0                  9.0000000   -8.10701376804e-07                  0.0                  0.0  -2.4799981978812293   -7.936289606265015               -100.0
  2.0                  9.1760913   -8.18712259974e-07                  0.0                  0.0   -2.070968683829196   -7.524289606265015               -100.0
  2.0                  9.3010300   -8.18712259974e-07                  0.0                  0.0  -1.8678386742674116   -7.317289606265014               -100.0
  2.0                  9.4771213   -8.18712259974e-07                  0.0                  0.0  -1.6678978692251776   -7.103289606265014               -100.0
  2.0                  9.6020600   -8.18712259974e-07                  0.0                  0.0  -1.5793528012051405   -6.999289606265014               -100.0
  2.0                  9.6989700   -8.18712259974e-07                  0.0                  0.0  -1.5381417555509849  -6.9412896062650145               -100.0
  2.0                  9.8750613   -8.18712259974e-07                  0.0                  0.0  -1.4442131967223688   -6.783289606265014               -100.0
  2.0                 10.0000000   -8.18712259974e-07                  0.0                  0.0  -1.2012639605793243   -6.440289606265014               -100.0
  2.0                 10.4771213   -8.18712259974e-07                  0.0                  0.0   1.4062407227271212   -3.292289606265014               -100.0
  2.0                 11.0000000   -8.18712259974e-07                  0.0                  0.0     4.49103906292679  0.29571039373498603               -100.0
  2.5                  7.0000000      1.602176634e-09                  0.0                  0.0               -3.895   -9.520289606265015               -100.0
  2.5                  8.0000000    -4.4860945752e-08                  0.0                  0.0               -3.895   -9.520289606265015               -100.0
  2.5                  8.3010300    -1.2016324755e-07                  0.0                  0.0               -3.895   -9.520289606265015               -100.0
  2.5                  8.4771213   -2.06680785786e-07                  0.0                  0.0               -3.875   -9.489289606265014               -100.0
  2.5                  8.6020600   -3.01209207192e-07                  0.0                  0.0  -3.7529999999999877   -9.313289606265014               -100.0
  2.5                  8.6989700     -4.005441585e-07                  0.0                  0.0    -3.50199999999259   -9.004289606265015               -100.0
  2.5                  8.7781513   -5.06287816344e-07                  0.0                  0.0  -3.2229999994862113   -8.696289606265013               -100.0
  2.5                  8.8450980   -6.13633650822e-07                  0.0                  0.0  -2.9789999884711946   -8.441289606265014               -100.0
  2.5                  8.9030900   -7.11366425496e-07                  0.0                  0.0   -2.777999882297889   -8.235289606265015               -100.0
  2.5                  8.9542425    -7.6904478432e-07                  0.0                  0.0  -2.6139994418074544   -8.070289606265014               -100.0
  2.5                  9.0000000   -7.94679610464e-07                  0.0                  0.0   -2.479998401239124   -7.936289606265015               -100.0
  2.5                  9.1760913   -8.15507906706e-07                  0.0                  0.0   -2.070968899400481   -7.524289606265015               -100.0
  2.5                  9.3010300   -8.18712259974e-07                  0.0                  0.0   -1.867839045237553   -7.317289606265014               -100.0
  2.5                  9.4771213   -8.18712259974e-07                  0.0                  0.0  -1.6678978692251776   -7.103289606265014               -100.0
  2.5                  9.6020600   -8.18712259974e-07                  0.0                  0.0  -1.5793528012051405   -6.999289606265014               -100.0
  2.5                  9.6989700   -8.18712259974e-07                  0.0                  0.0  -1.5381417555509849  -6.9412896062650145               -100.0
  2.5                  9.8750613   -8.18712259974e-07                  0.0                  0.0  -1.4442131967223688   -6.783289606265014               -100.0
  2.5                 10.0000000   -8.18712259974e-07                  0.0                  0.0  -1.2012639605793243   -6.440289606265014               -100.0
  2.5                 10.4771213   -8.18712259974e-07                  0.0                  0.0   1.4062407227271212   -3.292289606265014               -100.0
  2.5                 11.0000000   -8.18712259974e-07                  0.0                  0.0     4.49103906292679  0.29571039373498603               -100.0
  3.0                  7.0000000      3.204353268e-09                  0.0                  0.0               -3.895   -9.520289606265015               -100.0
  3.0                  8.0000000    -2.8839179412e-08                  0.0                  0.0               -3.895   -9.521289606265015               -100.0
  3.0                  8.3010300     -8.811971487e-08                  0.0                  0.0               -3.895   -9.520289606265015               -100.0
  3.0                  8.4771213   -1.58615486766e-07                  0.0                  0.0               -3.875   -9.489289606265014               -100.0
  3.0                  8.6020600   -2.37122141832e-07                  0.0                  0.0   -3.752999999999996   -9.313289606265014               -100.0
  3.0                  8.6989700     -3.204353268e-07                  0.0                  0.0   -3.501999999997662   -9.004289606265015               -100.0
  3.0                  8.7781513   -4.10157218304e-07                  0.0                  0.0  -3.2229999998378993   -8.696289606265013               -100.0
  3.0                  8.8450980   -5.03083463076e-07                  0.0                  0.0  -2.9789999962950335   -8.441289606265014               -100.0
  3.0                  8.9030900   -5.99214061116e-07                  0.0                  0.0  -2.7779999574612924   -8.236289606265014               -100.0
  3.0                  8.9542425   -6.85731599352e-07                  0.0                  0.0   -2.613999717001476   -8.070289606265014               -100.0
  3.0                  9.0000000   -7.46614311444e-07                  0.0                  0.0    -2.47999888369273   -7.936289606265015               -100.0
  3.0                  9.1760913   -8.10701376804e-07                  0.0                  0.0   -2.070969677210588   -7.524289606265015               -100.0
  3.0                  9.3010300    -8.1711008334e-07                  0.0                  0.0  -1.8678397846211208   -7.317289606265014               -100.0
  3.0                  9.4771213   -8.18712259974e-07                  0.0                  0.0  -1.6678978692251776   -7.104289606265014               -100.0
  3.0                  9.6020600   -8.18712259974e-07                  0.0                  0.0  -1.5793528012051405   -6.999289606265014               -100.0
  3.0                  9.6989700   -8.18712259974e-07                  0.0                  0.0  -1.5381417555509849  -6.9412896062650145               -100.0
  3.0                  9.8750613   -8.18712259974e-07                  0.0                  0.0  -1.4442131967223688   -6.783289606265014               -100.0
  3.0                 10.0000000   -8.18712259974e-07                  0.0                  0.0  -1.2012639605793243   -6.440289606265014               -100.0
  3.0                 10.4771213   -8.18712259974e-07                  0.0                  0.0   1.4062407227271212   -3.292289606265014               -100.0
  3.0                 11.0000000   -8.18712259974e-07                  0.0                  0.0     4.49103906292679  0.29571039373498603               -100.0
  3.5                  7.0000000       8.01088317e-09                  0.0                  0.0               -3.896   -9.521289606265015               -100.0
  3.5                  8.0000000    -1.1215236438e-08                  0.0                  0.0               -3.895   -9.521289606265015               -100.0
  3.5                  8.3010300    -5.4474005556e-08                  0.0                  0.0               -3.895   -9.520289606265015               -100.0
  3.5                  8.4771213   -1.10550187746e-07                  0.0                  0.0               -3.876   -9.489289606265014               -100.0
  3.5                  8.6020600   -1.73035076472e-07                  0.0                  0.0   -3.752999999999999   -9.313289606265014               -100.0
  3.5                  8.6989700     -2.403264951e-07                  0.0                  0.0  -3.5019999999992657   -9.004289606265015               -100.0
  3.5                  8.7781513   -3.14026620264e-07                  0.0                  0.0  -3.2229999999489745   -8.696289606265013               -100.0
  3.5                  8.8450980    -3.9253327533e-07                  0.0                  0.0  -2.9789999988310814   -8.441289606265014               -100.0
  3.5                  8.9030900    -4.7264210703e-07                  0.0                  0.0   -2.777999986329503   -8.236289606265014               -100.0
  3.5                  8.9542425   -5.55955291998e-07                  0.0                  0.0  -2.6139998995883134   -8.070289606265014               -100.0
  3.5                  9.0000000   -6.36064123698e-07                  0.0                  0.0  -2.4799994944267834   -7.936289606265015               -100.0
  3.5                  9.1760913   -7.94679610464e-07                  0.0                  0.0   -2.070971960498293   -7.524289606265015               -100.0
  3.5                  9.3010300   -8.12303553438e-07                  0.0                  0.0  -1.8678427083518592   -7.317289606265014               -100.0
  3.5                  9.4771213    -8.1711008334e-07                  0.0                  0.0   -1.667902926665623   -7.104289606265014               -100.0
  3.5                  9.6020600    -8.1711008334e-07                  0.0                  0.0  -1.5793528012051405   -6.999289606265014               -100.0
  3.5                  9.6989700   -8.18712259974e-07                  0.0                  0.0  -1.5381417555509849  -6.9412896062650145               -100.0
  3.5                  9.8750613   -8.18712259974e-07                  0.0                  0.0  -1.4442131967223688   -6.783289606265014               -100.0
  3.5                 10.0000000   -8.18712259974e-07                  0.0                  0.0  -1.2012639605793243   -6.440289606265014               -100.0
  3.5                 10.4771213   -8.18712259974e-07                  0.0                  0.0   1.4062407227271212   -3.292289606265014               -100.0
  3.5                 11.0000000   -8.18712259974e-07                  0.0                  0.0     4.49103906292679  0.29571039373498603               -100.0
  4.0                  7.0000000     1.9226119608e-08                  0.0                  0.0               -3.897   -9.522289606265014               -100.0
  4.0                  8.0000000       8.01088317e-09                  0.0                  0.0               -3.897   -9.522289606265014               -100.0
  4.0                  8.3010300    -2.0828296242e-08                  0.0                  0.0               -3.896   -9.521289606265015               -100.0
  4.0                  8.4771213    -6.0882712092e-08                  0.0                  0.0               -3.876   -9.490289606265014               -100.0
  4.0                  8.6020600   -1.07345834478e-07                  0.0                  0.0  -3.7529999999999997   -9.313289606265014               -100.0
  4.0                  8.6989700     -1.602176634e-07                  0.0                  0.0   -3.501999999999773   -9.004289606265015               -100.0
  4.0                  8.7781513   -2.17896022224e-07                  0.0                  0.0  -3.2229999999840855   -8.696289606265013               -100.0
  4.0                  8.8450980    -2.8038091095e-07                  0.0                  0.0  -2.9789999996345866   -8.441289606265014               -100.0
  4.0                  8.9030900   -3.46070152944e-07                  0.0                  0.0  -2.7779999957067685   -8.236289606265014               -100.0
  4.0                  8.9542425   -4.13361571572e-07                  0.0                  0.0   -2.613999968100469   -8.070289606265014               -100.0
  4.0                  9.0000000   -4.85459520102e-07                  0.0                  0.0  -2.4799998302599886   -7.936289606265015               -100.0
  4.0                  9.1760913   -7.43409958176e-07                  0.0                  0.0  -2.0709780833913425   -7.524289606265015               -100.0
  4.0                  9.3010300   -7.96281787098e-07                  0.0                  0.0  -1.8678508203034814   -7.317289606265014               -100.0
  4.0                  9.4771213   -8.12303553438e-07                  0.0                  0.0    -1.66791297211746   -7.104289606265014               -100.0
  4.0                  9.6020600   -8.15507906706e-07                  0.0                  0.0  -1.5793694887145795   -6.999289606265014               -100.0
  4.0                  9.6989700    -8.1711008334e-07                  0.0                  0.0  -1.5381619230449288  -6.9412896062650145               -100.0
  4.0                  9.8750613   -8.18712259974e-07                  0.0                  0.0  -1.4443006461591303   -6.783289606265014               -100.0
  4.0                 10.0000000   -8.18712259974e-07                  0.0                  0.0  -1.2012639605793243   -6.440289606265014               -100.0
  4.0                 10.4771213   -8.18712259974e-07                  0.0                  0.0   1.4062407227271212   -3.292289606265014               -100.0
  4.0                 11.0000000   -8.18712259974e-07                  0.0                  0.0     4.49103906292679  0.29571039373498603               -100.0
  4.5                  7.0000000      4.005441585e-08                  0.0                  0.0                 -3.9   -9.525289606265014               -100.0
  4.5                  8.0000000     3.5247885948e-08                  0.0                  0.0               -3.899   -9.525289606265014               -100.0
  4.5                  8.3010300     1.9226119608e-08                  0.0                  0.0               -3.898   -9.523289606265015               -100.0
  4.5                  8.4771213     -6.408706536e-09                  0.0                  0.0               -3.878   -9.492289606265015               -100.0
  4.5                  8.6020600    -3.8452239216e-08                  0.0                  0.0               -3.755   -9.315289606265015               -100.0
  4.5                  8.6989700    -7.5302301798e-08                  0.0                  0.0   -3.502999999999933   -9.005289606265015               -100.0
  4.5                  8.7781513   -1.18561070916e-07                  0.0                  0.0  -3.2239999999952054   -8.697289606265015               -100.0
  4.5                  8.8450980   -1.65024193302e-07                  0.0                  0.0   -2.978999999888626   -8.441289606265014               -100.0
  4.5                  8.9030900   -2.14691668956e-07                  0.0                  0.0   -2.777999998682398   -8.236289606265014               -100.0
  4.5                  8.9542425   -2.67563497878e-07                  0.0                  0.0  -2.6149999901193777   -8.071289606265013               -100.0
  4.5                  9.0000000   -3.23639680068e-07                  0.0                  0.0   -2.480999946815597   -7.936289606265015               -100.0
  4.5                  9.1760913   -6.12031474188e-07                  0.0                  0.0  -2.0709883914358147   -7.525289606265014               -100.0
  4.5                  9.3010300   -7.48216488078e-07                  0.0                  0.0   -1.867874477509207   -7.317289606265014               -100.0
  4.5                  9.4771213      -8.01088317e-07                  0.0                  0.0   -1.667942560609199   -7.104289606265014               -100.0
  4.5                  9.6020600   -8.10701376804e-07                  0.0                  0.0  -1.5794026359710533   -6.999289606265014               -100.0
  4.5                  9.6989700   -8.13905730072e-07                  0.0                  0.0  -1.5382021217813218  -6.9412896062650145               -100.0
  4.5                  9.8750613    -8.1711008334e-07                  0.0                  0.0  -1.4443006461591303   -6.783289606265014               -100.0
  4.5                 10.0000000    -8.1711008334e-07                  0.0                  0.0  -1.2012639605793243   -6.440289606265014               -100.0
  4.5                 10.4771213   -8.18712259974e-07                  0.0                  0.0   1.4062407227271212   -3.292289606265014               -100.0
  4.5                 11.0000000   -8.18712259974e-07                  0.0                  0.0     4.49103906292679  0.29571039373498603               -100.0
  5.0                  7.0000000     8.4915361602e-08                  0.0                  0.0               -3.905   -9.530289606265015               -100.0
  5.0                  8.0000000     8.3313184968e-08                  0.0                  0.0               -3.905   -9.530289606265015               -100.0
  5.0                  8.3010300     7.5302301798e-08                  0.0                  0.0               -3.904   -9.529289606265014               -100.0
  5.0                  8.4771213     6.0882712092e-08                  0.0                  0.0               -3.883   -9.496289606265014               -100.0
  5.0                  8.6020600     4.1656592484e-08                  0.0                  0.0               -3.759   -9.318289606265015               -100.0
  5.0                  8.6989700     1.7623942974e-08                  0.0                  0.0  -3.5059999999999825   -9.007289606265015               -100.0
  5.0                  8.7781513    -1.1215236438e-08                  0.0                  0.0  -3.2259999999986886   -8.699289606265014               -100.0
  5.0                  8.8450980    -4.3258769118e-08                  0.0                  0.0  -2.9809999999684655   -8.443289606265015               -100.0
  5.0                  8.9030900    -7.8506655066e-08                  0.0                  0.0  -2.7789999996191233   -8.238289606265015               -100.0
  5.0                  8.9542425   -1.15356717648e-07                  0.0                  0.0  -2.6159999970840215   -8.072289606265015               -100.0
  5.0                  9.0000000   -1.57013310132e-07                  0.0                  0.0  -2.4809999841589376   -7.937289606265014               -100.0
  5.0                  9.1760913   -3.94135451964e-07                  0.0                  0.0   -2.071995918852693   -7.525289606265014               -100.0
  5.0                  9.3010300   -6.13633650822e-07                  0.0                  0.0  -1.8679227771724787   -7.318289606265014               -100.0
  5.0                  9.4771213   -7.62636077784e-07                  0.0                  0.0   -1.668035500576622   -7.104289606265014               -100.0
  5.0                  9.6020600    -7.9307743383e-07                  0.0                  0.0  -1.5795082970476977   -7.000289606265015               -100.0
  5.0                  9.6989700   -8.04292670268e-07                  0.0                  0.0  -1.5383216351757298   -6.943289606265014               -100.0
  5.0                  9.8750613   -8.12303553438e-07                  0.0                  0.0   -1.444474994651753   -6.783289606265014               -100.0
  5.0                 10.0000000   -8.15507906706e-07                  0.0                  0.0  -1.2014467097555204   -6.440289606265014               -100.0
  5.0                 10.4771213   -8.18712259974e-07                  0.0                  0.0   1.4062407227271212   -3.292289606265014               -100.0
  5.0                 11.0000000   -8.18712259974e-07                  0.0                  0.0     4.49103906292679  0.29571039373498603               -100.0
  5.5                  7.0000000    1.74637253106e-07                  0.0                  0.0               -3.917   -9.541289606265014               -100.0
  5.5                  8.0000000    1.73035076472e-07                  0.0                  0.0               -3.917   -9.541289606265014               -100.0
  5.5                  8.3010300     1.6822854657e-07                  0.0                  0.0               -3.916   -9.540289606265015               -100.0
  5.5                  8.4771213    1.61819840034e-07                  0.0                  0.0               -3.896   -9.508289606265015               -100.0
  5.5                  8.6020600     1.5220678023e-07                  0.0                  0.0               -3.768   -9.327289606265014               -100.0
  5.5                  8.6989700    1.37787190524e-07                  0.0                  0.0   -3.511999999999997   -9.013289606265014               -100.0
  5.5                  8.7781513    1.21765424184e-07                  0.0                  0.0   -3.229999999999731   -8.703289606265015               -100.0
  5.5                  8.8450980    1.02539304576e-07                  0.0                  0.0   -2.983999999992875   -8.447289606265015               -100.0
  5.5                  8.9030900       8.01088317e-08                  0.0                  0.0   -2.781999999907576   -8.241289606265015               -100.0
  5.5                  8.9542425     5.4474005556e-08                  0.0                  0.0   -2.617999999259058   -8.076289606265014               -100.0
  5.5                  9.0000000     2.7237002778e-08                  0.0                  0.0  -2.4839999958044943  -7.9412896062650145               -100.0
  5.5                  9.1760913   -1.40991543792e-07                  0.0                  0.0   -2.073998790004636   -7.528289606265014               -100.0
  5.5                  9.3010300   -3.46070152944e-07                  0.0                  0.0  -1.8699704355687237   -7.320289606265014               -100.0
  5.5                  9.4771213   -6.44075006868e-07                  0.0                  0.0    -1.66926983808056   -7.105289606265014               -100.0
  5.5                  9.6020600   -7.38603428274e-07                  0.0                  0.0  -1.5808217050731541   -7.001289606265014               -100.0
  5.5                  9.6989700   -7.72249137588e-07                  0.0                  0.0  -1.5386895894349562   -6.944289606265015               -100.0
  5.5                  9.8750613   -7.99486140366e-07                  0.0                  0.0  -1.4449076715602682   -6.784289606265014               -100.0
  5.5                 10.0000000    -8.0909920017e-07                  0.0                  0.0  -1.2018111776772897  -6.4412896062650145               -100.0
  5.5                 10.4771213    -8.1711008334e-07                  0.0                  0.0   1.4062407227271212   -3.292289606265014               -100.0
  5.5                 11.0000000   -8.18712259974e-07                  0.0                  0.0     4.49103906292679  0.29571039373498603               -100.0
  6.0                  7.0000000     3.4446797631e-07                  0.0                  0.0               -3.945   -9.567289606265014               -100.0
  6.0                  8.0000000    3.42865799676e-07                  0.0                  0.0               -3.945   -9.566289606265014               -100.0
  6.0                  8.3010300    3.39661446408e-07                  0.0                  0.0               -3.944   -9.565289606265015               -100.0
  6.0                  8.4771213     3.3645709314e-07                  0.0                  0.0               -3.922   -9.532289606265014               -100.0
  6.0                  8.6020600    3.30048386604e-07                  0.0                  0.0                -3.79   -9.345289606265014               -100.0
  6.0                  8.6989700    3.22037503434e-07                  0.0                  0.0               -3.526   -9.026289606265014               -100.0
  6.0                  8.7781513    3.14026620264e-07                  0.0                  0.0   -3.239999999999973   -8.715289606265014               -100.0
  6.0                  8.8450980    3.02811383826e-07                  0.0                  0.0  -2.9919999999990865   -8.457289606265014               -100.0
  6.0                  8.9030900     2.8839179412e-07                  0.0                  0.0  -2.7899999999858816   -8.251289606265015               -100.0
  6.0                  8.9542425    2.73972204414e-07                  0.0                  0.0  -2.6259999998709422   -8.085289606265015               -100.0
  6.0                  9.0000000    2.57950438074e-07                  0.0                  0.0  -2.4909999991950214   -7.950289606265014               -100.0
  6.0                  9.1760913    1.47400250328e-07                  0.0                  0.0  -2.0799996967616257  -7.5372896062650145               -100.0
  6.0                  9.3010300      1.602176634e-09                  0.0                  0.0  -1.8749914929289937   -7.327289606265015               -100.0
  6.0                  9.4771213   -3.39661446408e-07                  0.0                  0.0  -1.6726438719062287   -7.111289606265014               -100.0
  6.0                  9.6020600    -5.6877270507e-07                  0.0                  0.0  -1.5836308138795654   -7.006289606265014               -100.0
  6.0                  9.6989700   -6.71312009646e-07                  0.0                  0.0  -1.5417364741469766   -6.948289606265014               -100.0
  6.0                  9.8750613   -7.59431724516e-07                  0.0                  0.0  -1.4471787017825977   -6.788289606265014               -100.0
  6.0                 10.0000000   -7.86668727294e-07                  0.0                  0.0  -1.2038963741342636   -6.444289606265015               -100.0
  6.0                 10.4771213   -8.15507906706e-07                  0.0                  0.0   1.4062407227271212   -3.292289606265014               -100.0
  6.0                 11.0000000   -8.18712259974e-07                  0.0                  0.0     4.49103906292679  0.29571039373498603               -100.0
  6.5                  7.0000000    6.45677183502e-07                  0.0                  0.0               -4.005   -9.620289606265015               -100.0
  6.5                  8.0000000    6.42472830234e-07                  0.0                  0.0               -4.005   -9.620289606265015               -100.0
  6.5                  8.3010300      6.408706536e-07                  0.0                  0.0               -4.004   -9.619289606265014               -100.0
  6.5                  8.4771213    6.37666300332e-07                  0.0                  0.0               -3.979   -9.583289606265014               -100.0
  6.5                  8.6020600    6.34461947064e-07                  0.0                  0.0               -3.835   -9.385289606265014               -100.0
  6.5                  8.6989700    6.29655417162e-07                  0.0                  0.0               -3.557   -9.056289606265015               -100.0
  6.5                  8.7781513    6.23246710626e-07                  0.0                  0.0  -3.2629999999999995   -8.740289606265014               -100.0
  6.5                  8.8450980     6.1683800409e-07                  0.0                  0.0   -3.011999999999963   -8.481289606265014               -100.0
  6.5                  8.9030900     6.0882712092e-07                  0.0                  0.0  -2.8079999999991894   -8.275289606265014               -100.0
  6.5                  8.9542425    5.99214061116e-07                  0.0                  0.0  -2.6429999999902325   -8.109289606265014               -100.0
  6.5                  9.0000000    5.89601001312e-07                  0.0                  0.0  -2.5079999999245284  -7.9732896062650145               -100.0
  6.5                  9.1760913     5.2070740605e-07                  0.0                  0.0  -2.0959999481457587   -7.559289606265014               -100.0
  6.5                  9.3010300     4.2457680801e-07                  0.0                  0.0  -1.8899981042399656  -7.3482896062650145               -100.0
  6.5                  9.4771213    1.61819840034e-07                  0.0                  0.0  -1.6848904204480455   -7.127289606265014               -100.0
  6.5                  9.6020600   -1.39389367158e-07                  0.0                  0.0   -1.592877405543829   -7.019289606265014               -100.0
  6.5                  9.6989700   -3.74909332356e-07                  0.0                  0.0  -1.5491542702047232   -6.960289606265015               -100.0
  6.5                  9.8750613   -6.34461947064e-07                  0.0                  0.0  -1.4539099380945038   -6.799289606265014               -100.0
  6.5                 10.0000000   -7.17775132032e-07                  0.0                  0.0  -1.2082526811597705   -6.452289606265015               -100.0
  6.5                 10.4771213   -8.07497023536e-07                  0.0                  0.0   1.4053187453168503  -3.2932896062650143               -100.0
  6.5                 11.0000000    -8.1711008334e-07                  0.0                  0.0     4.49103906292679  0.29571039373498603               -100.0
  7.0                  7.0000000   1.142351940042e-06                  0.0                  0.0               -4.118   -9.728289606265013               -100.0
  7.0                  8.0000000   1.142351940042e-06                  0.0                  0.0               -4.118   -9.728289606265013               -100.0
  7.0                  8.3010300    1.13754541014e-06                  0.0                  0.0               -4.116   -9.726289606265015               -100.0
  7.0                  8.4771213   1.134341056872e-06                  0.0                  0.0               -4.087   -9.684289606265015               -100.0
  7.0                  8.6020600   1.132738880238e-06                  0.0                  0.0                -3.92   -9.466289606265015               -100.0
  7.0                  8.6989700    1.12953452697e-06                  0.0                  0.0               -3.618   -9.121289606265014               -100.0
  7.0                  8.7781513   1.126330173702e-06                  0.0                  0.0               -3.313   -8.799289606265015               -100.0
  7.0                  8.8450980     1.1215236438e-06                  0.0                  0.0               -3.057   -8.538289606265014               -100.0
  7.0                  8.9030900   1.115114937264e-06                  0.0                  0.0   -2.850999999999991   -8.330289606265014               -100.0
  7.0                  8.9542425   1.110308407362e-06                  0.0                  0.0   -2.684999999999823   -8.164289606265015               -100.0
  7.0                  9.0000000   1.102297524192e-06                  0.0                  0.0  -2.5489999999979873   -8.029289606265014               -100.0
  7.0                  9.1760913   1.059038755074e-06                  0.0                  0.0   -2.135999995765674   -7.613289606265014               -100.0
  7.0                  9.3010300    9.96553866348e-07                  0.0                  0.0  -1.9279997389136416   -7.399289606265015               -100.0
  7.0                  9.4771213     8.1711008334e-07                  0.0                  0.0   -1.716975746624845  -7.1702896062650145               -100.0
  7.0                  9.6020600     5.7678358824e-07                  0.0                  0.0   -1.619670678837108   -7.055289606265014               -100.0
  7.0                  9.6989700    3.01209207192e-07                  0.0                  0.0  -1.5720599455327742   -6.992289606265015               -100.0
  7.0                  9.8750613   -2.51541731538e-07                  0.0                  0.0   -1.472428006677549  -6.8322896062650145               -100.0
  7.0                 10.0000000   -5.03083463076e-07                  0.0                  0.0  -1.2230850044762032   -6.478289606265014               -100.0
  7.0                 10.4771213    -7.8506655066e-07                  0.0                  0.0   1.4033969337042052   -3.295289606265014               -100.0
  7.0                 11.0000000   -8.15507906706e-07                  0.0                  0.0     4.49103906292679  0.29571039373498603               -100.0
  7.5                  7.0000000   1.921009784166e-06                  0.0                  0.0               -4.303   -9.947289606265015               -100.0
  7.5                  8.0000000   1.921009784166e-06                  0.0                  0.0               -4.304   -9.947289606265015               -100.0
  7.5                  8.3010300    1.91460107763e-06                  0.0                  0.0               -4.301   -9.944289606265015               -100.0
  7.5                  8.4771213    1.91460107763e-06                  0.0                  0.0               -4.264   -9.892289606265015               -100.0
  7.5                  8.6020600   1.912998900996e-06                  0.0                  0.0               -4.065   -9.636289606265015               -100.0
  7.5                  8.6989700   1.909794547728e-06                  0.0                  0.0               -3.734   -9.264289606265013               -100.0
  7.5                  8.7781513   1.908192371094e-06                  0.0                  0.0               -3.416   -8.933289606265014               -100.0
  7.5                  8.8450980   1.904988017826e-06                  0.0                  0.0               -3.157   -8.669289606265014               -100.0
  7.5                  8.9030900   1.901783664558e-06                  0.0                  0.0                -2.95   -8.461289606265014               -100.0
  7.5                  8.9542425   1.896977134656e-06                  0.0                  0.0  -2.7839999999999994   -8.294289606265014               -100.0
  7.5                  9.0000000   1.892170604754e-06                  0.0                  0.0  -2.6479999999999917   -8.158289606265013               -100.0
  7.5                  9.1760913   1.863331425342e-06                  0.0                  0.0  -2.2329999998909105   -7.740289606265014               -100.0
  7.5                  9.3010300   1.821674832858e-06                  0.0                  0.0   -2.020999983677589   -7.520289606265014               -100.0
  7.5                  9.4771213   1.701511585308e-06                  0.0                  0.0  -1.7999965263778577   -7.277289606265014               -100.0
  7.5                  9.6020600   1.534885215372e-06                  0.0                  0.0   -1.691931332699061   -7.148289606265014               -100.0
  7.5                  9.6989700   1.323397899684e-06                  0.0                  0.0   -1.635486515257527   -7.073289606265014               -100.0
  7.5                  9.8750613    6.85731599352e-07                  0.0                  0.0    -1.52277567937553   -6.906289606265014               -100.0
  7.5                 10.0000000     1.3618501389e-07                  0.0                  0.0   -1.264046254610241   -6.549289606265014               -100.0
  7.5                 10.4771213    -7.1296860213e-07                  0.0                  0.0   1.3959489218918588   -3.303289606265014               -100.0
  7.5                 11.0000000    -8.0909920017e-07                  0.0                  0.0     4.49103906292679  0.29571039373498603               -100.0
  8.0                  7.0000000   3.105018316692e-06                  0.0                  0.0               -4.703  -10.471289606265014               -100.0
  8.0                  8.0000000   3.105018316692e-06                  0.0                  0.0               -4.704  -10.472289606265013               -100.0
  8.0                  8.3010300   3.105018316692e-06                  0.0                  0.0               -4.702  -10.469289606265015               -100.0
  8.0                  8.4771213   3.097007433522e-06                  0.0                  0.0               -4.642  -10.378289606265014               -100.0
  8.0                  8.6020600   3.097007433522e-06                  0.0                  0.0               -4.371  -10.023289606265013               -100.0
  8.0                  8.6989700   3.095405256888e-06                  0.0                  0.0                -3.99   -9.597289606265015               -100.0
  8.0                  8.7781513   3.093803080254e-06                  0.0                  0.0               -3.655   -9.248289606265015               -100.0
  8.0                  8.8450980   3.090598726986e-06                  0.0                  0.0               -3.391   -8.979289606265015               -100.0
  8.0                  8.9030900   3.088996550352e-06                  0.0                  0.0               -3.183   -8.769289606265014               -100.0
  8.0                  8.9542425   3.085792197084e-06                  0.0                  0.0               -3.016   -8.601289606265015               -100.0
  8.0                  9.0000000   3.082587843816e-06                  0.0                  0.0               -2.881   -8.465289606265014               -100.0
  8.0                  9.1760913   3.063361724208e-06                  0.0                  0.0  -2.4629999999994365   -8.039289606265015               -100.0
  8.0                  9.3010300   3.034522544796e-06                  0.0                  0.0   -2.241999999664429   -7.807289606265014               -100.0
  8.0                  9.4771213   2.952811536462e-06                  0.0                  0.0  -1.9979997328321608   -7.530289606265014               -100.0
  8.0                  9.6020600   2.839056995448e-06                  0.0                  0.0   -1.867990299827417   -7.368289606265014               -100.0
  8.0                  9.6989700   2.693258921754e-06                  0.0                  0.0  -1.7928986710258656   -7.266289606265015               -100.0
  8.0                  9.8750613   2.199788518482e-06                  0.0                  0.0  -1.6415796306644261   -7.057289606265014               -100.0
  8.0                 10.0000000    1.57814398449e-06                  0.0                  0.0  -1.3603764168515127   -6.694289606265015               -100.0
  8.0                 10.4771213   -4.82255166834e-07                  0.0                  0.0   1.3743240399511174  -3.3262896062650142               -100.0
  8.0                 11.0000000   -7.88270903928e-07                  0.0                  0.0    4.490039152972078  0.29471039373498564               -100.0
  8.5                  7.0000000   4.873821320628e-06                  0.0                  0.0               -5.995  -12.129289606265013               -100.0
  8.5                  8.0000000   4.873821320628e-06                  0.0                  0.0               -5.995  -12.108289606265014               -100.0
  8.5                  8.3010300   4.873821320628e-06                  0.0                  0.0               -5.986  -12.092289606265014               -100.0
  8.5                  8.4771213   4.873821320628e-06                  0.0                  0.0               -5.754  -11.705289606265014               -100.0
  8.5                  8.6020600    4.86260608419e-06                  0.0                  0.0               -5.165  -10.997289606265014               -100.0
  8.5                  8.6989700    4.86260608419e-06                  0.0                  0.0               -4.662  -10.468289606265014               -100.0
  8.5                  8.7781513   4.861003907556e-06                  0.0                  0.0               -4.292  -10.090289606265014               -100.0
  8.5                  8.8450980   4.859401730922e-06                  0.0                  0.0               -4.016   -9.810289606265014               -100.0
  8.5                  8.9030900   4.857799554288e-06                  0.0                  0.0               -3.803   -9.594289606265015               -100.0
  8.5                  8.9542425   4.856197377654e-06                  0.0                  0.0               -3.634   -9.421289606265015               -100.0
  8.5                  9.0000000   4.852993024386e-06                  0.0                  0.0               -3.496   -9.278289606265014               -100.0
  8.5                  9.1760913   4.840175611314e-06                  0.0                  0.0  -3.0569999999999995   -8.816289606265014               -100.0
  8.5                  9.3010300   4.820949491706e-06                  0.0                  0.0  -2.8069999999980912   -8.535289606265014               -100.0
  8.5                  9.4771213   4.764873309516e-06                  0.0                  0.0  -2.4899999895820013   -8.147289606265014               -100.0
  8.5                  9.6020600   4.687968831084e-06                  0.0                  0.0  -2.2939990884429475  -7.8882896062650145               -100.0
  8.5                  9.6989700   4.588633879776e-06                  0.0                  0.0  -2.1669845909236605   -7.712289606265014               -100.0
  8.5                  9.8750613   4.244165903466e-06                  0.0                  0.0  -1.9200998100944162   -7.382289606265014               -100.0
  8.5                 10.0000000   3.771523796436e-06                  0.0                  0.0  -1.5669650327581448   -6.955289606265014               -100.0
  8.5                 10.4771213    2.37122141832e-07                  0.0                  0.0   1.3052186176735705   -3.399289606265014               -100.0
  8.5                 11.0000000   -7.24183838568e-07                  0.0                  0.0   4.4880392432249225  0.29271039373498586               -100.0
  9.0                  7.0000000    7.49017576395e-06                  0.0                  0.0               -100.0               -100.0               -100.0
  9.0                  8.0000000    7.49017576395e-06                  0.0                  0.0              -31.415  -38.798289606265016               -100.0
  9.0                  8.3010300    7.49017576395e-06                  0.0                  0.0              -18.743  -25.805289606265017               -100.0
  9.0                  8.4771213    7.49017576395e-06                  0.0                  0.0              -14.241  -21.107289606265013               -100.0
  9.0                  8.6020600    7.49017576395e-06                  0.0                  0.0              -11.872  -18.615289606265016               -100.0
  9.0                  8.6989700    7.49017576395e-06                  0.0                  0.0              -10.384  -17.035289606265014               -100.0
  9.0                  8.7781513    7.47415399761e-06                  0.0                  0.0               -9.275  -15.848289606265014               -100.0
  9.0                  8.8450980   7.472551820976e-06                  0.0                  0.0               -8.515  -15.021289606265015               -100.0
  9.0                  8.9030900   7.472551820976e-06                  0.0                  0.0               -7.921  -14.370289606265013               -100.0
  9.0                  8.9542425   7.470949644342e-06                  0.0                  0.0               -7.441  -13.837289606265013               -100.0
  9.0                  9.0000000   7.469347467708e-06                  0.0                  0.0               -7.043  -13.390289606265014               -100.0
  9.0                  9.1760913   7.459734407904e-06                  0.0                  0.0                -5.72  -11.877289606265014               -100.0
  9.0                  9.3010300   7.446916994832e-06                  0.0                  0.0  -4.9259999999999815  -10.947289606265015               -100.0
  9.0                  9.4771213   7.408464755616e-06                  0.0                  0.0   -3.960999999477863   -9.800289606265014               -100.0
  9.0                  9.6020600   7.355592926694e-06                  0.0                  0.0  -3.4159999038865285   -9.143289606265014               -100.0
  9.0                  9.6989700   7.288301508066e-06                  0.0                  0.0  -3.0829974544417555   -8.734289606265014               -100.0
  9.0                  9.8750613   7.052781542868e-06                  0.0                  0.0   -2.552743754538406   -8.087289606265013               -100.0
  9.0                 10.0000000   6.724335332898e-06                  0.0                  0.0   -2.031592424211235   -7.484289606265015               -100.0
  9.0                 10.4771213   2.345586592176e-06                  0.0                  0.0   1.1036324843272052   -3.613289606265014               -100.0
  9.0                 11.0000000   -5.17503052782e-07                  0.0                  0.0    4.482039606321455   0.2867103937349857               -100.0
  9.5                  7.0000000  1.1345012745354e-05                  0.0                  0.0               -100.0               -100.0               -100.0
  9.5                  8.0000000  1.1345012745354e-05                  0.0                  0.0               -100.0               -100.0               -100.0
  9.5                  8.3010300  1.1345012745354e-05                  0.0                  0.0               -100.0               -100.0               -100.0
  9.5                  8.4771213  1.1345012745354e-05                  0.0                  0.0               -100.0               -100.0               -100.0
  9.5                  8.6020600  1.1345012745354e-05                  0.0                  0.0               -100.0               -100.0               -100.0
  9.5                  8.6989700  1.1345012745354e-05                  0.0                  0.0              -34.585   -41.30028960626502               -100.0
  9.5                  8.7781513  1.1345012745354e-05                  0.0                  0.0              -29.335  -35.945289606265014               -100.0
  9.5                  8.8450980  1.1345012745354e-05                  0.0                  0.0              -25.361  -31.920289606265015               -100.0
  9.5                  8.9030900  1.1320980095844e-05                  0.0                  0.0               -22.34  -28.832289606265014               -100.0
  9.5                  8.9542425   1.131937791921e-05                  0.0                  0.0              -20.109  -26.548289606265016               -100.0
  9.5                  9.0000000   1.131937791921e-05                  0.0                  0.0              -18.377  -24.772289606265016               -100.0
  9.5                  9.1760913  1.1312969212674e-05                  0.0                  0.0              -13.027  -19.240289606265016               -100.0
  9.5                  9.3010300   1.130335615287e-05                  0.0                  0.0  -10.268999999999997  -16.363289606265013               -100.0
  9.5                  9.4771213  1.1277721326726e-05                  0.0                  0.0   -7.405999999872419  -13.336289606265014               -100.0
  9.5                  9.6020600  1.1242473440778e-05                  0.0                  0.0  -5.9629999702296255  -11.783289606265015               -100.0
  9.5                  9.6989700  1.1196010318392e-05                  0.0                  0.0   -5.111999054233693  -10.850289606265013               -100.0
  9.5                  9.8750613  1.1034190478358e-05                  0.0                  0.0  -3.9048767682278482   -9.510289606265014               -100.0
  9.5                 10.0000000  1.0809885749598e-05                  0.0                  0.0  -3.0297578812890738   -8.545289606265014               -100.0
  9.5                 10.4771213   6.967866181266e-06                  0.0                  0.0   0.6637586617890981   -4.085289606265015               -100.0
  9.5                 11.0000000    1.32980660622e-07                  0.0                  0.0    4.462040622252378   0.2657103937349858               -100.0
 10.0                  7.0000000  1.7013513676446e-05                  0.0                  0.0               -100.0               -100.0               -100.0
 10.0                  8.0000000  1.7013513676446e-05                  0.0                  0.0               -100.0               -100.0               -100.0
 10.0                  8.3010300  1.7013513676446e-05                  0.0                  0.0               -100.0               -100.0               -100.0
 10.0                  8.4771213  1.7013513676446e-05                  0.0                  0.0               -100.0               -100.0               -100.0
 10.0                  8.6020600  1.7013513676446e-05                  0.0                  0.0               -100.0               -100.0               -100.0
 10.0                  8.6989700  1.7013513676446e-05                  0.0                  0.0               -100.0               -100.0               -100.0
 10.0                  8.7781513  1.7013513676446e-05                  0.0                  0.0               -100.0               -100.0               -100.0
 10.0                  8.8450980  1.7013513676446e-05                  0.0                  0.0   -89.77199999997431   -95.07428960626501               -100.0
 10.0                  8.9030900  1.7013513676446e-05                  0.0                  0.0              -79.044   -84.30928960626501               -100.0
 10.0                  8.9542425  1.7013513676446e-05                  0.0                  0.0              -70.664   -75.90228960626501               -100.0
 10.0                  9.0000000  1.7013513676446e-05                  0.0                  0.0              -63.935   -69.15428960626501               -100.0
 10.0                  9.1760913  1.6971857083962e-05                  0.0                  0.0              -24.933  -31.171289606265017               -100.0
 10.0                  9.3010300  1.6965448377426e-05                  0.0                  0.0  -19.131999999999998  -25.237289606265016               -100.0
 10.0                  9.4771213  1.6949426611086e-05                  0.0                  0.0  -13.314999999882298  -19.258289606265013               -100.0
 10.0                  9.6020600  1.6923791784942e-05                  0.0                  0.0   -10.39699997247139  -16.229289606265013               -100.0
 10.0                  9.6989700  1.6891748252262e-05                  0.0                  0.0   -8.660999127462954  -14.412289606265015               -100.0
 10.0                  9.8750613   1.678280024115e-05                  0.0                  0.0    -6.27488786834187  -11.894289606265014               -100.0
 10.0                 10.0000000  1.6628991284286e-05                  0.0                  0.0  -4.8069029266656225  -10.341289606265015               -100.0
 10.0                 10.4771213  1.3855623530832e-05                  0.0                  0.0 -0.012594779179925365  -4.7952896062650145               -100.0
 10.0                 11.0000000   2.161336279266e-06                  0.0                  0.0    4.399044132877495  0.20271039373498606               -100.0
 10.5                  7.0000000  2.5341627819978e-05                  0.0                  0.0               -100.0               -100.0               -100.0
 10.5                  8.0000000  2.5341627819978e-05                  0.0                  0.0               -100.0               -100.0               -100.0
 10.5                  8.3010300  2.5341627819978e-05                  0.0                  0.0               -100.0               -100.0               -100.0
 10.5                  8.4771213  2.5341627819978e-05                  0.0                  0.0               -100.0               -100.0               -100.0
 10.5                  8.6020600  2.5341627819978e-05                  0.0                  0.0               -100.0               -100.0               -100.0
 10.5                  8.6989700  2.5341627819978e-05                  0.0                  0.0               -100.0               -100.0               -100.0
 10.5                  8.7781513  2.5341627819978e-05                  0.0                  0.0               -100.0               -100.0               -100.0
 10.5                  8.8450980  2.5341627819978e-05                  0.0                  0.0               -100.0               -100.0               -100.0
 10.5                  8.9030900  2.5341627819978e-05                  0.0                  0.0               -100.0               -100.0               -100.0
 10.5                  8.9542425  2.5341627819978e-05                  0.0                  0.0               -100.0               -100.0               -100.0
 10.5                  9.0000000  2.5341627819978e-05                  0.0                  0.0               -100.0   -95.35228960626502               -100.0
 10.5                  9.1760913  2.5341627819978e-05                  0.0                  0.0              -61.071   -66.24528960626502               -100.0
 10.5                  9.3010300  2.5277540754618e-05                  0.0                  0.0               -46.34   -51.49228960626502               -100.0
 10.5                  9.4771213   2.526632551818e-05                  0.0                  0.0  -22.092999999866713  -28.062289606265015               -100.0
 10.5                  9.6020600  2.5248701575206e-05                  0.0                  0.0    -16.9439999725347  -22.776289606265017               -100.0
 10.5                  9.6989700  2.5227873278964e-05                  0.0                  0.0  -13.904999127462954  -19.657289606265014               -100.0
 10.5                  9.8750613  2.5152570977166e-05                  0.0                  0.0   -9.785887609885146  -15.405289606265013               -100.0
 10.5                 10.0000000  2.5048429495956e-05                  0.0                  0.0   -7.454902926665623  -12.989289606265014               -100.0
 10.5                 10.4771213  2.3137032771594e-05                  0.0                  0.0  -0.9690079329988651   -5.764289606265014               -100.0
 10.5                 11.0000000   8.244800958564e-06                  0.0                  0.0    4.210054545262781 0.012710393734985632               -100.0
 11.0                  7.0000000  3.7569439890666e-05                  0.0                  0.0               -100.0               -100.0               -100.0
 11.0                  8.0000000  3.7569439890666e-05                  0.0                  0.0               -100.0               -100.0               -100.0
 11.0                  8.3010300  3.7569439890666e-05                  0.0                  0.0               -100.0               -100.0               -100.0
 11.0                  8.4771213  3.7569439890666e-05                  0.0                  0.0               -100.0               -100.0               -100.0
 11.0                  8.6020600  3.7569439890666e-05                  0.0                  0.0               -100.0               -100.0               -100.0
 11.0                  8.6989700  3.7569439890666e-05                  0.0                  0.0               -100.0               -100.0               -100.0
 11.0                  8.7781513  3.7569439890666e-05                  0.0                  0.0               -100.0               -100.0               -100.0
 11.0                  8.8450980  3.7569439890666e-05                  0.0                  0.0               -100.0               -100.0               -100.0
 11.0                  8.9030900  3.7569439890666e-05                  0.0                  0.0               -100.0               -100.0               -100.0
 11.0                  8.9542425  3.7569439890666e-05                  0.0                  0.0               -100.0               -100.0               -100.0
 11.0                  9.0000000  3.7569439890666e-05                  0.0                  0.0               -100.0               -100.0               -100.0
 11.0                  9.1760913  3.7569439890666e-05                  0.0                  0.0   -86.71499999999997   -91.88928960626501               -100.0
 11.0                  9.3010300  3.7569439890666e-05                  0.0                  0.0              -65.674   -70.82628960626502               -100.0
 11.0                  9.4771213  3.7470104939358e-05                  0.0                  0.0              -44.403  -49.521289606265015               -100.0
 11.0                  9.6020600   3.745888970292e-05                  0.0                  0.0              -33.744   -38.83428960626502               -100.0
 11.0                  9.6989700  3.7444470113214e-05                  0.0                  0.0  -21.693998893927084  -27.493289606265016               -100.0
 11.0                  9.8750613  3.7393200460926e-05                  0.0                  0.0  -14.918887868341871  -20.538289606265014               -100.0
 11.0                 10.0000000  3.7321102512396e-05                  0.0                  0.0  -11.314905446687336  -16.849289606265014               -100.0
 11.0                 10.4771213  3.6015328555686e-05                  0.0                  0.0  -2.3168276139029955   -7.113289606265014               -100.0
 11.0                 11.0000000  2.2412848933026e-05                  0.0                  0.0    3.766075988227911  -0.4322896062650137               -100.0
 11.5                  7.0000000  5.5520226898002e-05                  0.0                  0.0               -100.0               -100.0               -100.0
 11.5                  8.0000000  5.5520226898002e-05                  0.0                  0.0               -100.0               -100.0               -100.0
 11.5                  8.3010300  5.5520226898002e-05                  0.0                  0.0               -100.0               -100.0               -100.0
 11.5                  8.4771213  5.5520226898002e-05                  0.0                  0.0               -100.0               -100.0               -100.0
 11.5                  8.6020600  5.5520226898002e-05                  0.0                  0.0               -100.0               -100.0               -100.0
 11.5                  8.6989700  5.5520226898002e-05                  0.0                  0.0               -100.0               -100.0               -100.0
 11.5                  8.7781513  5.5520226898002e-05                  0.0                  0.0               -100.0               -100.0               -100.0
 11.5                  8.8450980  5.5520226898002e-05                  0.0                  0.0               -100.0               -100.0               -100.0
 11.5                  8.9030900  5.5520226898002e-05                  0.0                  0.0               -100.0               -100.0               -100.0
 11.5                  8.9542425  5.5520226898002e-05                  0.0                  0.0               -100.0               -100.0               -100.0
 11.5                  9.0000000  5.5520226898002e-05                  0.0                  0.0               -100.0               -100.0               -100.0
 11.5                  9.1760913  5.5520226898002e-05                  0.0                  0.0               -100.0               -100.0               -100.0
 11.5                  9.3010300  5.5520226898002e-05                  0.0                  0.0               -100.0               -100.0               -100.0
 11.5                  9.4771213  5.5520226898002e-05                  0.0                  0.0               -63.33     -68.448289606265               -100.0
 11.5                  9.6020600   5.537122447104e-05                  0.0                  0.0              -47.832   -52.92228960626502               -100.0
 11.5                  9.6989700  5.5361611411236e-05                  0.0                  0.0               -38.56  -43.625289606265014               -100.0
 11.5                  9.8750613  5.5326363525288e-05                  0.0                  0.0  -23.115459850213938  -28.956289606265017               -100.0
 11.5                 10.0000000  5.5278298226268e-05                  0.0                  0.0   -16.96390292666562  -22.498289606265015               -100.0
 11.5                 10.4771213  5.4387488017764e-05                  0.0                  0.0   -4.243514161954083   -9.040289606265015               -100.0
 11.5                 11.0000000   4.442034717765e-05                  0.0                  0.0    3.075092201547383  -1.1232896062650144               -100.0
