!69ge -> 69ga, e- capture
!Q=-2.227 MeV
!
!Log(rhoY)            Log(temp)            mu                   dQ                   Vs                   Log(e-cap-rate)      Log(nu-energy-loss)  Log(gamma-energy)   
!Log(g/cm^3)          Log(K)               erg                  erg                  erg                  Log(1/s)             Log(erg/s)           Log(erg/s)          
  1.0                  7.0000000     -4.806529902e-09                  0.0                  0.0  -5.9432531150377965  -11.928289606265015               -100.0
  1.0                  8.0000000    -9.2926244772e-08                  0.0                  0.0   -5.945447584849481  -11.932289606265014               -100.0
  1.0                  8.3010300   -2.14691668956e-07                  0.0                  0.0   -5.929900400849334  -11.915289606265015               -100.0
  1.0                  8.4771213   -3.49274506212e-07                  0.0                  0.0  -5.8631883320189635  -11.844289606265015               -100.0
  1.0                  8.6020600   -4.91868226638e-07                  0.0                  0.0    -5.76939815680417  -11.745289606265015               -100.0
  1.0                  8.6989700   -6.39268476966e-07                  0.0                  0.0   -5.673534894218918  -11.643289606265014               -100.0
  1.0                  8.7781513   -7.65840431052e-07                  0.0                  0.0   -5.581493556426071  -11.547289606265014               -100.0
  1.0                  8.8450980   -8.05894846902e-07                  0.0                  0.0   -5.496675287036008  -11.456289606265013               -100.0
  1.0                  8.9030900   -8.15507906706e-07                  0.0                  0.0  -5.4173191966983865  -11.372289606265014               -100.0
  1.0                  8.9542425    -8.1711008334e-07                  0.0                  0.0  -5.3443018284892245  -11.292289606265014               -100.0
  1.0                  9.0000000   -8.18712259974e-07                  0.0                  0.0   -5.274302755881852  -11.213289606265015               -100.0
  1.0                  9.1760913   -8.18712259974e-07                  0.0                  0.0   -4.913164129446961  -10.757289606265013               -100.0
  1.0                  9.3010300   -8.18712259974e-07                  0.0                  0.0   -4.474432089936112  -10.199289606265014               -100.0
  1.0                  9.4771213   -8.18712259974e-07                  0.0                  0.0   -3.638971022935184   -9.220289606265014               -100.0
  1.0                  9.6020600   -8.18712259974e-07                  0.0                  0.0  -2.9917307139176517   -8.476289606265015               -100.0
  1.0                  9.6989700   -8.18712259974e-07                  0.0                  0.0   -2.480693764607292  -7.8882896062650145               -100.0
  1.0                  9.8750613   -8.18712259974e-07                  0.0                  0.0   -1.532380787706386   -6.799289606265014               -100.0
  1.0                 10.0000000   -8.18712259974e-07                  0.0                  0.0  -0.8389397852073069   -5.990289606265014               -100.0
  1.0                 10.4771213   -8.18712259974e-07                  0.0                  0.0    2.060108049118607  -2.5192896062650143               -100.0
  1.0                 11.0000000   -8.18712259974e-07                  0.0                  0.0    5.059152653927408   0.9467103937349858               -100.0
  1.5                  7.0000000     -3.204353268e-09                  0.0                  0.0   -5.933330048151839  -11.916289606265014               -100.0
  1.5                  8.0000000    -7.6904478432e-08                  0.0                  0.0   -5.942109684718861  -11.928289606265015               -100.0
  1.5                  8.3010300    -1.8425031291e-07                  0.0                  0.0   -5.927532238053157  -11.912289606265015               -100.0
  1.5                  8.4771213   -3.01209207192e-07                  0.0                  0.0  -5.8614443236944265  -11.842289606265014               -100.0
  1.5                  8.6020600   -4.27781161278e-07                  0.0                  0.0   -5.768099649150233  -11.744289606265014               -100.0
  1.5                  8.6989700   -5.59159645266e-07                  0.0                  0.0   -5.672537644615881  -11.642289606265015               -100.0
  1.5                  8.7781513   -6.92140305888e-07                  0.0                  0.0   -5.580783321510205  -11.546289606265015               -100.0
  1.5                  8.8450980   -7.80260020758e-07                  0.0                  0.0   -5.496266526183833  -11.456289606265013               -100.0
  1.5                  8.9030900   -8.05894846902e-07                  0.0                  0.0   -5.417020823492387  -11.371289606265014               -100.0
  1.5                  8.9542425   -8.13905730072e-07                  0.0                  0.0   -5.344060629055052  -11.292289606265014               -100.0
  1.5                  9.0000000   -8.15507906706e-07                  0.0                  0.0   -5.274101996996642  -11.213289606265015               -100.0
  1.5                  9.1760913   -8.18712259974e-07                  0.0                  0.0   -4.913164129446961  -10.757289606265013               -100.0
  1.5                  9.3010300   -8.18712259974e-07                  0.0                  0.0   -4.474432089936112  -10.199289606265014               -100.0
  1.5                  9.4771213   -8.18712259974e-07                  0.0                  0.0   -3.638971022935184   -9.220289606265014               -100.0
  1.5                  9.6020600   -8.18712259974e-07                  0.0                  0.0  -2.9917307139176517   -8.476289606265015               -100.0
  1.5                  9.6989700   -8.18712259974e-07                  0.0                  0.0   -2.480693764607292  -7.8882896062650145               -100.0
  1.5                  9.8750613   -8.18712259974e-07                  0.0                  0.0   -1.532380787706386   -6.799289606265014               -100.0
  1.5                 10.0000000   -8.18712259974e-07                  0.0                  0.0  -0.8389397852073069   -5.990289606265014               -100.0
  1.5                 10.4771213   -8.18712259974e-07                  0.0                  0.0    2.060108049118607  -2.5192896062650143               -100.0
  1.5                 11.0000000   -8.18712259974e-07                  0.0                  0.0    5.059152653927408   0.9467103937349858               -100.0
  2.0                  7.0000000     -1.602176634e-09                  0.0                  0.0   -5.904750592367515  -11.881289606265014               -100.0
  2.0                  8.0000000    -6.0882712092e-08                  0.0                  0.0  -5.9317545831292575  -11.915289606265015               -100.0
  2.0                  8.3010300    -1.5220678023e-07                  0.0                  0.0   -5.920127319420964  -11.902289606265015               -100.0
  2.0                  8.4771213   -2.53143908172e-07                  0.0                  0.0   -5.855969128299607  -11.835289606265015               -100.0
  2.0                  8.6020600   -3.63694095918e-07                  0.0                  0.0   -5.764018773268027  -11.738289606265013               -100.0
  2.0                  8.6989700     -4.806529902e-07                  0.0                  0.0   -5.669402902287451  -11.638289606265014               -100.0
  2.0                  8.7781513    -6.0081623775e-07                  0.0                  0.0   -5.578327626619442  -11.543289606265015               -100.0
  2.0                  8.8450980   -7.14570778764e-07                  0.0                  0.0   -5.494595284394363  -11.453289606265015               -100.0
  2.0                  8.9030900   -7.80260020758e-07                  0.0                  0.0   -5.415961945642585  -11.370289606265015               -100.0
  2.0                  8.9542425   -8.02690493634e-07                  0.0                  0.0  -5.3432523179648115  -11.290289606265015               -100.0
  2.0                  9.0000000   -8.10701376804e-07                  0.0                  0.0   -5.273402591734633  -11.212289606265013               -100.0
  2.0                  9.1760913   -8.18712259974e-07                  0.0                  0.0   -4.912857572658292  -10.757289606265013               -100.0
  2.0                  9.3010300   -8.18712259974e-07                  0.0                  0.0   -4.474432089936112  -10.199289606265014               -100.0
  2.0                  9.4771213   -8.18712259974e-07                  0.0                  0.0   -3.638971022935184   -9.220289606265014               -100.0
  2.0                  9.6020600   -8.18712259974e-07                  0.0                  0.0  -2.9917307139176517   -8.476289606265015               -100.0
  2.0                  9.6989700   -8.18712259974e-07                  0.0                  0.0   -2.480693764607292  -7.8882896062650145               -100.0
  2.0                  9.8750613   -8.18712259974e-07                  0.0                  0.0   -1.532380787706386   -6.799289606265014               -100.0
  2.0                 10.0000000   -8.18712259974e-07                  0.0                  0.0  -0.8389397852073069   -5.990289606265014               -100.0
  2.0                 10.4771213   -8.18712259974e-07                  0.0                  0.0    2.060108049118607  -2.5192896062650143               -100.0
  2.0                 11.0000000   -8.18712259974e-07                  0.0                  0.0    5.059152653927408   0.9467103937349858               -100.0
  2.5                  7.0000000      1.602176634e-09                  0.0                  0.0   -5.833622369163343  -11.796289606265015               -100.0
  2.5                  8.0000000    -4.4860945752e-08                  0.0                  0.0   -5.900614205169435  -11.877289606265014               -100.0
  2.5                  8.3010300    -1.2016324755e-07                  0.0                  0.0   -5.897582909576773  -11.874289606265014               -100.0
  2.5                  8.4771213   -2.06680785786e-07                  0.0                  0.0   -5.839095793699882  -11.813289606265014               -100.0
  2.5                  8.6020600   -3.01209207192e-07                  0.0                  0.0   -5.751360627268226  -11.722289606265013               -100.0
  2.5                  8.6989700     -4.005441585e-07                  0.0                  0.0   -5.659626004935389  -11.625289606265014               -100.0
  2.5                  8.7781513   -5.06287816344e-07                  0.0                  0.0   -5.570543721044285  -11.532289606265014               -100.0
  2.5                  8.8450980   -6.13633650822e-07                  0.0                  0.0   -5.488406463918763  -11.444289606265015               -100.0
  2.5                  8.9030900   -7.11366425496e-07                  0.0                  0.0    -5.41166512485753  -11.363289606265013               -100.0
  2.5                  8.9542425    -7.6904478432e-07                  0.0                  0.0   -5.340282260526766  -11.286289606265013               -100.0
  2.5                  9.0000000   -7.94679610464e-07                  0.0                  0.0   -5.271140081587599  -11.208289606265014               -100.0
  2.5                  9.1760913   -8.15507906706e-07                  0.0                  0.0  -4.9119349623470905  -10.755289606265015               -100.0
  2.5                  9.3010300   -8.18712259974e-07                  0.0                  0.0    -4.47380458319636  -10.198289606265014               -100.0
  2.5                  9.4771213   -8.18712259974e-07                  0.0                  0.0   -3.638971022935184   -9.219289606265015               -100.0
  2.5                  9.6020600   -8.18712259974e-07                  0.0                  0.0  -2.9917307139176517   -8.476289606265015               -100.0
  2.5                  9.6989700   -8.18712259974e-07                  0.0                  0.0    -2.47973499471558  -7.8882896062650145               -100.0
  2.5                  9.8750613   -8.18712259974e-07                  0.0                  0.0   -1.532380787706386   -6.799289606265014               -100.0
  2.5                 10.0000000   -8.18712259974e-07                  0.0                  0.0  -0.8389397852073069   -5.990289606265014               -100.0
  2.5                 10.4771213   -8.18712259974e-07                  0.0                  0.0    2.060108049118607  -2.5192896062650143               -100.0
  2.5                 11.0000000   -8.18712259974e-07                  0.0                  0.0    5.059152653927408   0.9467103937349858               -100.0
  3.0                  7.0000000      3.204353268e-09                  0.0                  0.0   -5.697621450266116  -11.640289606265014               -100.0
  3.0                  8.0000000    -2.8839179412e-08                  0.0                  0.0    -5.81590419215187  -11.775289606265014               -100.0
  3.0                  8.3010300     -8.811971487e-08                  0.0                  0.0   -5.833274946670028  -11.796289606265015               -100.0
  3.0                  8.4771213   -1.58615486766e-07                  0.0                  0.0    -5.78983889004532  -11.752289606265014               -100.0
  3.0                  8.6020600   -2.37122141832e-07                  0.0                  0.0    -5.71372165568611  -11.674289606265013               -100.0
  3.0                  8.6989700     -3.204353268e-07                  0.0                  0.0    -5.63008221904985  -11.586289606265014               -100.0
  3.0                  8.7781513   -4.10157218304e-07                  0.0                  0.0   -5.546759277272878  -11.500289606265014               -100.0
  3.0                  8.8450980   -5.03083463076e-07                  0.0                  0.0   -5.468753167857832  -11.417289606265014               -100.0
  3.0                  8.9030900   -5.99214061116e-07                  0.0                  0.0   -5.395702694671415  -11.340289606265014               -100.0
  3.0                  8.9542425   -6.85731599352e-07                  0.0                  0.0   -5.328428006677549  -11.268289606265014               -100.0
  3.0                  9.0000000   -7.46614311444e-07                  0.0                  0.0   -5.262557158287089  -11.195289606265014               -100.0
  3.0                  9.1760913   -8.10701376804e-07                  0.0                  0.0   -4.908514161954083  -10.750289606265014               -100.0
  3.0                  9.3010300    -8.1711008334e-07                  0.0                  0.0   -4.472547955876073  -10.196289606265013               -100.0
  3.0                  9.4771213   -8.18712259974e-07                  0.0                  0.0   -3.638971022935184   -9.219289606265015               -100.0
  3.0                  9.6020600   -8.18712259974e-07                  0.0                  0.0  -2.9917307139176517   -8.476289606265015               -100.0
  3.0                  9.6989700   -8.18712259974e-07                  0.0                  0.0    -2.47973499471558  -7.8882896062650145               -100.0
  3.0                  9.8750613   -8.18712259974e-07                  0.0                  0.0   -1.532380787706386   -6.799289606265014               -100.0
  3.0                 10.0000000   -8.18712259974e-07                  0.0                  0.0  -0.8389397852073069   -5.990289606265014               -100.0
  3.0                 10.4771213   -8.18712259974e-07                  0.0                  0.0    2.060108049118607  -2.5192896062650143               -100.0
  3.0                 11.0000000   -8.18712259974e-07                  0.0                  0.0    5.059152653927408   0.9467103937349858               -100.0
  3.5                  7.0000000       8.01088317e-09                  0.0                  0.0   -5.499086613868231  -11.422289606265014               -100.0
  3.5                  8.0000000    -1.1215236438e-08                  0.0                  0.0   -5.629156640316475  -11.563289606265014               -100.0
  3.5                  8.3010300    -5.4474005556e-08                  0.0                  0.0    -5.67842361836026  -11.616289606265013               -100.0
  3.5                  8.4771213   -1.10550187746e-07                  0.0                  0.0   -5.663658985068504  -11.602289606265014               -100.0
  3.5                  8.6020600   -1.73035076472e-07                  0.0                  0.0    -5.61268958316549  -11.550289606265014               -100.0
  3.5                  8.6989700     -2.403264951e-07                  0.0                  0.0   -5.548278844164242  -11.483289606265014               -100.0
  3.5                  8.7781513   -3.14026620264e-07                  0.0                  0.0   -5.479120345510452  -11.412289606265015               -100.0
  3.5                  8.8450980    -3.9253327533e-07                  0.0                  0.0   -5.411716360060616  -11.340289606265014               -100.0
  3.5                  8.9030900    -4.7264210703e-07                  0.0                  0.0   -5.346681759572123  -11.272289606265014               -100.0
  3.5                  8.9542425   -5.55955291998e-07                  0.0                  0.0   -5.286883939031558  -11.208289606265014               -100.0
  3.5                  9.0000000   -6.36064123698e-07                  0.0                  0.0   -5.229328270477874  -11.147289606265014               -100.0
  3.5                  9.1760913   -7.94679610464e-07                  0.0                  0.0   -4.896559097556644  -10.735289606265015               -100.0
  3.5                  9.3010300   -8.12303553438e-07                  0.0                  0.0   -4.467499975613428  -10.190289606265013               -100.0
  3.5                  9.4771213    -8.1711008334e-07                  0.0                  0.0   -3.637244636863989   -9.218289606265014               -100.0
  3.5                  9.6020600    -8.1711008334e-07                  0.0                  0.0  -2.9917307139176517   -8.476289606265015               -100.0
  3.5                  9.6989700   -8.18712259974e-07                  0.0                  0.0    -2.47973499471558  -7.8882896062650145               -100.0
  3.5                  9.8750613   -8.18712259974e-07                  0.0                  0.0   -1.532380787706386   -6.799289606265014               -100.0
  3.5                 10.0000000   -8.18712259974e-07                  0.0                  0.0  -0.8389397852073069   -5.990289606265014               -100.0
  3.5                 10.4771213   -8.18712259974e-07                  0.0                  0.0    2.060108049118607  -2.5192896062650143               -100.0
  3.5                 11.0000000   -8.18712259974e-07                  0.0                  0.0    5.059152653927408   0.9467103937349858               -100.0
  4.0                  7.0000000     1.9226119608e-08                  0.0                  0.0  -5.2426664180904625  -11.151289606265014               -100.0
  4.0                  8.0000000       8.01088317e-09                  0.0                  0.0   -5.330704571925034  -11.241289606265013               -100.0
  4.0                  8.3010300    -2.0828296242e-08                  0.0                  0.0   -5.396843238359899  -11.310289606265014               -100.0
  4.0                  8.4771213    -6.0882712092e-08                  0.0                  0.0   -5.412505205007162  -11.322289606265015               -100.0
  4.0                  8.6020600   -1.07345834478e-07                  0.0                  0.0   -5.395668038558549  -11.301289606265014               -100.0
  4.0                  8.6989700     -1.602176634e-07                  0.0                  0.0  -5.3608042393005775  -11.261289606265015               -100.0
  4.0                  8.7781513   -2.17896022224e-07                  0.0                  0.0   -5.316853007029796  -11.213289606265015               -100.0
  4.0                  8.8450980    -2.8038091095e-07                  0.0                  0.0   -5.269233826325791  -11.160289606265014               -100.0
  4.0                  8.9030900   -3.46070152944e-07                  0.0                  0.0   -5.220289178888315  -11.108289606265014               -100.0
  4.0                  8.9542425   -4.13361571572e-07                  0.0                  0.0   -5.173200862410052  -11.056289606265015               -100.0
  4.0                  9.0000000   -4.85459520102e-07                  0.0                  0.0  -5.1275708300369525  -11.007289606265013               -100.0
  4.0                  9.1760913   -7.43409958176e-07                  0.0                  0.0    -4.85855739720566  -10.683289606265014               -100.0
  4.0                  9.3010300   -7.96281787098e-07                  0.0                  0.0  -4.4521513475435786  -10.173289606265014               -100.0
  4.0                  9.4771213   -8.12303553438e-07                  0.0                  0.0   -3.633788610838142   -9.214289606265014               -100.0
  4.0                  9.6020600   -8.15507906706e-07                  0.0                  0.0  -2.9898778891326363   -8.474289606265014               -100.0
  4.0                  9.6989700    -8.1711008334e-07                  0.0                  0.0    -2.47973499471558  -7.8882896062650145               -100.0
  4.0                  9.8750613   -8.18712259974e-07                  0.0                  0.0   -1.532380787706386   -6.798289606265014               -100.0
  4.0                 10.0000000   -8.18712259974e-07                  0.0                  0.0  -0.8389397852073069   -5.990289606265014               -100.0
  4.0                 10.4771213   -8.18712259974e-07                  0.0                  0.0    2.060108049118607  -2.5192896062650143               -100.0
  4.0                 11.0000000   -8.18712259974e-07                  0.0                  0.0    5.059152653927408   0.9467103937349858               -100.0
  4.5                  7.0000000      4.005441585e-08                  0.0                  0.0   -4.944616798934921  -10.843289606265014               -100.0
  4.5                  8.0000000     3.5247885948e-08                  0.0                  0.0   -4.977694179824777  -10.875289606265014               -100.0
  4.5                  8.3010300     1.9226119608e-08                  0.0                  0.0   -5.024493885113769  -10.920289606265014               -100.0
  4.5                  8.4771213     -6.408706536e-09                  0.0                  0.0   -5.048854031965809  -10.938289606265014               -100.0
  4.5                  8.6020600    -3.8452239216e-08                  0.0                  0.0   -5.052582074043891  -10.932289606265014               -100.0
  4.5                  8.6989700    -7.5302301798e-08                  0.0                  0.0   -5.041692934008638  -10.911289606265013               -100.0
  4.5                  8.7781513   -1.18561070916e-07                  0.0                  0.0   -5.021336545560813  -10.881289606265014               -100.0
  4.5                  8.8450980   -1.65024193302e-07                  0.0                  0.0     -4.9958857704456  -10.845289606265014               -100.0
  4.5                  8.9030900   -2.14691668956e-07                  0.0                  0.0   -4.966266605081125  -10.808289606265014               -100.0
  4.5                  8.9542425   -2.67563497878e-07                  0.0                  0.0   -4.935634849589319  -10.769289606265014               -100.0
  4.5                  9.0000000   -3.23639680068e-07                  0.0                  0.0  -4.9042338263257905  -10.732289606265015               -100.0
  4.5                  9.1760913   -6.12031474188e-07                  0.0                  0.0  -4.7313957878151855  -10.520289606265013               -100.0
  4.5                  9.3010300   -7.48216488078e-07                  0.0                  0.0   -4.403623025115182  -10.115289606265014               -100.0
  4.5                  9.4771213      -8.01088317e-07                  0.0                  0.0    -3.62326238039495   -9.202289606265014               -100.0
  4.5                  9.6020600   -8.10701376804e-07                  0.0                  0.0   -2.986170362040992   -8.470289606265014               -100.0
  4.5                  9.6989700   -8.13905730072e-07                  0.0                  0.0  -2.4777761338983404   -7.886289606265015               -100.0
  4.5                  9.8750613    -8.1711008334e-07                  0.0                  0.0  -1.5314004163684443   -6.798289606265014               -100.0
  4.5                 10.0000000    -8.1711008334e-07                  0.0                  0.0  -0.8389397852073069   -5.990289606265014               -100.0
  4.5                 10.4771213   -8.18712259974e-07                  0.0                  0.0    2.060108049118607  -2.5192896062650143               -100.0
  4.5                 11.0000000   -8.18712259974e-07                  0.0                  0.0    5.059152653927408   0.9467103937349858               -100.0
  5.0                  7.0000000     8.4915361602e-08                  0.0                  0.0   -4.602922624103137  -10.493289606265014               -100.0
  5.0                  8.0000000     8.3313184968e-08                  0.0                  0.0   -4.611465847542752  -10.501289606265015               -100.0
  5.0                  8.3010300     7.5302301798e-08                  0.0                  0.0   -4.624984425456399  -10.512289606265014               -100.0
  5.0                  8.4771213     6.0882712092e-08                  0.0                  0.0   -4.635546069538293  -10.513289606265014               -100.0
  5.0                  8.6020600     4.1656592484e-08                  0.0                  0.0   -4.637730713917652  -10.502289606265014               -100.0
  5.0                  8.6989700     1.7623942974e-08                  0.0                  0.0   -4.632607314841775  -10.484289606265014               -100.0
  5.0                  8.7781513    -1.1215236438e-08                  0.0                  0.0  -4.6225001880332295  -10.460289606265015               -100.0
  5.0                  8.8450980    -4.3258769118e-08                  0.0                  0.0   -4.608091843395922  -10.431289606265015               -100.0
  5.0                  8.9030900    -7.8506655066e-08                  0.0                  0.0   -4.589708787100484  -10.401289606265014               -100.0
  5.0                  8.9542425   -1.15356717648e-07                  0.0                  0.0   -4.569817956990491  -10.368289606265014               -100.0
  5.0                  9.0000000   -1.57013310132e-07                  0.0                  0.0  -4.5493553110140645  -10.336289606265014               -100.0
  5.0                  9.1760913   -3.94135451964e-07                  0.0                  0.0   -4.437158473000889  -10.179289606265014               -100.0
  5.0                  9.3010300   -6.13633650822e-07                  0.0                  0.0   -4.249617960292318   -9.942289606265014               -100.0
  5.0                  9.4771213   -7.62636077784e-07                  0.0                  0.0   -3.588355925425116   -9.166289606265014               -100.0
  5.0                  9.6020600    -7.9307743383e-07                  0.0                  0.0  -2.9741038238959088   -8.457289606265014               -100.0
  5.0                  9.6989700   -8.04292670268e-07                  0.0                  0.0  -2.4710615783392287   -7.879289606265014               -100.0
  5.0                  9.8750613   -8.12303553438e-07                  0.0                  0.0   -1.530420000769964   -6.796289606265014               -100.0
  5.0                 10.0000000   -8.15507906706e-07                  0.0                  0.0  -0.8379804726341182  -5.9892896062650145               -100.0
  5.0                 10.4771213   -8.18712259974e-07                  0.0                  0.0    2.060108049118607  -2.5192896062650143               -100.0
  5.0                 11.0000000   -8.18712259974e-07                  0.0                  0.0    5.059152653927408   0.9467103937349858               -100.0
  5.5                  7.0000000    1.74637253106e-07                  0.0                  0.0   -4.209987429449363  -10.089289606265014               -100.0
  5.5                  8.0000000    1.73035076472e-07                  0.0                  0.0    -4.21291397599432  -10.092289606265014               -100.0
  5.5                  8.3010300     1.6822854657e-07                  0.0                  0.0   -4.211632535818203  -10.088289606265015               -100.0
  5.5                  8.4771213    1.61819840034e-07                  0.0                  0.0    -4.20731867815405  -10.075289606265015               -100.0
  5.5                  8.6020600     1.5220678023e-07                  0.0                  0.0   -4.199173462219411  -10.054289606265014               -100.0
  5.5                  8.6989700    1.37787190524e-07                  0.0                  0.0   -4.189528011016659  -10.028289606265014               -100.0
  5.5                  8.7781513    1.21765424184e-07                  0.0                  0.0   -4.176580116099679  -10.001289606265015               -100.0
  5.5                  8.8450980    1.02539304576e-07                  0.0                  0.0  -4.1615119781326895   -9.970289606265014               -100.0
  5.5                  8.9030900       8.01088317e-08                  0.0                  0.0   -4.145346050887561   -9.939289606265014               -100.0
  5.5                  8.9542425     5.4474005556e-08                  0.0                  0.0   -4.127368209142468   -9.907289606265014               -100.0
  5.5                  9.0000000     2.7237002778e-08                  0.0                  0.0   -4.109491540067175   -9.876289606265015               -100.0
  5.5                  9.1760913   -1.40991543792e-07                  0.0                  0.0   -4.016861556220682   -9.728289606265013               -100.0
  5.5                  9.3010300   -3.46070152944e-07                  0.0                  0.0  -3.9085127991822786   -9.575289606265015               -100.0
  5.5                  9.4771213   -6.44075006868e-07                  0.0                  0.0  -3.4802741780921185   -9.053289606265015               -100.0
  5.5                  9.6020600   -7.38603428274e-07                  0.0                  0.0   -2.933947915700896   -8.417289606265014               -100.0
  5.5                  9.6989700   -7.72249137588e-07                  0.0                  0.0   -2.452775617677187   -7.861289606265014               -100.0
  5.5                  9.8750613   -7.99486140366e-07                  0.0                  0.0  -1.5245365831708582   -6.791289606265014               -100.0
  5.5                 10.0000000    -8.0909920017e-07                  0.0                  0.0  -0.8360615783392288   -5.987289606265014               -100.0
  5.5                 10.4771213    -8.1711008334e-07                  0.0                  0.0    2.060108049118607  -2.5192896062650143               -100.0
  5.5                 11.0000000   -8.18712259974e-07                  0.0                  0.0    5.059152653927408   0.9467103937349858               -100.0
  6.0                  7.0000000     3.4446797631e-07                  0.0                  0.0  -3.7442746585094784   -9.602289606265014               -100.0
  6.0                  8.0000000    3.42865799676e-07                  0.0                  0.0  -3.7452621184739225   -9.604289606265015               -100.0
  6.0                  8.3010300    3.39661446408e-07                  0.0                  0.0   -3.744166216617914   -9.600289606265015               -100.0
  6.0                  8.4771213     3.3645709314e-07                  0.0                  0.0   -3.736747949571565   -9.585289606265015               -100.0
  6.0                  8.6020600    3.30048386604e-07                  0.0                  0.0   -3.726057139701475   -9.562289606265015               -100.0
  6.0                  8.6989700    3.22037503434e-07                  0.0                  0.0    -3.71223132426668   -9.535289606265014               -100.0
  6.0                  8.7781513    3.14026620264e-07                  0.0                  0.0  -3.6963122912002677   -9.504289606265015               -100.0
  6.0                  8.8450980    3.02811383826e-07                  0.0                  0.0  -3.6793555680227166   -9.472289606265015               -100.0
  6.0                  8.9030900     2.8839179412e-07                  0.0                  0.0   -3.661379760512854   -9.440289606265015               -100.0
  6.0                  8.9542425    2.73972204414e-07                  0.0                  0.0  -3.6434395410087594   -9.407289606265014               -100.0
  6.0                  9.0000000    2.57950438074e-07                  0.0                  0.0  -3.6245581986746114   -9.376289606265015               -100.0
  6.0                  9.1760913    1.47400250328e-07                  0.0                  0.0   -3.533224413143822   -9.229289606265015               -100.0
  6.0                  9.3010300      1.602176634e-09                  0.0                  0.0  -3.4416507526675884   -9.091289606265015               -100.0
  6.0                  9.4771213   -3.39661446408e-07                  0.0                  0.0  -3.1966858941678415   -8.759289606265014               -100.0
  6.0                  9.6020600    -5.6877270507e-07                  0.0                  0.0  -2.8120830679688233   -8.291289606265014               -100.0
  6.0                  9.6989700   -6.71312009646e-07                  0.0                  0.0  -2.3939261023294094   -7.800289606265014               -100.0
  6.0                  9.8750613   -7.59431724516e-07                  0.0                  0.0  -1.5088212204239662   -6.775289606265014               -100.0
  6.0                 10.0000000   -7.86668727294e-07                  0.0                  0.0  -0.8303027558818518  -5.9812896062650145               -100.0
  6.0                 10.4771213   -8.15507906706e-07                  0.0                  0.0    2.060108049118607   -2.518289606265014               -100.0
  6.0                 11.0000000   -8.18712259974e-07                  0.0                  0.0    5.059152653927408   0.9467103937349858               -100.0
  6.5                  7.0000000    6.45677183502e-07                  0.0                  0.0  -3.1842511241602813   -8.999289606265014               -100.0
  6.5                  8.0000000    6.42472830234e-07                  0.0                  0.0  -3.1882424601452914   -9.002289606265014               -100.0
  6.5                  8.3010300      6.408706536e-07                  0.0                  0.0  -3.1852194621210557   -8.998289606265015               -100.0
  6.5                  8.4771213    6.37666300332e-07                  0.0                  0.0  -3.1800998100944162   -8.987289606265014               -100.0
  6.5                  8.6020600    6.34461947064e-07                  0.0                  0.0   -3.170905446687335   -8.969289606265015               -100.0
  6.5                  8.6989700    6.29655417162e-07                  0.0                  0.0  -3.1596691817977947   -8.947289606265015               -100.0
  6.5                  8.7781513    6.23246710626e-07                  0.0                  0.0  -3.1464041717353908   -8.922289606265014               -100.0
  6.5                  8.8450980     6.1683800409e-07                  0.0                  0.0  -3.1311299683371034   -8.895289606265015               -100.0
  6.5                  8.9030900     6.0882712092e-07                  0.0                  0.0  -3.1158437171745486   -8.867289606265015               -100.0
  6.5                  8.9542425    5.99214061116e-07                  0.0                  0.0  -3.0995702093889586   -8.838289606265015               -100.0
  6.5                  9.0000000    5.89601001312e-07                  0.0                  0.0   -3.082311936114416   -8.809289606265015               -100.0
  6.5                  9.1760913     5.2070740605e-07                  0.0                  0.0   -2.998310747508548   -8.675289606265014               -100.0
  6.5                  9.3010300     4.2457680801e-07                  0.0                  0.0  -2.9144967016920758   -8.549289606265015               -100.0
  6.5                  9.4771213    1.61819840034e-07                  0.0                  0.0   -2.729483414566465   -8.280289606265015               -100.0
  6.5                  9.6020600   -1.39389367158e-07                  0.0                  0.0  -2.5022746713065063   -7.974289606265014               -100.0
  6.5                  9.6989700   -3.74909332356e-07                  0.0                  0.0  -2.2178676937349677   -7.620289606265014               -100.0
  6.5                  9.8750613   -6.34461947064e-07                  0.0                  0.0  -1.4577032273179484   -6.724289606265014               -100.0
  6.5                 10.0000000   -7.17775132032e-07                  0.0                  0.0   -0.809122114403011   -5.960289606265015               -100.0
  6.5                 10.4771213   -8.07497023536e-07                  0.0                  0.0   2.0610738976705902   -2.518289606265014               -100.0
  6.5                 11.0000000    -8.1711008334e-07                  0.0                  0.0    5.059152653927408   0.9477103937349862               -100.0
  7.0                  7.0000000   1.142351940042e-06                  0.0                  0.0   -2.525835675565461   -8.270289606265015               -100.0
  7.0                  8.0000000   1.142351940042e-06                  0.0                  0.0   -2.515839045237553   -8.260289606265014               -100.0
  7.0                  8.3010300    1.13754541014e-06                  0.0                  0.0  -2.5188318486985732   -8.262289606265014               -100.0
  7.0                  8.4771213   1.134341056872e-06                  0.0                  0.0  -2.5148056040960913   -8.254289606265015               -100.0
  7.0                  8.6020600   1.132738880238e-06                  0.0                  0.0   -2.508761951591848   -8.242289606265015               -100.0
  7.0                  8.6989700    1.12953452697e-06                  0.0                  0.0    -2.50070850000399   -8.227289606265014               -100.0
  7.0                  8.7781513   1.126330173702e-06                  0.0                  0.0  -2.4916471355821708   -8.210289606265015               -100.0
  7.0                  8.8450980     1.1215236438e-06                  0.0                  0.0   -2.481581615966506   -8.191289606265014               -100.0
  7.0                  8.9030900   1.115114937264e-06                  0.0                  0.0   -2.470512986744569   -8.171289606265015               -100.0
  7.0                  8.9542425   1.110308407362e-06                  0.0                  0.0  -2.4584460031652053   -8.150289606265014               -100.0
  7.0                  9.0000000   1.102297524192e-06                  0.0                  0.0  -2.4463798821744667   -8.129289606265015               -100.0
  7.0                  9.1760913   1.059038755074e-06                  0.0                  0.0   -2.382110103933142   -8.024289606265015               -100.0
  7.0                  9.3010300    9.96553866348e-07                  0.0                  0.0  -2.3148722306052743   -7.921289606265014               -100.0
  7.0                  9.4771213     8.1711008334e-07                  0.0                  0.0   -2.165959373142115  -7.6992896062650145               -100.0
  7.0                  9.6020600     5.7678358824e-07                  0.0                  0.0   -1.999641818701889   -7.460289606265015               -100.0
  7.0                  9.6989700    3.01209207192e-07                  0.0                  0.0  -1.8238816475792987   -7.220289606265014               -100.0
  7.0                  9.8750613   -2.51541731538e-07                  0.0                  0.0  -1.3048097699027752   -6.569289606265015               -100.0
  7.0                 10.0000000   -5.03083463076e-07                  0.0                  0.0  -0.7454293601731883  -5.8962896062650145               -100.0
  7.0                 10.4771213    -7.8506655066e-07                  0.0                  0.0   2.0630058222208736  -2.5152896062650143               -100.0
  7.0                 11.0000000   -8.15507906706e-07                  0.0                  0.0    5.060152302894672   0.9477103937349862               -100.0
  7.5                  7.0000000   1.921009784166e-06                  0.0                  0.0  -1.7459727246285626   -7.394289606265014               -100.0
  7.5                  8.0000000   1.921009784166e-06                  0.0                  0.0   -1.744972724628563   -7.393289606265014               -100.0
  7.5                  8.3010300    1.91460107763e-06                  0.0                  0.0  -1.7479715049079876  -7.3962896062650145               -100.0
  7.5                  8.4771213    1.91460107763e-06                  0.0                  0.0  -1.7469668283002817   -7.392289606265014               -100.0
  7.5                  8.6020600   1.912998900996e-06                  0.0                  0.0  -1.7429591902526342   -7.385289606265014               -100.0
  7.5                  8.6989700   1.909794547728e-06                  0.0                  0.0  -1.7379496778543986   -7.376289606265014               -100.0
  7.5                  8.7781513   1.908192371094e-06                  0.0                  0.0    -1.73293851720963   -7.366289606265014               -100.0
  7.5                  8.8450980   1.904988017826e-06                  0.0                  0.0  -1.7269264220773954   -7.354289606265014               -100.0
  7.5                  8.9030900   1.901783664558e-06                  0.0                  0.0   -1.719913554759287   -7.342289606265014               -100.0
  7.5                  8.9542425   1.896977134656e-06                  0.0                  0.0  -1.7119007490471458   -7.328289606265014               -100.0
  7.5                  9.0000000   1.892170604754e-06                  0.0                  0.0  -1.7038878683418697   -7.315289606265014               -100.0
  7.5                  9.1760913   1.863331425342e-06                  0.0                  0.0  -1.6628302931176904   -7.245289606265014               -100.0
  7.5                  9.3010300   1.821674832858e-06                  0.0                  0.0  -1.6177737069792115   -7.174289606265014               -100.0
  7.5                  9.4771213   1.701511585308e-06                  0.0                  0.0   -1.511548603078083   -7.012289606265014               -100.0
  7.5                  9.6020600   1.534885215372e-06                  0.0                  0.0  -1.3881789422254944   -6.827289606265015               -100.0
  7.5                  9.6989700   1.323397899684e-06                  0.0                  0.0  -1.2598696342086946   -6.640289606265014               -100.0
  7.5                  9.8750613    6.85731599352e-07                  0.0                  0.0  -0.9347527045162127   -6.193289606265014               -100.0
  7.5                 10.0000000     1.3618501389e-07                  0.0                  0.0  -0.5565366685011163   -5.705289606265014               -100.0
  7.5                 10.4771213    -7.1296860213e-07                  0.0                  0.0    2.069803403774434   -2.508289606265014               -100.0
  7.5                 11.0000000    -8.0909920017e-07                  0.0                  0.0    5.060152302894672   0.9477103937349862               -100.0
  8.0                  7.0000000   3.105018316692e-06                  0.0                  0.0  -0.8889962087500667   -6.422289606265014               -100.0
  8.0                  8.0000000   3.105018316692e-06                  0.0                  0.0  -0.8879962087500667   -6.421289606265014               -100.0
  8.0                  8.3010300   3.105018316692e-06                  0.0                  0.0  -0.8869960755179317  -6.4202896062650145               -100.0
  8.0                  8.4771213   3.097007433522e-06                  0.0                  0.0  -0.8909953785101818   -6.423289606265014               -100.0
  8.0                  8.6020600   3.097007433522e-06                  0.0                  0.0  -0.8889942880886913   -6.419289606265014               -100.0
  8.0                  8.6989700   3.095405256888e-06                  0.0                  0.0  -0.8869929078034132   -6.415289606265014               -100.0
  8.0                  8.7781513   3.093803080254e-06                  0.0                  0.0  -0.8839912947758404   -6.409289606265014               -100.0
  8.0                  8.8450980   3.090598726986e-06                  0.0                  0.0  -0.8799895340398135   -6.403289606265014               -100.0
  8.0                  8.9030900   3.088996550352e-06                  0.0                  0.0  -0.8759876183614866  -6.3962896062650145               -100.0
  8.0                  8.9542425   3.085792197084e-06                  0.0                  0.0  -0.8719856524701318  -6.3882896062650145               -100.0
  8.0                  9.0000000   3.082587843816e-06                  0.0                  0.0  -0.8679836402700156   -6.381289606265014               -100.0
  8.0                  9.1760913   3.063361724208e-06                  0.0                  0.0  -0.8449741909863845  -6.3402896062650145               -100.0
  8.0                  9.3010300   3.034522544796e-06                  0.0                  0.0   -0.818964044417133   -6.298289606265014               -100.0
  8.0                  9.4771213   2.952811536462e-06                  0.0                  0.0  -0.7549209785853879   -6.195289606265014               -100.0
  8.0                  9.6020600   2.839056995448e-06                  0.0                  0.0   -0.674840887334018   -6.070289606265014               -100.0
  8.0                  9.6989700   2.693258921754e-06                  0.0                  0.0  -0.5877597495661803   -5.936289606265015               -100.0
  8.0                  9.8750613   2.199788518482e-06                  0.0                  0.0 -0.36438979021049855   -5.608289606265014               -100.0
  8.0                 10.0000000    1.57814398449e-06                  0.0                  0.0  -0.1334108755847664   -5.275289606265014               -100.0
  8.0                 10.4771213   -4.82255166834e-07                  0.0                  0.0    2.092147873593692   -2.486289606265014               -100.0
  8.0                 11.0000000   -7.88270903928e-07                  0.0                  0.0    5.060152302894672   0.9477103937349862               -100.0
  8.5                  7.0000000   4.873821320628e-06                  0.0                  0.0 0.028000458969770187  -5.3722896062650145               -100.0
  8.5                  8.0000000   4.873821320628e-06                  0.0                  0.0 0.027000461088277184  -5.3722896062650145               -100.0
  8.5                  8.3010300   4.873821320628e-06                  0.0                  0.0 0.027000478392180234   -5.371289606265014               -100.0
  8.5                  8.4771213   4.873821320628e-06                  0.0                  0.0  0.02800055690873897   -5.370289606265014               -100.0
  8.5                  8.6020600    4.86260608419e-06                  0.0                  0.0 0.025000696280068124   -5.373289606265014               -100.0
  8.5                  8.6989700    4.86260608419e-06                  0.0                  0.0 0.026000866530548793   -5.371289606265014               -100.0
  8.5                  8.7781513   4.861003907556e-06                  0.0                  0.0 0.027001068522759467   -5.368289606265014               -100.0
  8.5                  8.8450980   4.859401730922e-06                  0.0                  0.0   0.0290012905762421   -5.365289606265014               -100.0
  8.5                  8.9030900   4.857799554288e-06                  0.0                  0.0 0.030001537388197268   -5.362289606265014               -100.0
  8.5                  8.9542425   4.856197377654e-06                  0.0                  0.0  0.03300178559688038   -5.359289606265014               -100.0
  8.5                  9.0000000   4.852993024386e-06                  0.0                  0.0   0.0340020501389004   -5.354289606265014               -100.0
  8.5                  9.1760913   4.840175611314e-06                  0.0                  0.0  0.04600331728398952   -5.334289606265014               -100.0
  8.5                  9.3010300   4.820949491706e-06                  0.0                  0.0 0.059004761918194495   -5.312289606265014               -100.0
  8.5                  9.4771213   4.764873309516e-06                  0.0                  0.0  0.09101126623168782   -5.256289606265014               -100.0
  8.5                  9.6020600   4.687968831084e-06                  0.0                  0.0  0.13302476121383178   -5.184289606265014               -100.0
  8.5                  9.6989700   4.588633879776e-06                  0.0                  0.0  0.18304080974736586   -5.102289606265014               -100.0
  8.5                  9.8750613   4.244165903466e-06                  0.0                  0.0   0.3221258118081099   -4.882289606265014               -100.0
  8.5                 10.0000000   3.771523796436e-06                  0.0                  0.0   0.4728898960668578  -4.6462896062650145               -100.0
  8.5                 10.4771213    2.37122141832e-07                  0.0                  0.0   2.1622641598103374   -2.413289606265014               -100.0
  8.5                 11.0000000   -7.24183838568e-07                  0.0                  0.0    5.062151952669009   0.9497103937349859               -100.0
  9.0                  7.0000000    7.49017576395e-06                  0.0                  0.0     0.95100005480047   -4.288289606265014               -100.0
  9.0                  8.0000000    7.49017576395e-06                  0.0                  0.0   0.9550000544232263   -4.283289606265014               -100.0
  9.0                  8.3010300    7.49017576395e-06                  0.0                  0.0   0.9580000560769368   -4.282289606265015               -100.0
  9.0                  8.4771213    7.49017576395e-06                  0.0                  0.0   0.9590000652806212   -4.281289606265014               -100.0
  9.0                  8.6020600    7.49017576395e-06                  0.0                  0.0   0.9590000810558325   -4.281289606265014               -100.0
  9.0                  8.6989700    7.49017576395e-06                  0.0                  0.0   0.9600001008751655   -4.280289606265014               -100.0
  9.0                  8.7781513    7.47415399761e-06                  0.0                  0.0    0.956000125830015   -4.284289606265014               -100.0
  9.0                  8.8450980   7.472551820976e-06                  0.0                  0.0   0.9570001523295766   -4.282289606265015               -100.0
  9.0                  8.9030900   7.472551820976e-06                  0.0                  0.0   0.9570001818796963   -4.281289606265014               -100.0
  9.0                  8.9542425   7.470949644342e-06                  0.0                  0.0   0.9580002122189714  -4.2792896062650145               -100.0
  9.0                  9.0000000   7.469347467708e-06                  0.0                  0.0   0.9590002436599717   -4.277289606265014               -100.0
  9.0                  9.1760913   7.459734407904e-06                  0.0                  0.0   0.9640004006674951   -4.268289606265014               -100.0
  9.0                  9.3010300   7.446916994832e-06                  0.0                  0.0   0.9690005858467411   -4.258289606265015               -100.0
  9.0                  9.4771213   7.408464755616e-06                  0.0                  0.0   0.9820014480500978   -4.232289606265014               -100.0
  9.0                  9.6020600   7.355592926694e-06                  0.0                  0.0   1.0020033479783221   -4.197289606265014               -100.0
  9.0                  9.6989700   7.288301508066e-06                  0.0                  0.0    1.025005871936837  -4.1542896062650145               -100.0
  9.0                  9.8750613   7.052781542868e-06                  0.0                  0.0   1.0980210753003994  -4.0292896062650145               -100.0
  9.0                 10.0000000   6.724335332898e-06                  0.0                  0.0   1.1861720672725875   -3.880289606265014               -100.0
  9.0                 10.4771213   2.345586592176e-06                  0.0                  0.0    2.365976092128234   -2.204289606265014               -100.0
  9.0                 11.0000000   -5.17503052782e-07                  0.0                  0.0    5.069150213581964   0.9567103937349857               -100.0
  9.5                  7.0000000  1.1345012745354e-05                  0.0                  0.0   1.8720000065733131   -3.192289606265014               -100.0
  9.5                  8.0000000  1.1345012745354e-05                  0.0                  0.0    1.872000006588466   -3.192289606265014               -100.0
  9.5                  8.3010300  1.1345012745354e-05                  0.0                  0.0   1.8720000068357208   -3.192289606265014               -100.0
  9.5                  8.4771213  1.1345012745354e-05                  0.0                  0.0   1.8720000079759846   -3.191289606265014               -100.0
  9.5                  8.6020600  1.1345012745354e-05                  0.0                  0.0   1.8720000099033998   -3.191289606265014               -100.0
  9.5                  8.6989700  1.1345012745354e-05                  0.0                  0.0   1.8730000123249255   -3.191289606265014               -100.0
  9.5                  8.7781513  1.1345012745354e-05                  0.0                  0.0     1.87300001523296   -3.190289606265014               -100.0
  9.5                  8.8450980  1.1345012745354e-05                  0.0                  0.0   1.8730000184835038  -3.1892896062650142               -100.0
  9.5                  8.9030900  1.1320980095844e-05                  0.0                  0.0   1.8690000222732863   -3.194289606265014               -100.0
  9.5                  8.9542425   1.131937791921e-05                  0.0                  0.0   1.8690000260485946  -3.1932896062650142               -100.0
  9.5                  9.0000000   1.131937791921e-05                  0.0                  0.0   1.8700000299077884   -3.192289606265014               -100.0
  9.5                  9.1760913  1.1312969212674e-05                  0.0                  0.0   1.8720000495204163  -3.1892896062650142               -100.0
  9.5                  9.3010300   1.130335615287e-05                  0.0                  0.0   1.8730000730775997  -3.1852896062650142               -100.0
  9.5                  9.4771213  1.1277721326726e-05                  0.0                  0.0   1.8780001839857634   -3.174289606265014               -100.0
  9.5                  9.6020600  1.1242473440778e-05                  0.0                  0.0   1.8850004383127381   -3.159289606265014               -100.0
  9.5                  9.6989700  1.1196010318392e-05                  0.0                  0.0   1.8950007921071168  -3.1402896062650143               -100.0
  9.5                  9.8750613  1.1034190478358e-05                  0.0                  0.0   1.9290031101601766   -3.078289606265014               -100.0
  9.5                 10.0000000  1.0809885749598e-05                  0.0                  0.0   1.9740280395017074   -2.998289606265014               -100.0
  9.5                 10.4771213   6.967866181266e-06                  0.0                  0.0   2.7980778290041974  -1.7582896062650142               -100.0
  9.5                 11.0000000    1.32980660622e-07                  0.0                  0.0    5.088145784521928    0.976710393734986               -100.0
 10.0                  7.0000000  1.7013513676446e-05                  0.0                  0.0   2.7600000008507153   -2.121289606265014               -100.0
 10.0                  8.0000000  1.7013513676446e-05                  0.0                  0.0   2.7610000008507156   -2.121289606265014               -100.0
 10.0                  8.3010300  1.7013513676446e-05                  0.0                  0.0   2.7610000008826416  -2.1202896062650143               -100.0
 10.0                  8.4771213  1.7013513676446e-05                  0.0                  0.0   2.7610000010298745  -2.1202896062650143               -100.0
 10.0                  8.6020600  1.7013513676446e-05                  0.0                  0.0    2.761000001278746  -2.1202896062650143               -100.0
 10.0                  8.6989700  1.7013513676446e-05                  0.0                  0.0    2.761000001595087  -2.1202896062650143               -100.0
 10.0                  8.7781513  1.7013513676446e-05                  0.0                  0.0   2.7600000019759876   -2.119289606265014               -100.0
 10.0                  8.8450980  1.7013513676446e-05                  0.0                  0.0   2.7620000023866256   -2.119289606265014               -100.0
 10.0                  8.9030900  1.7013513676446e-05                  0.0                  0.0    2.762000002849603   -2.119289606265014               -100.0
 10.0                  8.9542425  1.7013513676446e-05                  0.0                  0.0   2.7620000033326084   -2.118289606265014               -100.0
 10.0                  9.0000000  1.7013513676446e-05                  0.0                  0.0   2.7620000038351673   -2.118289606265014               -100.0
 10.0                  9.1760913  1.6971857083962e-05                  0.0                  0.0    2.758000006438494   -2.122289606265014               -100.0
 10.0                  9.3010300  1.6965448377426e-05                  0.0                  0.0   2.7580000095232307   -2.121289606265014               -100.0
 10.0                  9.4771213  1.6949426611086e-05                  0.0                  0.0    2.759000024198269   -2.118289606265014               -100.0
 10.0                  9.6020600  1.6923791784942e-05                  0.0                  0.0   2.7610000583155374  -2.1122896062650143               -100.0
 10.0                  9.6989700  1.6891748252262e-05                  0.0                  0.0    2.765000106852394  -2.1042896062650143               -100.0
 10.0                  9.8750613   1.678280024115e-05                  0.0                  0.0    2.779000439323153  -2.0762896062650142               -100.0
 10.0                 10.0000000  1.6628991284286e-05                  0.0                  0.0   2.8000041858360922   -2.038289606265014               -100.0
 10.0                 10.4771213  1.3855623530832e-05                  0.0                  0.0    3.382815410955291  -1.1452896062650137               -100.0
 10.0                 11.0000000   2.161336279266e-06                  0.0                  0.0    5.149132653276979   1.0387103937349855               -100.0
 10.5                  7.0000000  2.5341627819978e-05                  0.0                  0.0   3.6310000001144944  -1.0692896062650141               -100.0
 10.5                  8.0000000  2.5341627819978e-05                  0.0                  0.0    3.631000000114758  -1.0692896062650141               -100.0
 10.5                  8.3010300  2.5341627819978e-05                  0.0                  0.0    3.631000000119065  -1.0692896062650141               -100.0
 10.5                  8.4771213  2.5341627819978e-05                  0.0                  0.0    3.632000000138607  -1.0692896062650141               -100.0
 10.5                  8.6020600  2.5341627819978e-05                  0.0                  0.0    3.630000000172896  -1.0702896062650145               -100.0
 10.5                  8.6989700  2.5341627819978e-05                  0.0                  0.0   3.6300000002156674  -1.0702896062650145               -100.0
 10.5                  8.7781513  2.5341627819978e-05                  0.0                  0.0   3.6300000002665533  -1.0702896062650145               -100.0
 10.5                  8.8450980  2.5341627819978e-05                  0.0                  0.0   3.6310000003226888  -1.0702896062650145               -100.0
 10.5                  8.9030900  2.5341627819978e-05                  0.0                  0.0   3.6310000003852867  -1.0692896062650141               -100.0
 10.5                  8.9542425  2.5341627819978e-05                  0.0                  0.0   3.6310000004505927  -1.0692896062650141               -100.0
 10.5                  9.0000000  2.5341627819978e-05                  0.0                  0.0   3.6310000005185423  -1.0692896062650141               -100.0
 10.5                  9.1760913  2.5341627819978e-05                  0.0                  0.0     3.63100000086255  -1.0682896062650138               -100.0
 10.5                  9.3010300  2.5277540754618e-05                  0.0                  0.0   3.6250000012935533  -1.0752896062650144               -100.0
 10.5                  9.4771213   2.526632551818e-05                  0.0                  0.0   3.6250000032944607   -1.074289606265014               -100.0
 10.5                  9.6020600  2.5248701575206e-05                  0.0                  0.0    3.624000007994371  -1.0732896062650137               -100.0
 10.5                  9.6989700  2.5227873278964e-05                  0.0                  0.0   3.6240000147837397  -1.0702896062650145               -100.0
 10.5                  9.8750613  2.5152570977166e-05                  0.0                  0.0    3.630000061913347  -1.0592896062650143               -100.0
 10.5                 10.0000000  2.5048429495956e-05                  0.0                  0.0   3.6390006064346503  -1.0412896062650145               -100.0
 10.5                 10.4771213  2.3137032771594e-05                  0.0                  0.0    4.047177294662377 -0.42728960626501383               -100.0
 10.5                 11.0000000   8.244800958564e-06                  0.0                  0.0    5.331097215542182    1.223710393734986               -100.0
 11.0                  7.0000000  3.7569439890666e-05                  0.0                  0.0    4.485000000016025 -0.038289606265014466               -100.0
 11.0                  8.0000000  3.7569439890666e-05                  0.0                  0.0    4.485000000016062 -0.038289606265014466               -100.0
 11.0                  8.3010300  3.7569439890666e-05                  0.0                  0.0    4.484000000016703 -0.038289606265014466               -100.0
 11.0                  8.4771213  3.7569439890666e-05                  0.0                  0.0    4.485000000019444 -0.038289606265014466               -100.0
 11.0                  8.6020600  3.7569439890666e-05                  0.0                  0.0    4.485000000024143 -0.038289606265014466               -100.0
 11.0                  8.6989700  3.7569439890666e-05                  0.0                  0.0    4.485000000030116 -0.038289606265014466               -100.0
 11.0                  8.7781513  3.7569439890666e-05                  0.0                  0.0    4.485000000037221 -0.038289606265014466               -100.0
 11.0                  8.8450980  3.7569439890666e-05                  0.0                  0.0    4.485000000045163 -0.038289606265014466               -100.0
 11.0                  8.9030900  3.7569439890666e-05                  0.0                  0.0    4.485000000053924 -0.03728960626501418               -100.0
 11.0                  8.9542425  3.7569439890666e-05                  0.0                  0.0   4.4850000000630645 -0.03728960626501418               -100.0
 11.0                  9.0000000  3.7569439890666e-05                  0.0                  0.0    4.485000000072575 -0.03728960626501418               -100.0
 11.0                  9.1760913  3.7569439890666e-05                  0.0                  0.0   4.4850000001207215 -0.03728960626501418               -100.0
 11.0                  9.3010300  3.7569439890666e-05                  0.0                  0.0   4.4840000001789715 -0.03728960626501418               -100.0
 11.0                  9.4771213  3.7470104939358e-05                  0.0                  0.0    4.478000000462151 -0.045289606265014125               -100.0
 11.0                  9.6020600   3.745888970292e-05                  0.0                  0.0   4.4770000011214615 -0.045289606265014125               -100.0
 11.0                  9.6989700  3.7444470113214e-05                  0.0                  0.0    4.476000002078664 -0.045289606265014125               -100.0
 11.0                  9.8750613  3.7393200460926e-05                  0.0                  0.0    4.476000008826414 -0.04128960626501463               -100.0
 11.0                 10.0000000  3.7321102512396e-05                  0.0                  0.0    4.480000087454925  -0.0332896062650146               -100.0
 11.0                 10.4771213  3.6015328555686e-05                  0.0                  0.0    4.770033555795059  0.38171039373498544               -100.0
 11.0                 11.0000000  2.2412848933026e-05                  0.0                  0.0    5.740043829084232   1.6457103937349857               -100.0
 11.5                  7.0000000  5.5520226898002e-05                  0.0                  0.0     5.33000000000229   0.9817103937349859               -100.0
 11.5                  8.0000000  5.5520226898002e-05                  0.0                  0.0    5.330000000002295   0.9817103937349859               -100.0
 11.5                  8.3010300  5.5520226898002e-05                  0.0                  0.0    5.330000000002381   0.9817103937349859               -100.0
 11.5                  8.4771213  5.5520226898002e-05                  0.0                  0.0    5.330000000002778   0.9827103937349854               -100.0
 11.5                  8.6020600  5.5520226898002e-05                  0.0                  0.0     5.33000000000345   0.9827103937349854               -100.0
 11.5                  8.6989700  5.5520226898002e-05                  0.0                  0.0    5.330000000004303   0.9827103937349854               -100.0
 11.5                  8.7781513  5.5520226898002e-05                  0.0                  0.0   5.3300000000053185   0.9817103937349859               -100.0
 11.5                  8.8450980  5.5520226898002e-05                  0.0                  0.0    5.330000000006454   0.9817103937349859               -100.0
 11.5                  8.9030900  5.5520226898002e-05                  0.0                  0.0    5.330000000007705   0.9817103937349859               -100.0
 11.5                  8.9542425  5.5520226898002e-05                  0.0                  0.0   5.3300000000090115   0.9817103937349859               -100.0
 11.5                  9.0000000  5.5520226898002e-05                  0.0                  0.0     5.33000000001037   0.9817103937349859               -100.0
 11.5                  9.1760913  5.5520226898002e-05                  0.0                  0.0    5.329000000017289   0.9817103937349859               -100.0
 11.5                  9.3010300  5.5520226898002e-05                  0.0                  0.0    5.329000000025573   0.9817103937349859               -100.0
 11.5                  9.4771213  5.5520226898002e-05                  0.0                  0.0    5.327000000065431   0.9797103937349861               -100.0
 11.5                  9.6020600   5.537122447104e-05                  0.0                  0.0    5.320000000160985   0.9717103937349861               -100.0
 11.5                  9.6989700  5.5361611411236e-05                  0.0                  0.0     5.31900000029839   0.9717103937349861               -100.0
 11.5                  9.8750613  5.5326363525288e-05                  0.0                  0.0    5.318000001269943   0.9717103937349861               -100.0
 11.5                 10.0000000  5.5278298226268e-05                  0.0                  0.0    5.319000012670224   0.9747103937349854               -100.0
 11.5                 10.4771213  5.4387488017764e-05                  0.0                  0.0    5.535005764762623   1.2647103937349855               -100.0
 11.5                 11.0000000   4.442034717765e-05                  0.0                  0.0     6.31901241018073    2.260710393734985               -100.0
