!76ge -> 76ga, e- capture
!Q=6.916 MeV
!
!Log(rhoY)            Log(temp)            mu                   dQ                   Vs                   Log(e-cap-rate)      Log(nu-energy-loss)  Log(gamma-energy)   
!Log(g/cm^3)          Log(K)               erg                  erg                  erg                  Log(1/s)             Log(erg/s)           Log(erg/s)          
  1.0                  7.0000000     -4.806529902e-09                  0.0                  0.0               -100.0               -100.0               -100.0
  1.0                  8.0000000    -9.2926244772e-08                  0.0                  0.0               -100.0               -100.0               -100.0
  1.0                  8.3010300   -2.14691668956e-07                  0.0                  0.0               -100.0               -100.0               -100.0
  1.0                  8.4771213   -3.49274506212e-07                  0.0                  0.0               -100.0               -100.0               -100.0
  1.0                  8.6020600   -4.91868226638e-07                  0.0                  0.0               -100.0               -100.0               -100.0
  1.0                  8.6989700   -6.39268476966e-07                  0.0                  0.0              -80.808   -87.48728960626501               -100.0
  1.0                  8.7781513   -7.65840431052e-07                  0.0                  0.0              -68.481   -75.07928960626502               -100.0
  1.0                  8.8450980   -8.05894846902e-07                  0.0                  0.0              -59.348   -65.87828960626501               -100.0
  1.0                  8.9030900   -8.15507906706e-07                  0.0                  0.0               -52.27   -58.74228960626502               -100.0
  1.0                  8.9542425    -8.1711008334e-07                  0.0                  0.0              -46.627  -53.045289606265015               -100.0
  1.0                  9.0000000   -8.18712259974e-07                  0.0                  0.0              -42.064  -48.435289606265016               -100.0
  1.0                  9.1760913   -8.18712259974e-07                  0.0                  0.0              -28.421   -34.60728960626501               -100.0
  1.0                  9.3010300   -8.18712259974e-07                  0.0                  0.0              -21.415  -27.456289606265017               -100.0
  1.0                  9.4771213   -8.18712259974e-07                  0.0                  0.0              -14.537  -20.392289606265013               -100.0
  1.0                  9.6020600   -8.18712259974e-07                  0.0                  0.0  -11.014998610739728  -16.736289606265014               -100.0
  1.0                  9.6989700   -8.18712259974e-07                  0.0                  0.0   -8.839959750157414  -14.458289606265014               -100.0
  1.0                  9.8750613   -8.18712259974e-07                  0.0                  0.0   -5.748066167081999  -11.177289606265013               -100.0
  1.0                 10.0000000   -8.18712259974e-07                  0.0                  0.0   -3.968961897479155   -9.217289606265014               -100.0
  1.0                 10.4771213   -8.18712259974e-07                  0.0                  0.0   0.9274441395241849   -3.692289606265014               -100.0
  1.0                 11.0000000   -8.18712259974e-07                  0.0                  0.0    4.847081048276979   0.7297103937349861               -100.0
  1.5                  7.0000000     -3.204353268e-09                  0.0                  0.0               -100.0               -100.0               -100.0
  1.5                  8.0000000    -7.6904478432e-08                  0.0                  0.0               -100.0               -100.0               -100.0
  1.5                  8.3010300    -1.8425031291e-07                  0.0                  0.0               -100.0               -100.0               -100.0
  1.5                  8.4771213   -3.01209207192e-07                  0.0                  0.0               -100.0               -100.0               -100.0
  1.5                  8.6020600   -4.27781161278e-07                  0.0                  0.0               -100.0               -100.0               -100.0
  1.5                  8.6989700   -5.59159645266e-07                  0.0                  0.0               -80.31   -86.98928960626502               -100.0
  1.5                  8.7781513   -6.92140305888e-07                  0.0                  0.0              -68.099   -74.69728960626502               -100.0
  1.5                  8.8450980   -7.80260020758e-07                  0.0                  0.0              -59.231   -65.76128960626501               -100.0
  1.5                  8.9030900   -8.05894846902e-07                  0.0                  0.0              -52.237   -58.70828960626501               -100.0
  1.5                  8.9542425   -8.13905730072e-07                  0.0                  0.0              -46.615  -53.033289606265015               -100.0
  1.5                  9.0000000   -8.15507906706e-07                  0.0                  0.0              -42.059   -48.43028960626501               -100.0
  1.5                  9.1760913   -8.18712259974e-07                  0.0                  0.0               -28.42   -34.60728960626501               -100.0
  1.5                  9.3010300   -8.18712259974e-07                  0.0                  0.0              -21.415  -27.456289606265017               -100.0
  1.5                  9.4771213   -8.18712259974e-07                  0.0                  0.0              -14.537  -20.392289606265013               -100.0
  1.5                  9.6020600   -8.18712259974e-07                  0.0                  0.0  -11.014998610739728  -16.736289606265014               -100.0
  1.5                  9.6989700   -8.18712259974e-07                  0.0                  0.0   -8.839959750157414  -14.458289606265014               -100.0
  1.5                  9.8750613   -8.18712259974e-07                  0.0                  0.0   -5.748066167081999  -11.177289606265013               -100.0
  1.5                 10.0000000   -8.18712259974e-07                  0.0                  0.0   -3.968961897479155   -9.217289606265014               -100.0
  1.5                 10.4771213   -8.18712259974e-07                  0.0                  0.0   0.9274441395241849   -3.692289606265014               -100.0
  1.5                 11.0000000   -8.18712259974e-07                  0.0                  0.0    4.847081048276979   0.7297103937349861               -100.0
  2.0                  7.0000000     -1.602176634e-09                  0.0                  0.0               -100.0               -100.0               -100.0
  2.0                  8.0000000    -6.0882712092e-08                  0.0                  0.0               -100.0               -100.0               -100.0
  2.0                  8.3010300    -1.5220678023e-07                  0.0                  0.0               -100.0               -100.0               -100.0
  2.0                  8.4771213   -2.53143908172e-07                  0.0                  0.0               -100.0               -100.0               -100.0
  2.0                  8.6020600   -3.63694095918e-07                  0.0                  0.0               -100.0               -100.0               -100.0
  2.0                  8.6989700     -4.806529902e-07                  0.0                  0.0              -79.811   -86.48928960626502               -100.0
  2.0                  8.7781513    -6.0081623775e-07                  0.0                  0.0              -67.618   -74.21628960626502               -100.0
  2.0                  8.8450980   -7.14570778764e-07                  0.0                  0.0              -58.937   -65.46728960626501               -100.0
  2.0                  8.9030900   -7.80260020758e-07                  0.0                  0.0              -52.133   -58.60528960626502               -100.0
  2.0                  8.9542425   -8.02690493634e-07                  0.0                  0.0              -46.577   -52.99528960626502               -100.0
  2.0                  9.0000000   -8.10701376804e-07                  0.0                  0.0              -42.043   -48.41328960626502               -100.0
  2.0                  9.1760913   -8.18712259974e-07                  0.0                  0.0              -28.419  -34.606289606265015               -100.0
  2.0                  9.3010300   -8.18712259974e-07                  0.0                  0.0              -21.415  -27.456289606265017               -100.0
  2.0                  9.4771213   -8.18712259974e-07                  0.0                  0.0              -14.537  -20.392289606265013               -100.0
  2.0                  9.6020600   -8.18712259974e-07                  0.0                  0.0  -11.014998610739728  -16.736289606265014               -100.0
  2.0                  9.6989700   -8.18712259974e-07                  0.0                  0.0   -8.839959750157414  -14.458289606265014               -100.0
  2.0                  9.8750613   -8.18712259974e-07                  0.0                  0.0   -5.748066167081999  -11.177289606265013               -100.0
  2.0                 10.0000000   -8.18712259974e-07                  0.0                  0.0   -3.968961897479155   -9.217289606265014               -100.0
  2.0                 10.4771213   -8.18712259974e-07                  0.0                  0.0   0.9274441395241849   -3.692289606265014               -100.0
  2.0                 11.0000000   -8.18712259974e-07                  0.0                  0.0    4.847081048276979   0.7297103937349861               -100.0
  2.5                  7.0000000      1.602176634e-09                  0.0                  0.0               -100.0               -100.0               -100.0
  2.5                  8.0000000    -4.4860945752e-08                  0.0                  0.0               -100.0               -100.0               -100.0
  2.5                  8.3010300    -1.2016324755e-07                  0.0                  0.0               -100.0               -100.0               -100.0
  2.5                  8.4771213   -2.06680785786e-07                  0.0                  0.0               -100.0               -100.0               -100.0
  2.5                  8.6020600   -3.01209207192e-07                  0.0                  0.0               -100.0               -100.0               -100.0
  2.5                  8.6989700     -4.005441585e-07                  0.0                  0.0               -79.31   -85.98928960626502               -100.0
  2.5                  8.7781513   -5.06287816344e-07                  0.0                  0.0               -67.12   -73.71928960626502               -100.0
  2.5                  8.8450980   -6.13633650822e-07                  0.0                  0.0              -58.484   -65.01428960626501               -100.0
  2.5                  8.9030900   -7.11366425496e-07                  0.0                  0.0              -51.863  -58.335289606265015               -100.0
  2.5                  8.9542425    -7.6904478432e-07                  0.0                  0.0              -46.461   -52.87928960626502               -100.0
  2.5                  9.0000000   -7.94679610464e-07                  0.0                  0.0              -41.991  -48.362289606265016               -100.0
  2.5                  9.1760913   -8.15507906706e-07                  0.0                  0.0              -28.416   -34.60228960626501               -100.0
  2.5                  9.3010300   -8.18712259974e-07                  0.0                  0.0              -21.414  -27.455289606265016               -100.0
  2.5                  9.4771213   -8.18712259974e-07                  0.0                  0.0              -14.537  -20.391289606265016               -100.0
  2.5                  9.6020600   -8.18712259974e-07                  0.0                  0.0  -11.014998610739728  -16.736289606265014               -100.0
  2.5                  9.6989700   -8.18712259974e-07                  0.0                  0.0   -8.839959750157414  -14.458289606265014               -100.0
  2.5                  9.8750613   -8.18712259974e-07                  0.0                  0.0   -5.748066167081999  -11.177289606265013               -100.0
  2.5                 10.0000000   -8.18712259974e-07                  0.0                  0.0   -3.968961897479155   -9.217289606265014               -100.0
  2.5                 10.4771213   -8.18712259974e-07                  0.0                  0.0   0.9274441395241849   -3.692289606265014               -100.0
  2.5                 11.0000000   -8.18712259974e-07                  0.0                  0.0    4.847081048276979   0.7297103937349861               -100.0
  3.0                  7.0000000      3.204353268e-09                  0.0                  0.0               -100.0               -100.0               -100.0
  3.0                  8.0000000    -2.8839179412e-08                  0.0                  0.0               -100.0               -100.0               -100.0
  3.0                  8.3010300     -8.811971487e-08                  0.0                  0.0               -100.0               -100.0               -100.0
  3.0                  8.4771213   -1.58615486766e-07                  0.0                  0.0               -100.0               -100.0               -100.0
  3.0                  8.6020600   -2.37122141832e-07                  0.0                  0.0               -100.0               -100.0               -100.0
  3.0                  8.6989700     -3.204353268e-07                  0.0                  0.0              -78.809   -85.48828960626501               -100.0
  3.0                  8.7781513   -4.10157218304e-07                  0.0                  0.0               -66.62   -73.21828960626502               -100.0
  3.0                  8.8450980   -5.03083463076e-07                  0.0                  0.0              -57.989     -64.519289606265               -100.0
  3.0                  8.9030900   -5.99214061116e-07                  0.0                  0.0              -51.422  -57.893289606265014               -100.0
  3.0                  8.9542425   -6.85731599352e-07                  0.0                  0.0              -46.169   -52.58728960626502               -100.0
  3.0                  9.0000000   -7.46614311444e-07                  0.0                  0.0              -41.838   -48.20828960626501               -100.0
  3.0                  9.1760913   -8.10701376804e-07                  0.0                  0.0              -28.405  -34.591289606265015               -100.0
  3.0                  9.3010300    -8.1711008334e-07                  0.0                  0.0              -21.412  -27.453289606265017               -100.0
  3.0                  9.4771213   -8.18712259974e-07                  0.0                  0.0              -14.537  -20.391289606265016               -100.0
  3.0                  9.6020600   -8.18712259974e-07                  0.0                  0.0  -11.013998613934932  -16.736289606265014               -100.0
  3.0                  9.6989700   -8.18712259974e-07                  0.0                  0.0   -8.839959750157414  -14.458289606265014               -100.0
  3.0                  9.8750613   -8.18712259974e-07                  0.0                  0.0   -5.748066167081999  -11.177289606265013               -100.0
  3.0                 10.0000000   -8.18712259974e-07                  0.0                  0.0   -3.968961897479155   -9.217289606265014               -100.0
  3.0                 10.4771213   -8.18712259974e-07                  0.0                  0.0   0.9274441395241849   -3.692289606265014               -100.0
  3.0                 11.0000000   -8.18712259974e-07                  0.0                  0.0    4.847081048276979   0.7297103937349861               -100.0
  3.5                  7.0000000       8.01088317e-09                  0.0                  0.0               -100.0               -100.0               -100.0
  3.5                  8.0000000    -1.1215236438e-08                  0.0                  0.0               -100.0               -100.0               -100.0
  3.5                  8.3010300    -5.4474005556e-08                  0.0                  0.0               -100.0               -100.0               -100.0
  3.5                  8.4771213   -1.10550187746e-07                  0.0                  0.0               -100.0               -100.0               -100.0
  3.5                  8.6020600   -1.73035076472e-07                  0.0                  0.0               -100.0               -100.0               -100.0
  3.5                  8.6989700     -2.403264951e-07                  0.0                  0.0              -78.306   -84.98528960626501               -100.0
  3.5                  8.7781513   -3.14026620264e-07                  0.0                  0.0              -66.118   -72.71628960626502               -100.0
  3.5                  8.8450980    -3.9253327533e-07                  0.0                  0.0              -57.488   -64.01828960626501               -100.0
  3.5                  8.9030900    -4.7264210703e-07                  0.0                  0.0              -50.928  -57.399289606265015               -100.0
  3.5                  8.9542425   -5.55955291998e-07                  0.0                  0.0              -45.716  -52.134289606265014               -100.0
  3.5                  9.0000000   -6.36064123698e-07                  0.0                  0.0              -41.492  -47.862289606265016               -100.0
  3.5                  9.1760913   -7.94679610464e-07                  0.0                  0.0               -28.37   -34.55628960626501               -100.0
  3.5                  9.3010300   -8.12303553438e-07                  0.0                  0.0              -21.404  -27.445289606265014               -100.0
  3.5                  9.4771213    -8.1711008334e-07                  0.0                  0.0              -14.535  -20.390289606265014               -100.0
  3.5                  9.6020600    -8.1711008334e-07                  0.0                  0.0  -11.013998613934932  -16.735289606265013               -100.0
  3.5                  9.6989700   -8.18712259974e-07                  0.0                  0.0   -8.838959842725203  -14.458289606265014               -100.0
  3.5                  9.8750613   -8.18712259974e-07                  0.0                  0.0   -5.748066167081999  -11.177289606265013               -100.0
  3.5                 10.0000000   -8.18712259974e-07                  0.0                  0.0   -3.968961897479155   -9.217289606265014               -100.0
  3.5                 10.4771213   -8.18712259974e-07                  0.0                  0.0   0.9274441395241849   -3.692289606265014               -100.0
  3.5                 11.0000000   -8.18712259974e-07                  0.0                  0.0    4.847081048276979   0.7297103937349861               -100.0
  4.0                  7.0000000     1.9226119608e-08                  0.0                  0.0               -100.0               -100.0               -100.0
  4.0                  8.0000000       8.01088317e-09                  0.0                  0.0               -100.0               -100.0               -100.0
  4.0                  8.3010300    -2.0828296242e-08                  0.0                  0.0               -100.0               -100.0               -100.0
  4.0                  8.4771213    -6.0882712092e-08                  0.0                  0.0               -100.0               -100.0               -100.0
  4.0                  8.6020600   -1.07345834478e-07                  0.0                  0.0               -100.0               -100.0               -100.0
  4.0                  8.6989700     -1.602176634e-07                  0.0                  0.0              -77.797   -84.47628960626501               -100.0
  4.0                  8.7781513   -2.17896022224e-07                  0.0                  0.0              -65.611   -72.20928960626502               -100.0
  4.0                  8.8450980    -2.8038091095e-07                  0.0                  0.0              -56.983   -63.51328960626502               -100.0
  4.0                  8.9030900   -3.46070152944e-07                  0.0                  0.0              -50.425   -56.89528960626502               -100.0
  4.0                  8.9542425   -4.13361571572e-07                  0.0                  0.0              -45.219   -51.63628960626502               -100.0
  4.0                  9.0000000   -4.85459520102e-07                  0.0                  0.0              -41.017  -47.387289606265014               -100.0
  4.0                  9.1760913   -7.43409958176e-07                  0.0                  0.0              -28.264   -34.45028960626502               -100.0
  4.0                  9.3010300   -7.96281787098e-07                  0.0                  0.0               -21.38  -27.421289606265017               -100.0
  4.0                  9.4771213   -8.12303553438e-07                  0.0                  0.0              -14.531  -20.386289606265013               -100.0
  4.0                  9.6020600   -8.15507906706e-07                  0.0                  0.0  -11.012998617122788  -16.734289606265015               -100.0
  4.0                  9.6989700    -8.1711008334e-07                  0.0                  0.0   -8.838959842725203  -14.457289606265014               -100.0
  4.0                  9.8750613   -8.18712259974e-07                  0.0                  0.0   -5.748066167081999  -11.177289606265013               -100.0
  4.0                 10.0000000   -8.18712259974e-07                  0.0                  0.0   -3.968961897479155   -9.217289606265014               -100.0
  4.0                 10.4771213   -8.18712259974e-07                  0.0                  0.0   0.9274441395241849   -3.692289606265014               -100.0
  4.0                 11.0000000   -8.18712259974e-07                  0.0                  0.0    4.847081048276979   0.7297103937349861               -100.0
  4.5                  7.0000000      4.005441585e-08                  0.0                  0.0               -100.0               -100.0               -100.0
  4.5                  8.0000000     3.5247885948e-08                  0.0                  0.0               -100.0               -100.0               -100.0
  4.5                  8.3010300     1.9226119608e-08                  0.0                  0.0               -100.0               -100.0               -100.0
  4.5                  8.4771213     -6.408706536e-09                  0.0                  0.0               -100.0               -100.0               -100.0
  4.5                  8.6020600    -3.8452239216e-08                  0.0                  0.0               -100.0               -100.0               -100.0
  4.5                  8.6989700    -7.5302301798e-08                  0.0                  0.0              -77.268   -83.94728960626502               -100.0
  4.5                  8.7781513   -1.18561070916e-07                  0.0                  0.0               -65.09   -71.68728960626501               -100.0
  4.5                  8.8450980   -1.65024193302e-07                  0.0                  0.0              -56.466  -62.996289606265016               -100.0
  4.5                  8.9030900   -2.14691668956e-07                  0.0                  0.0              -49.912  -56.383289606265016               -100.0
  4.5                  8.9542425   -2.67563497878e-07                  0.0                  0.0              -44.709  -51.127289606265016               -100.0
  4.5                  9.0000000   -3.23639680068e-07                  0.0                  0.0              -40.512   -46.88228960626502               -100.0
  4.5                  9.1760913   -6.12031474188e-07                  0.0                  0.0              -27.986   -34.17228960626501               -100.0
  4.5                  9.3010300   -7.48216488078e-07                  0.0                  0.0              -21.305  -27.347289606265015               -100.0
  4.5                  9.4771213      -8.01088317e-07                  0.0                  0.0              -14.518  -20.373289606265015               -100.0
  4.5                  9.6020600   -8.10701376804e-07                  0.0                  0.0  -11.007998632952427  -16.730289606265014               -100.0
  4.5                  9.6989700   -8.13905730072e-07                  0.0                  0.0   -8.836960027222629  -14.455289606265014               -100.0
  4.5                  9.8750613    -8.1711008334e-07                  0.0                  0.0   -5.748066167081999  -11.176289606265014               -100.0
  4.5                 10.0000000    -8.1711008334e-07                  0.0                  0.0   -3.968961897479155   -9.216289606265015               -100.0
  4.5                 10.4771213   -8.18712259974e-07                  0.0                  0.0   0.9274441395241849   -3.692289606265014               -100.0
  4.5                 11.0000000   -8.18712259974e-07                  0.0                  0.0    4.847081048276979   0.7297103937349861               -100.0
  5.0                  7.0000000     8.4915361602e-08                  0.0                  0.0               -100.0               -100.0               -100.0
  5.0                  8.0000000     8.3313184968e-08                  0.0                  0.0               -100.0               -100.0               -100.0
  5.0                  8.3010300     7.5302301798e-08                  0.0                  0.0               -100.0               -100.0               -100.0
  5.0                  8.4771213     6.0882712092e-08                  0.0                  0.0               -100.0               -100.0               -100.0
  5.0                  8.6020600     4.1656592484e-08                  0.0                  0.0               -100.0               -100.0               -100.0
  5.0                  8.6989700     1.7623942974e-08                  0.0                  0.0              -76.679   -83.35728960626501               -100.0
  5.0                  8.7781513    -1.1215236438e-08                  0.0                  0.0              -64.524   -71.12228960626501               -100.0
  5.0                  8.8450980    -4.3258769118e-08                  0.0                  0.0              -55.917   -62.44628960626502               -100.0
  5.0                  8.9030900    -7.8506655066e-08                  0.0                  0.0              -49.373   -55.84328960626502               -100.0
  5.0                  8.9542425   -1.15356717648e-07                  0.0                  0.0              -44.177   -50.59528960626501               -100.0
  5.0                  9.0000000   -1.57013310132e-07                  0.0                  0.0              -39.986  -46.356289606265015               -100.0
  5.0                  9.1760913   -3.94135451964e-07                  0.0                  0.0              -27.531   -33.71728960626501               -100.0
  5.0                  9.3010300   -6.13633650822e-07                  0.0                  0.0              -21.092  -27.134289606265014               -100.0
  5.0                  9.4771213   -7.62636077784e-07                  0.0                  0.0              -14.478  -20.332289606265014               -100.0
  5.0                  9.6020600    -7.9307743383e-07                  0.0                  0.0  -10.994998673266643  -16.716289606265015               -100.0
  5.0                  9.6989700   -8.04292670268e-07                  0.0                  0.0   -8.829960666314198  -14.449289606265014               -100.0
  5.0                  9.8750613   -8.12303553438e-07                  0.0                  0.0  -5.7460841601633295  -11.174289606265013               -100.0
  5.0                 10.0000000   -8.15507906706e-07                  0.0                  0.0  -3.9680329365892635   -9.216289606265015               -100.0
  5.0                 10.4771213   -8.18712259974e-07                  0.0                  0.0   0.9274441395241849   -3.692289606265014               -100.0
  5.0                 11.0000000   -8.18712259974e-07                  0.0                  0.0    4.847081048276979   0.7297103937349861               -100.0
  5.5                  7.0000000    1.74637253106e-07                  0.0                  0.0               -100.0               -100.0               -100.0
  5.5                  8.0000000    1.73035076472e-07                  0.0                  0.0               -100.0               -100.0               -100.0
  5.5                  8.3010300     1.6822854657e-07                  0.0                  0.0               -100.0               -100.0               -100.0
  5.5                  8.4771213    1.61819840034e-07                  0.0                  0.0               -100.0               -100.0               -100.0
  5.5                  8.6020600     1.5220678023e-07                  0.0                  0.0               -100.0               -100.0               -100.0
  5.5                  8.6989700    1.37787190524e-07                  0.0                  0.0              -75.921   -82.60028960626502               -100.0
  5.5                  8.7781513    1.21765424184e-07                  0.0                  0.0              -63.832   -70.43028960626502               -100.0
  5.5                  8.8450980    1.02539304576e-07                  0.0                  0.0              -55.268  -61.798289606265016               -100.0
  5.5                  8.9030900       8.01088317e-08                  0.0                  0.0              -48.755  -55.225289606265015               -100.0
  5.5                  8.9542425     5.4474005556e-08                  0.0                  0.0              -43.581  -49.999289606265016               -100.0
  5.5                  9.0000000     2.7237002778e-08                  0.0                  0.0              -39.406  -45.777289606265015               -100.0
  5.5                  9.1760913   -1.40991543792e-07                  0.0                  0.0              -27.001  -33.188289606265016               -100.0
  5.5                  9.3010300   -3.46070152944e-07                  0.0                  0.0              -20.672  -26.714289606265016               -100.0
  5.5                  9.4771213   -6.44075006868e-07                  0.0                  0.0              -14.353  -20.208289606265016               -100.0
  5.5                  9.6020600   -7.38603428274e-07                  0.0                  0.0  -10.950998801097926  -16.672289606265014               -100.0
  5.5                  9.6989700   -7.72249137588e-07                  0.0                  0.0   -8.809962436545122  -14.429289606265014               -100.0
  5.5                  9.8750613   -7.99486140366e-07                  0.0                  0.0  -5.7411287852297335  -11.169289606265014               -100.0
  5.5                 10.0000000    -8.0909920017e-07                  0.0                  0.0  -3.9661745596987807   -9.213289606265015               -100.0
  5.5                 10.4771213    -8.1711008334e-07                  0.0                  0.0   0.9274441395241849   -3.692289606265014               -100.0
  5.5                 11.0000000   -8.18712259974e-07                  0.0                  0.0    4.847081048276979   0.7297103937349861               -100.0
  6.0                  7.0000000     3.4446797631e-07                  0.0                  0.0               -100.0               -100.0               -100.0
  6.0                  8.0000000    3.42865799676e-07                  0.0                  0.0               -100.0               -100.0               -100.0
  6.0                  8.3010300    3.39661446408e-07                  0.0                  0.0               -100.0               -100.0               -100.0
  6.0                  8.4771213     3.3645709314e-07                  0.0                  0.0               -100.0               -100.0               -100.0
  6.0                  8.6020600    3.30048386604e-07                  0.0                  0.0               -100.0               -100.0               -100.0
  6.0                  8.6989700    3.22037503434e-07                  0.0                  0.0              -74.759   -81.43728960626501               -100.0
  6.0                  8.7781513    3.14026620264e-07                  0.0                  0.0              -62.825     -69.424289606265               -100.0
  6.0                  8.8450980    3.02811383826e-07                  0.0                  0.0              -54.368   -60.89728960626501               -100.0
  6.0                  8.9030900     2.8839179412e-07                  0.0                  0.0               -47.93   -54.40128960626502               -100.0
  6.0                  8.9542425    2.73972204414e-07                  0.0                  0.0              -42.814   -49.23228960626501               -100.0
  6.0                  9.0000000    2.57950438074e-07                  0.0                  0.0              -38.683   -45.05328960626502               -100.0
  6.0                  9.1760913    1.47400250328e-07                  0.0                  0.0              -26.394   -32.58028960626501               -100.0
  6.0                  9.3010300      1.602176634e-09                  0.0                  0.0              -20.126  -26.167289606265015               -100.0
  6.0                  9.4771213   -3.39661446408e-07                  0.0                  0.0              -14.035  -19.890289606265014               -100.0
  6.0                  9.6020600    -5.6877270507e-07                  0.0                  0.0  -10.817999115324767  -16.539289606265015               -100.0
  6.0                  9.6989700   -6.71312009646e-07                  0.0                  0.0   -8.746967433729335  -14.366289606265013               -100.0
  6.0                  9.8750613   -7.59431724516e-07                  0.0                  0.0  -5.7242682109958505  -11.152289606265015               -100.0
  6.0                 10.0000000   -7.86668727294e-07                  0.0                  0.0  -3.9596654932849966   -9.208289606265014               -100.0
  6.0                 10.4771213   -8.15507906706e-07                  0.0                  0.0   0.9274441395241849   -3.691289606265014               -100.0
  6.0                 11.0000000   -8.18712259974e-07                  0.0                  0.0    4.847081048276979   0.7297103937349861               -100.0
  6.5                  7.0000000    6.45677183502e-07                  0.0                  0.0               -100.0               -100.0               -100.0
  6.5                  8.0000000    6.42472830234e-07                  0.0                  0.0               -100.0               -100.0               -100.0
  6.5                  8.3010300      6.408706536e-07                  0.0                  0.0               -100.0               -100.0               -100.0
  6.5                  8.4771213    6.37666300332e-07                  0.0                  0.0               -100.0               -100.0               -100.0
  6.5                  8.6020600    6.34461947064e-07                  0.0                  0.0               -100.0               -100.0               -100.0
  6.5                  8.6989700    6.29655417162e-07                  0.0                  0.0              -72.828   -79.50628960626501               -100.0
  6.5                  8.7781513    6.23246710626e-07                  0.0                  0.0              -61.198   -67.79528960626502               -100.0
  6.5                  8.8450980     6.1683800409e-07                  0.0                  0.0              -52.953   -59.48328960626502               -100.0
  6.5                  8.9030900     6.0882712092e-07                  0.0                  0.0              -46.672  -53.143289606265014               -100.0
  6.5                  8.9542425    5.99214061116e-07                  0.0                  0.0              -41.675   -48.09328960626502               -100.0
  6.5                  9.0000000    5.89601001312e-07                  0.0                  0.0              -37.638  -44.008289606265016               -100.0
  6.5                  9.1760913     5.2070740605e-07                  0.0                  0.0              -25.611  -31.797289606265014               -100.0
  6.5                  9.3010300     4.2457680801e-07                  0.0                  0.0              -19.459  -25.500289606265014               -100.0
  6.5                  9.4771213    1.61819840034e-07                  0.0                  0.0              -13.509  -19.363289606265013               -100.0
  6.5                  9.6020600   -1.39389367158e-07                  0.0                  0.0  -10.479999592822185  -16.201289606265014               -100.0
  6.5                  9.6989700   -3.74909332356e-07                  0.0                  0.0   -8.559978778616166  -14.179289606265014               -100.0
  6.5                  9.8750613   -6.34461947064e-07                  0.0                  0.0   -5.671695308542583  -11.100289606265013               -100.0
  6.5                 10.0000000   -7.17775132032e-07                  0.0                  0.0   -3.940028239736236   -9.187289606265015               -100.0
  6.5                 10.4771213   -8.07497023536e-07                  0.0                  0.0   0.9284249057030373   -3.691289606265014               -100.0
  6.5                 11.0000000    -8.1711008334e-07                  0.0                  0.0    4.847081048276979   0.7297103937349861               -100.0
  7.0                  7.0000000   1.142351940042e-06                  0.0                  0.0               -100.0               -100.0               -100.0
  7.0                  8.0000000   1.142351940042e-06                  0.0                  0.0               -100.0               -100.0               -100.0
  7.0                  8.3010300    1.13754541014e-06                  0.0                  0.0               -100.0               -100.0               -100.0
  7.0                  8.4771213   1.134341056872e-06                  0.0                  0.0               -100.0               -100.0               -100.0
  7.0                  8.6020600   1.132738880238e-06                  0.0                  0.0              -86.189   -92.96528960626502               -100.0
  7.0                  8.6989700    1.12953452697e-06                  0.0                  0.0              -69.686   -76.36228960626501               -100.0
  7.0                  8.7781513   1.126330173702e-06                  0.0                  0.0              -58.567     -65.165289606265               -100.0
  7.0                  8.8450980     1.1215236438e-06                  0.0                  0.0              -50.687   -57.21728960626501               -100.0
  7.0                  8.9030900   1.115114937264e-06                  0.0                  0.0              -44.679   -51.15028960626501               -100.0
  7.0                  8.9542425   1.110308407362e-06                  0.0                  0.0              -39.893  -46.311289606265014               -100.0
  7.0                  9.0000000   1.102297524192e-06                  0.0                  0.0              -36.022   -42.39228960626502               -100.0
  7.0                  9.1760913   1.059038755074e-06                  0.0                  0.0              -24.484  -30.670289606265015               -100.0
  7.0                  9.3010300    9.96553866348e-07                  0.0                  0.0              -18.562  -24.602289606265014               -100.0
  7.0                  9.4771213     8.1711008334e-07                  0.0                  0.0              -12.822  -18.676289606265016               -100.0
  7.0                  9.6020600     5.7678358824e-07                  0.0                  0.0   -9.917999888369144  -15.639289606265013               -100.0
  7.0                  9.6989700    3.01209207192e-07                  0.0                  0.0   -8.135991987273762  -13.754289606265013               -100.0
  7.0                  9.8750613   -2.51541731538e-07                  0.0                  0.0   -5.512700496619845  -10.941289606265014               -100.0
  7.0                 10.0000000   -5.03083463076e-07                  0.0                  0.0   -3.876188419198532   -9.125289606265014               -100.0
  7.0                 10.4771213    -7.8506655066e-07                  0.0                  0.0   0.9303865681277046   -3.688289606265014               -100.0
  7.0                 11.0000000   -8.15507906706e-07                  0.0                  0.0    4.847081048276979   0.7297103937349861               -100.0
  7.5                  7.0000000   1.921009784166e-06                  0.0                  0.0               -100.0               -100.0               -100.0
  7.5                  8.0000000   1.921009784166e-06                  0.0                  0.0               -100.0               -100.0               -100.0
  7.5                  8.3010300    1.91460107763e-06                  0.0                  0.0               -100.0               -100.0               -100.0
  7.5                  8.4771213    1.91460107763e-06                  0.0                  0.0               -100.0               -100.0               -100.0
  7.5                  8.6020600   1.912998900996e-06                  0.0                  0.0              -80.055   -86.83428960626502               -100.0
  7.5                  8.6989700   1.909794547728e-06                  0.0                  0.0               -64.77   -71.44928960626501               -100.0
  7.5                  8.7781513   1.908192371094e-06                  0.0                  0.0              -54.466  -61.064289606265014               -100.0
  7.5                  8.8450980   1.904988017826e-06                  0.0                  0.0              -47.166   -53.69628960626502               -100.0
  7.5                  8.9030900   1.901783664558e-06                  0.0                  0.0              -41.591   -48.06228960626502               -100.0
  7.5                  8.9542425   1.896977134656e-06                  0.0                  0.0              -37.141   -43.55928960626502               -100.0
  7.5                  9.0000000   1.892170604754e-06                  0.0                  0.0              -33.538  -39.908289606265015               -100.0
  7.5                  9.1760913   1.863331425342e-06                  0.0                  0.0              -22.798  -28.984289606265015               -100.0
  7.5                  9.3010300   1.821674832858e-06                  0.0                  0.0              -17.278  -23.313289606265016               -100.0
  7.5                  9.4771213   1.701511585308e-06                  0.0                  0.0              -11.902  -17.753289606265014               -100.0
  7.5                  9.6020600   1.534885215372e-06                  0.0                  0.0   -9.168999980103152  -14.888289606265014               -100.0
  7.5                  9.6989700   1.323397899684e-06                  0.0                  0.0   -7.494998164377411  -13.112289606265014               -100.0
  7.5                  9.8750613    6.85731599352e-07                  0.0                  0.0   -5.122059596958802  -10.552289606265013               -100.0
  7.5                 10.0000000     1.3618501389e-07                  0.0                  0.0  -3.6863493050294402   -8.937289606265015               -100.0
  7.5                 10.4771213    -7.1296860213e-07                  0.0                  0.0   0.9382725890536773   -3.682289606265014               -100.0
  7.5                 11.0000000    -8.0909920017e-07                  0.0                  0.0    4.847081048276979   0.7297103937349861               -100.0
  8.0                  7.0000000   3.105018316692e-06                  0.0                  0.0               -100.0               -100.0               -100.0
  8.0                  8.0000000   3.105018316692e-06                  0.0                  0.0               -100.0               -100.0               -100.0
  8.0                  8.3010300   3.105018316692e-06                  0.0                  0.0               -100.0               -100.0               -100.0
  8.0                  8.4771213   3.097007433522e-06                  0.0                  0.0               -100.0               -100.0               -100.0
  8.0                  8.6020600   3.097007433522e-06                  0.0                  0.0              -70.745   -77.52128960626501               -100.0
  8.0                  8.6989700   3.095405256888e-06                  0.0                  0.0              -57.318  -63.996289606265016               -100.0
  8.0                  8.7781513   3.093803080254e-06                  0.0                  0.0              -48.251   -54.84928960626502               -100.0
  8.0                  8.8450980   3.090598726986e-06                  0.0                  0.0              -41.834   -48.36428960626502               -100.0
  8.0                  8.9030900   3.088996550352e-06                  0.0                  0.0              -36.921   -43.39228960626502               -100.0
  8.0                  8.9542425   3.085792197084e-06                  0.0                  0.0              -32.986   -39.40328960626501               -100.0
  8.0                  9.0000000   3.082587843816e-06                  0.0                  0.0              -29.794  -36.164289606265015               -100.0
  8.0                  9.1760913   3.063361724208e-06                  0.0                  0.0              -20.281  -26.468289606265014               -100.0
  8.0                  9.3010300   3.034522544796e-06                  0.0                  0.0              -15.457  -21.478289606265015               -100.0
  8.0                  9.4771213   2.952811536462e-06                  0.0                  0.0              -10.631  -16.470289606265016               -100.0
  8.0                  9.6020600   2.839056995448e-06                  0.0                  0.0   -8.163999998033091  -13.876289606265013               -100.0
  8.0                  9.6989700   2.693258921754e-06                  0.0                  0.0   -6.644999740710946  -12.257289606265013               -100.0
  8.0                  9.8750613   2.199788518482e-06                  0.0                  0.0   -4.490779365212247   -9.921289606265015               -100.0
  8.0                 10.0000000    1.57814398449e-06                  0.0                  0.0  -3.2469499941209152   -8.504289606265015               -100.0
  8.0                 10.4771213   -4.82255166834e-07                  0.0                  0.0   0.9609036282346268   -3.658289606265014               -100.0
  8.0                 11.0000000   -7.88270903928e-07                  0.0                  0.0   4.8480810482769785   0.7307103937349856               -100.0
  8.5                  7.0000000   4.873821320628e-06                  0.0                  0.0               -100.0               -100.0               -100.0
  8.5                  8.0000000   4.873821320628e-06                  0.0                  0.0               -100.0               -100.0               -100.0
  8.5                  8.3010300   4.873821320628e-06                  0.0                  0.0               -100.0               -100.0               -100.0
  8.5                  8.4771213   4.873821320628e-06                  0.0                  0.0              -73.933   -80.83728960626502               -100.0
  8.5                  8.6020600    4.86260608419e-06                  0.0                  0.0              -56.853   -63.62928960626502               -100.0
  8.5                  8.6989700    4.86260608419e-06                  0.0                  0.0              -46.201  -52.880289606265016               -100.0
  8.5                  8.7781513   4.861003907556e-06                  0.0                  0.0              -38.985  -45.582289606265014               -100.0
  8.5                  8.8450980   4.859401730922e-06                  0.0                  0.0              -33.888   -40.41828960626501               -100.0
  8.5                  8.9030900   4.857799554288e-06                  0.0                  0.0              -29.966  -36.438289606265016               -100.0
  8.5                  8.9542425   4.856197377654e-06                  0.0                  0.0              -26.798   -33.21728960626501               -100.0
  8.5                  9.0000000   4.852993024386e-06                  0.0                  0.0              -24.223  -30.594289606265015               -100.0
  8.5                  9.1760913   4.840175611314e-06                  0.0                  0.0              -16.567  -22.749289606265016               -100.0
  8.5                  9.3010300   4.820949491706e-06                  0.0                  0.0              -12.744  -18.787289606265016               -100.0
  8.5                  9.4771213   4.764873309516e-06                  0.0                  0.0               -8.816  -14.661289606265013               -100.0
  8.5                  9.6020600   4.687968831084e-06                  0.0                  0.0    -6.77199999992024  -12.479289606265015               -100.0
  8.5                  9.6989700   4.588633879776e-06                  0.0                  0.0   -5.492999981728075  -11.099289606265014               -100.0
  8.5                  9.8750613   4.244165903466e-06                  0.0                  0.0  -3.6469683940747784   -9.074289606265014               -100.0
  8.5                 10.0000000   3.771523796436e-06                  0.0                  0.0  -2.5727201936785096  -7.8402896062650145               -100.0
  8.5                 10.4771213    2.37122141832e-07                  0.0                  0.0    1.032844747669689   -3.585289606265014               -100.0
  8.5                 11.0000000   -7.24183838568e-07                  0.0                  0.0    4.850080675928557   0.7327103937349854               -100.0
  9.0                  7.0000000    7.49017576395e-06                  0.0                  0.0               -100.0               -100.0               -100.0
  9.0                  8.0000000    7.49017576395e-06                  0.0                  0.0               -100.0               -100.0               -100.0
  9.0                  8.3010300    7.49017576395e-06                  0.0                  0.0              -69.687   -76.76728960626501               -100.0
  9.0                  8.4771213    7.49017576395e-06                  0.0                  0.0              -46.498   -53.40128960626502               -100.0
  9.0                  8.6020600    7.49017576395e-06                  0.0                  0.0               -36.19  -42.966289606265015               -100.0
  9.0                  8.6989700    7.49017576395e-06                  0.0                  0.0              -29.665   -36.34328960626501               -100.0
  9.0                  8.7781513    7.47415399761e-06                  0.0                  0.0              -25.284  -31.881289606265014               -100.0
  9.0                  8.8450980   7.472551820976e-06                  0.0                  0.0              -22.143  -28.673289606265016               -100.0
  9.0                  8.9030900   7.472551820976e-06                  0.0                  0.0              -19.686  -26.157289606265014               -100.0
  9.0                  8.9542425   7.470949644342e-06                  0.0                  0.0               -17.67  -24.083289606265016               -100.0
  9.0                  9.0000000   7.469347467708e-06                  0.0                  0.0              -16.073  -22.421289606265017               -100.0
  9.0                  9.1760913   7.459734407904e-06                  0.0                  0.0               -11.25  -17.406289606265016               -100.0
  9.0                  9.3010300   7.446916994832e-06                  0.0                  0.0               -8.748  -14.778289606265014               -100.0
  9.0                  9.4771213   7.408464755616e-06                  0.0                  0.0               -6.143  -11.991289606265013               -100.0
  9.0                  9.6020600   7.355592926694e-06                  0.0                  0.0   -4.760999999999222  -10.475289606265013               -100.0
  9.0                  9.6989700   7.288301508066e-06                  0.0                  0.0  -3.8679999995667043   -9.477289606265014               -100.0
  9.0                  9.8750613   7.052781542868e-06                  0.0                  0.0    -2.50499772079614   -7.929289606265014               -100.0
  9.0                 10.0000000   6.724335332898e-06                  0.0                  0.0  -1.6688405206087795  -6.9492896062650145               -100.0
  9.0                 10.4771213   2.345586592176e-06                  0.0                  0.0    1.241452012789845  -3.3742896062650143               -100.0
  9.0                 11.0000000   -5.17503052782e-07                  0.0                  0.0    4.856080120610597   0.7387103937349857               -100.0
  9.5                  7.0000000  1.1345012745354e-05                  0.0                  0.0              -76.597   -84.97928960626501               -100.0
  9.5                  8.0000000  1.1345012745354e-05                  0.0                  0.0              -13.948  -21.327289606265015               -100.0
  9.5                  8.3010300  1.1345012745354e-05                  0.0                  0.0               -9.724  -16.804289606265016               -100.0
  9.5                  8.4771213  1.1345012745354e-05                  0.0                  0.0               -8.088  -14.988289606265013               -100.0
  9.5                  8.6020600  1.1345012745354e-05                  0.0                  0.0               -7.152  -13.926289606265014               -100.0
  9.5                  8.6989700  1.1345012745354e-05                  0.0                  0.0               -6.519  -13.184289606265015               -100.0
  9.5                  8.7781513  1.1345012745354e-05                  0.0                  0.0                -6.04  -12.609289606265014               -100.0
  9.5                  8.8450980  1.1345012745354e-05                  0.0                  0.0               -5.653  -12.135289606265014               -100.0
  9.5                  8.9030900  1.1320980095844e-05                  0.0                  0.0               -5.412  -11.818289606265013               -100.0
  9.5                  8.9542425   1.131937791921e-05                  0.0                  0.0               -5.121  -11.465289606265014               -100.0
  9.5                  9.0000000   1.131937791921e-05                  0.0                  0.0               -4.864  -11.159289606265014               -100.0
  9.5                  9.1760913  1.1312969212674e-05                  0.0                  0.0               -3.945  -10.057289606265014               -100.0
  9.5                  9.3010300   1.130335615287e-05                  0.0                  0.0               -3.356   -9.343289606265014               -100.0
  9.5                  9.4771213  1.1277721326726e-05                  0.0                  0.0               -2.593   -8.397289606265014               -100.0
  9.5                  9.6020600  1.1242473440778e-05                  0.0                  0.0   -2.065999999999998   -7.736289606265014               -100.0
  9.5                  9.6989700  1.1196010318392e-05                  0.0                  0.0  -1.6589999999973222   -7.233289606265014               -100.0
  9.5                  9.8750613  1.1034190478358e-05                  0.0                  0.0  -0.9419999376574905   -6.350289606265014               -100.0
  9.5                 10.0000000  1.0809885749598e-05                  0.0                  0.0 -0.44199054242960567  -5.7232896062650145               -100.0
  9.5                 10.4771213   6.967866181266e-06                  0.0                  0.0    1.689674737224798   -2.921289606265014               -100.0
  9.5                 11.0000000    1.32980660622e-07                  0.0                  0.0   4.8760777580626735   0.7587103937349862               -100.0
 10.0                  7.0000000  1.7013513676446e-05                  0.0                  0.0                0.647   -4.845289606265014               -100.0
 10.0                  8.0000000  1.7013513676446e-05                  0.0                  0.0                0.647   -4.844289606265014               -100.0
 10.0                  8.3010300  1.7013513676446e-05                  0.0                  0.0                0.653   -4.837289606265014               -100.0
 10.0                  8.4771213  1.7013513676446e-05                  0.0                  0.0                0.654   -4.837289606265014               -100.0
 10.0                  8.6020600  1.7013513676446e-05                  0.0                  0.0                0.655   -4.837289606265014               -100.0
 10.0                  8.6989700  1.7013513676446e-05                  0.0                  0.0                0.655   -4.836289606265014               -100.0
 10.0                  8.7781513  1.7013513676446e-05                  0.0                  0.0                0.656   -4.834289606265014               -100.0
 10.0                  8.8450980  1.7013513676446e-05                  0.0                  0.0                0.657   -4.833289606265014               -100.0
 10.0                  8.9030900  1.7013513676446e-05                  0.0                  0.0                0.658   -4.829289606265014               -100.0
 10.0                  8.9542425  1.7013513676446e-05                  0.0                  0.0                0.659   -4.827289606265015               -100.0
 10.0                  9.0000000  1.7013513676446e-05                  0.0                  0.0                0.662  -4.8242896062650145               -100.0
 10.0                  9.1760913  1.6971857083962e-05                  0.0                  0.0                 0.66   -4.822289606265014               -100.0
 10.0                  9.3010300  1.6965448377426e-05                  0.0                  0.0                0.678   -4.794289606265014               -100.0
 10.0                  9.4771213  1.6949426611086e-05                  0.0                  0.0                0.721   -4.724289606265014               -100.0
 10.0                  9.6020600  1.6923791784942e-05                  0.0                  0.0                0.768   -4.647289606265014               -100.0
 10.0                  9.6989700  1.6891748252262e-05                  0.0                  0.0   0.8180000000000088   -4.563289606265014               -100.0
 10.0                  9.8750613   1.678280024115e-05                  0.0                  0.0   0.9590000007830406   -4.333289606265014               -100.0
 10.0                 10.0000000  1.6628991284286e-05                  0.0                  0.0   1.1090002659403146   -4.099289606265014               -100.0
 10.0                 10.4771213  1.3855623530832e-05                  0.0                  0.0   2.3204014057533726   -2.286289606265014               -100.0
 10.0                 11.0000000   2.161336279266e-06                  0.0                  0.0     4.93707075366386   0.8217103937349858               -100.0
 10.5                  7.0000000  2.5341627819978e-05                  0.0                  0.0                2.498   -2.540289606265014               -100.0
 10.5                  8.0000000  2.5341627819978e-05                  0.0                  0.0                2.498   -2.540289606265014               -100.0
 10.5                  8.3010300  2.5341627819978e-05                  0.0                  0.0                2.498   -2.540289606265014               -100.0
 10.5                  8.4771213  2.5341627819978e-05                  0.0                  0.0                2.498   -2.540289606265014               -100.0
 10.5                  8.6020600  2.5341627819978e-05                  0.0                  0.0                2.498   -2.540289606265014               -100.0
 10.5                  8.6989700  2.5341627819978e-05                  0.0                  0.0                2.498   -2.540289606265014               -100.0
 10.5                  8.7781513  2.5341627819978e-05                  0.0                  0.0                2.498   -2.540289606265014               -100.0
 10.5                  8.8450980  2.5341627819978e-05                  0.0                  0.0                2.498   -2.540289606265014               -100.0
 10.5                  8.9030900  2.5341627819978e-05                  0.0                  0.0                2.498   -2.540289606265014               -100.0
 10.5                  8.9542425  2.5341627819978e-05                  0.0                  0.0                2.498  -2.5392896062650143               -100.0
 10.5                  9.0000000  2.5341627819978e-05                  0.0                  0.0                2.499  -2.5392896062650143               -100.0
 10.5                  9.1760913  2.5341627819978e-05                  0.0                  0.0                2.501  -2.5352896062650143               -100.0
 10.5                  9.3010300  2.5277540754618e-05                  0.0                  0.0                2.496   -2.541289606265014               -100.0
 10.5                  9.4771213   2.526632551818e-05                  0.0                  0.0                2.502   -2.529289606265014               -100.0
 10.5                  9.6020600  2.5248701575206e-05                  0.0                  0.0                2.507   -2.518289606265014               -100.0
 10.5                  9.6989700  2.5227873278964e-05                  0.0                  0.0                2.511  -2.5072896062650143               -100.0
 10.5                  9.8750613  2.5152570977166e-05                  0.0                  0.0    2.529000000021076   -2.468289606265014               -100.0
 10.5                 10.0000000  2.5048429495956e-05                  0.0                  0.0   2.5570000094794754   -2.413289606265014               -100.0
 10.5                 10.4771213  2.3137032771594e-05                  0.0                  0.0   3.0890686673009387  -1.5032896062650143               -100.0
 10.5                 11.0000000   8.244800958564e-06                  0.0                  0.0   5.1190523308929725   1.0067103937349855               -100.0
 11.0                  7.0000000  3.7569439890666e-05                  0.0                  0.0                3.721  -0.9952896062650144               -100.0
 11.0                  8.0000000  3.7569439890666e-05                  0.0                  0.0                3.721  -0.9912896062650138               -100.0
 11.0                  8.3010300  3.7569439890666e-05                  0.0                  0.0                3.722  -0.9912896062650138               -100.0
 11.0                  8.4771213  3.7569439890666e-05                  0.0                  0.0                3.732  -0.9922896062650142               -100.0
 11.0                  8.6020600  3.7569439890666e-05                  0.0                  0.0                3.729   -0.989289606265014               -100.0
 11.0                  8.6989700  3.7569439890666e-05                  0.0                  0.0                3.729  -0.9922896062650142               -100.0
 11.0                  8.7781513  3.7569439890666e-05                  0.0                  0.0                3.729  -0.9922896062650142               -100.0
 11.0                  8.8450980  3.7569439890666e-05                  0.0                  0.0                 3.73  -0.9922896062650142               -100.0
 11.0                  8.9030900  3.7569439890666e-05                  0.0                  0.0                 3.73  -0.9922896062650142               -100.0
 11.0                  8.9542425  3.7569439890666e-05                  0.0                  0.0                 3.73  -0.9922896062650142               -100.0
 11.0                  9.0000000  3.7569439890666e-05                  0.0                  0.0                 3.73  -0.9922896062650142               -100.0
 11.0                  9.1760913  3.7569439890666e-05                  0.0                  0.0                 3.73   -0.989289606265014               -100.0
 11.0                  9.3010300  3.7569439890666e-05                  0.0                  0.0                3.733   -0.989289606265014               -100.0
 11.0                  9.4771213  3.7470104939358e-05                  0.0                  0.0                3.729  -0.9932896062650146               -100.0
 11.0                  9.6020600   3.745888970292e-05                  0.0                  0.0                3.728  -0.9932896062650146               -100.0
 11.0                  9.6989700  3.7444470113214e-05                  0.0                  0.0                3.726  -0.9922896062650142               -100.0
 11.0                  9.8750613  3.7393200460926e-05                  0.0                  0.0    3.725000000001342  -0.9862896062650139               -100.0
 11.0                 10.0000000  3.7321102512396e-05                  0.0                  0.0   3.7310000006350155  -0.9732896062650142               -100.0
 11.0                 10.4771213  3.6015328555686e-05                  0.0                  0.0    3.958009306355922  -0.5672896062650143               -100.0
 11.0                 11.0000000  2.2412848933026e-05                  0.0                  0.0    5.529023810713305   1.4297103937349855               -100.0
 11.5                  7.0000000  5.5520226898002e-05                  0.0                  0.0                4.765  0.29071039373498614               -100.0
 11.5                  8.0000000  5.5520226898002e-05                  0.0                  0.0                4.765  0.29171039373498553               -100.0
 11.5                  8.3010300  5.5520226898002e-05                  0.0                  0.0                4.768  0.29471039373498564               -100.0
 11.5                  8.4771213  5.5520226898002e-05                  0.0                  0.0                4.768  0.29471039373498564               -100.0
 11.5                  8.6020600  5.5520226898002e-05                  0.0                  0.0                4.768  0.29471039373498564               -100.0
 11.5                  8.6989700  5.5520226898002e-05                  0.0                  0.0                4.768  0.29471039373498564               -100.0
 11.5                  8.7781513  5.5520226898002e-05                  0.0                  0.0                4.768  0.29471039373498564               -100.0
 11.5                  8.8450980  5.5520226898002e-05                  0.0                  0.0                4.768  0.29471039373498564               -100.0
 11.5                  8.9030900  5.5520226898002e-05                  0.0                  0.0                4.768  0.29471039373498564               -100.0
 11.5                  8.9542425  5.5520226898002e-05                  0.0                  0.0                4.768  0.29271039373498586               -100.0
 11.5                  9.0000000  5.5520226898002e-05                  0.0                  0.0                4.767  0.29271039373498586               -100.0
 11.5                  9.1760913  5.5520226898002e-05                  0.0                  0.0                4.767  0.29371039373498625               -100.0
 11.5                  9.3010300  5.5520226898002e-05                  0.0                  0.0                4.768  0.29471039373498564               -100.0
 11.5                  9.4771213  5.5520226898002e-05                  0.0                  0.0                4.769  0.29571039373498603               -100.0
 11.5                  9.6020600   5.537122447104e-05                  0.0                  0.0                 4.76   0.2867103937349857               -100.0
 11.5                  9.6989700  5.5361611411236e-05                  0.0                  0.0                4.757   0.2847103937349859               -100.0
 11.5                  9.8750613  5.5326363525288e-05                  0.0                  0.0   4.7510000000001265  0.28071039373498546               -100.0
 11.5                 10.0000000  5.5278298226268e-05                  0.0                  0.0    4.751000000060643   0.2827103937349861               -100.0
 11.5                 10.4771213  5.4387488017764e-05                  0.0                  0.0     4.85900116891714   0.4687103937349861               -100.0
 11.5                 11.0000000   4.442034717765e-05                  0.0                  0.0    6.111006757420307    2.045710393734986               -100.0
