!80zr -> 80y, e- capture
!Q=-6.388 MeV
!
!Log(rhoY)            Log(temp)            mu                   dQ                   Vs                   Log(e-cap-rate)      Log(nu-energy-loss)  Log(gamma-energy)   
!Log(g/cm^3)          Log(K)               erg                  erg                  erg                  Log(1/s)             Log(erg/s)           Log(erg/s)          
  1.0                  7.0000000     -4.806529902e-09                  0.0                  0.0  -0.7729934719864486   -6.157289606265014               -100.0
  1.0                  8.0000000    -9.2926244772e-08                  0.0                  0.0  -0.7729979213408948   -6.157289606265014               -100.0
  1.0                  8.3010300   -2.14691668956e-07                  0.0                  0.0  -0.7729985216285324   -6.157289606265014               -100.0
  1.0                  8.4771213   -3.49274506212e-07                  0.0                  0.0   -0.772998784419559   -6.157289606265014               -100.0
  1.0                  8.6020600   -4.91868226638e-07                  0.0                  0.0  -0.7729989388328905   -6.157289606265014               -100.0
  1.0                  8.6989700   -6.39268476966e-07                  0.0                  0.0  -0.7719990388662432   -6.156289606265014               -100.0
  1.0                  8.7781513   -7.65840431052e-07                  0.0                  0.0  -0.7709987872153127  -6.1542896062650145               -100.0
  1.0                  8.8450980   -8.05894846902e-07                  0.0                  0.0  -0.7679964043077547   -6.150289606265014               -100.0
  1.0                  8.9030900   -8.15507906706e-07                  0.0                  0.0  -0.7639888627301463   -6.145289606265014               -100.0
  1.0                  8.9542425    -8.1711008334e-07                  0.0                  0.0  -0.7589712412548769   -6.139289606265014               -100.0
  1.0                  9.0000000   -8.18712259974e-07                  0.0                  0.0  -0.7529367948147832   -6.132289606265014               -100.0
  1.0                  9.1760913   -8.18712259974e-07                  0.0                  0.0  -0.7142194621210558   -6.083289606265014               -100.0
  1.0                  9.3010300   -8.18712259974e-07                  0.0                  0.0  -0.6448937937979173   -6.001289606265014               -100.0
  1.0                  9.4771213   -8.18712259974e-07                  0.0                  0.0  -0.4182967964775221   -5.738289606265014               -100.0
  1.0                  9.6020600   -8.18712259974e-07                  0.0                  0.0 -0.17601154442400047   -5.452289606265015               -100.0
  1.0                  9.6989700   -8.18712259974e-07                  0.0                  0.0  0.03122774945887591   -5.192289606265014               -100.0
  1.0                  9.8750613   -8.18712259974e-07                  0.0                  0.0   0.4260117940051999   -4.640289606265014               -100.0
  1.0                 10.0000000   -8.18712259974e-07                  0.0                  0.0   0.7311036082883317   -4.204289606265014               -100.0
  1.0                 10.4771213   -8.18712259974e-07                  0.0                  0.0   2.2324832720117636  -2.3422896062650143               -100.0
  1.0                 11.0000000   -8.18712259974e-07                  0.0                  0.0     4.75004332740188    0.622710393734986               -100.0
  1.5                  7.0000000     -3.204353268e-09                  0.0                  0.0  -0.7729795932376026   -6.157289606265014               -100.0
  1.5                  8.0000000    -7.6904478432e-08                  0.0                  0.0  -0.7729934267367629   -6.157289606265014               -100.0
  1.5                  8.3010300    -1.8425031291e-07                  0.0                  0.0  -0.7729953249961399   -6.157289606265014               -100.0
  1.5                  8.4771213   -3.01209207192e-07                  0.0                  0.0  -0.7729961648496554   -6.157289606265014               -100.0
  1.5                  8.6020600   -4.27781161278e-07                  0.0                  0.0  -0.7729966443038205   -6.157289606265014               -100.0
  1.5                  8.6989700   -5.59159645266e-07                  0.0                  0.0  -0.7719969815582303   -6.156289606265014               -100.0
  1.5                  8.7781513   -6.92140305888e-07                  0.0                  0.0  -0.7709970773093517  -6.1542896062650145               -100.0
  1.5                  8.8450980   -7.80260020758e-07                  0.0                  0.0   -0.767995292590737   -6.150289606265014               -100.0
  1.5                  8.9030900   -8.05894846902e-07                  0.0                  0.0  -0.7639879557908315   -6.145289606265014               -100.0
  1.5                  8.9542425   -8.13905730072e-07                  0.0                  0.0  -0.7589704355687236   -6.139289606265014               -100.0
  1.5                  9.0000000   -8.15507906706e-07                  0.0                  0.0  -0.7529360629871034   -6.132289606265014               -100.0
  1.5                  9.1760913   -8.18712259974e-07                  0.0                  0.0  -0.7142194621210558   -6.083289606265014               -100.0
  1.5                  9.3010300   -8.18712259974e-07                  0.0                  0.0  -0.6448937937979173   -6.001289606265014               -100.0
  1.5                  9.4771213   -8.18712259974e-07                  0.0                  0.0  -0.4182967964775221   -5.738289606265014               -100.0
  1.5                  9.6020600   -8.18712259974e-07                  0.0                  0.0 -0.17601154442400047   -5.452289606265015               -100.0
  1.5                  9.6989700   -8.18712259974e-07                  0.0                  0.0  0.03122774945887591   -5.192289606265014               -100.0
  1.5                  9.8750613   -8.18712259974e-07                  0.0                  0.0   0.4260117940051999   -4.640289606265014               -100.0
  1.5                 10.0000000   -8.18712259974e-07                  0.0                  0.0   0.7311036082883317   -4.204289606265014               -100.0
  1.5                 10.4771213   -8.18712259974e-07                  0.0                  0.0   2.2324832720117636  -2.3422896062650143               -100.0
  1.5                 11.0000000   -8.18712259974e-07                  0.0                  0.0     4.75004332740188    0.622710393734986               -100.0
  2.0                  7.0000000     -1.602176634e-09                  0.0                  0.0  -0.7729378053234465   -6.157289606265014               -100.0
  2.0                  8.0000000    -6.0882712092e-08                  0.0                  0.0  -0.7729792138566429   -6.157289606265014               -100.0
  2.0                  8.3010300    -1.5220678023e-07                  0.0                  0.0  -0.7729852165117814   -6.157289606265014               -100.0
  2.0                  8.4771213   -2.53143908172e-07                  0.0                  0.0  -0.7729878723055276   -6.157289606265014               -100.0
  2.0                  8.6020600   -3.63694095918e-07                  0.0                  0.0  -0.7729894128511834   -6.157289606265014               -100.0
  2.0                  8.6989700     -4.806529902e-07                  0.0                  0.0  -0.7719904549207459   -6.156289606265014               -100.0
  2.0                  8.7781513    -6.0081623775e-07                  0.0                  0.0  -0.7709911533287674  -6.1542896062650145               -100.0
  2.0                  8.8450980   -7.14570778764e-07                  0.0                  0.0  -0.7679907364024436   -6.150289606265014               -100.0
  2.0                  8.9030900   -7.80260020758e-07                  0.0                  0.0  -0.7639847321924387   -6.145289606265014               -100.0
  2.0                  8.9542425   -8.02690493634e-07                  0.0                  0.0  -0.7589677322876078   -6.139289606265014               -100.0
  2.0                  9.0000000   -8.10701376804e-07                  0.0                  0.0  -0.7529336637155403   -6.132289606265014               -100.0
  2.0                  9.1760913   -8.18712259974e-07                  0.0                  0.0  -0.7142176644150918   -6.083289606265014               -100.0
  2.0                  9.3010300   -8.18712259974e-07                  0.0                  0.0  -0.6448937937979173   -6.001289606265014               -100.0
  2.0                  9.4771213   -8.18712259974e-07                  0.0                  0.0  -0.4182967964775221   -5.738289606265014               -100.0
  2.0                  9.6020600   -8.18712259974e-07                  0.0                  0.0 -0.17601154442400047   -5.452289606265015               -100.0
  2.0                  9.6989700   -8.18712259974e-07                  0.0                  0.0  0.03122774945887591   -5.192289606265014               -100.0
  2.0                  9.8750613   -8.18712259974e-07                  0.0                  0.0   0.4260117940051999   -4.640289606265014               -100.0
  2.0                 10.0000000   -8.18712259974e-07                  0.0                  0.0   0.7311036082883317   -4.204289606265014               -100.0
  2.0                 10.4771213   -8.18712259974e-07                  0.0                  0.0   2.2324832720117636  -2.3422896062650143               -100.0
  2.0                 11.0000000   -8.18712259974e-07                  0.0                  0.0     4.75004332740188    0.622710393734986               -100.0
  2.5                  7.0000000      1.602176634e-09                  0.0                  0.0  -0.7728210651882143   -6.157289606265014               -100.0
  2.5                  8.0000000    -4.4860945752e-08                  0.0                  0.0  -0.7729345738149297   -6.157289606265014               -100.0
  2.5                  8.3010300    -1.2016324755e-07                  0.0                  0.0  -0.7729533597369723   -6.157289606265014               -100.0
  2.5                  8.4771213   -2.06680785786e-07                  0.0                  0.0  -0.7729616500204968   -6.157289606265014               -100.0
  2.5                  8.6020600   -3.01209207192e-07                  0.0                  0.0  -0.7729665213781532   -6.157289606265014               -100.0
  2.5                  8.6989700     -4.005441585e-07                  0.0                  0.0  -0.7719698165263085   -6.156289606265014               -100.0
  2.5                  8.7781513   -5.06287816344e-07                  0.0                  0.0  -0.7709721535146766  -6.1542896062650145               -100.0
  2.5                  8.8450980   -6.13633650822e-07                  0.0                  0.0  -0.7679737111755194   -6.150289606265014               -100.0
  2.5                  8.9030900   -7.11366425496e-07                  0.0                  0.0  -0.7639715704427356   -6.145289606265014               -100.0
  2.5                  8.9542425    -7.6904478432e-07                  0.0                  0.0  -0.7589578533328143   -6.139289606265014               -100.0
  2.5                  9.0000000   -7.94679610464e-07                  0.0                  0.0  -0.7529252266352428   -6.132289606265014               -100.0
  2.5                  9.1760913   -8.15507906706e-07                  0.0                  0.0   -0.714212246439133   -6.083289606265014               -100.0
  2.5                  9.3010300   -8.18712259974e-07                  0.0                  0.0  -0.6448866588579678   -6.001289606265014               -100.0
  2.5                  9.4771213   -8.18712259974e-07                  0.0                  0.0  -0.4182967964775221   -5.738289606265014               -100.0
  2.5                  9.6020600   -8.18712259974e-07                  0.0                  0.0 -0.17601154442400047   -5.452289606265015               -100.0
  2.5                  9.6989700   -8.18712259974e-07                  0.0                  0.0  0.03122774945887591   -5.192289606265014               -100.0
  2.5                  9.8750613   -8.18712259974e-07                  0.0                  0.0   0.4260117940051999   -4.640289606265014               -100.0
  2.5                 10.0000000   -8.18712259974e-07                  0.0                  0.0   0.7311036082883317   -4.204289606265014               -100.0
  2.5                 10.4771213   -8.18712259974e-07                  0.0                  0.0   2.2324832720117636  -2.3422896062650143               -100.0
  2.5                 11.0000000   -8.18712259974e-07                  0.0                  0.0     4.75004332740188    0.622710393734986               -100.0
  3.0                  7.0000000      3.204353268e-09                  0.0                  0.0  -0.7725380942825361   -6.156289606265014               -100.0
  3.0                  8.0000000    -2.8839179412e-08                  0.0                  0.0   -0.772795505298449   -6.157289606265014               -100.0
  3.0                  8.3010300     -8.811971487e-08                  0.0                  0.0  -0.7728532051188061   -6.157289606265014               -100.0
  3.0                  8.4771213   -1.58615486766e-07                  0.0                  0.0  -0.7728790171479168   -6.157289606265014               -100.0
  3.0                  8.6020600   -2.37122141832e-07                  0.0                  0.0  -0.7728941401241591   -6.157289606265014               -100.0
  3.0                  8.6989700     -3.204353268e-07                  0.0                  0.0  -0.7719045586464771   -6.156289606265014               -100.0
  3.0                  8.7781513   -4.10157218304e-07                  0.0                  0.0  -0.7709121502791755  -6.1542896062650145               -100.0
  3.0                  8.8450980   -5.03083463076e-07                  0.0                  0.0  -0.7679180133167846   -6.150289606265014               -100.0
  3.0                  8.9030900   -5.99214061116e-07                  0.0                  0.0  -0.7639215225158339   -6.145289606265014               -100.0
  3.0                  8.9542425   -6.85731599352e-07                  0.0                  0.0  -0.7589174450662572   -6.139289606265014               -100.0
  3.0                  9.0000000   -7.46614311444e-07                  0.0                  0.0  -0.7528936515569952   -6.132289606265014               -100.0
  3.0                  9.1760913   -8.10701376804e-07                  0.0                  0.0  -0.7141920578278516   -6.083289606265014               -100.0
  3.0                  9.3010300    -8.1711008334e-07                  0.0                  0.0  -0.6448723399506243   -6.001289606265014               -100.0
  3.0                  9.4771213   -8.18712259974e-07                  0.0                  0.0  -0.4182967964775221   -5.738289606265014               -100.0
  3.0                  9.6020600   -8.18712259974e-07                  0.0                  0.0 -0.17592770086250964   -5.452289606265015               -100.0
  3.0                  9.6989700   -8.18712259974e-07                  0.0                  0.0  0.03122774945887591   -5.192289606265014               -100.0
  3.0                  9.8750613   -8.18712259974e-07                  0.0                  0.0   0.4260117940051999   -4.640289606265014               -100.0
  3.0                 10.0000000   -8.18712259974e-07                  0.0                  0.0   0.7311036082883317   -4.204289606265014               -100.0
  3.0                 10.4771213   -8.18712259974e-07                  0.0                  0.0   2.2324832720117636  -2.3422896062650143               -100.0
  3.0                 11.0000000   -8.18712259974e-07                  0.0                  0.0     4.75004332740188    0.622710393734986               -100.0
  3.5                  7.0000000       8.01088317e-09                  0.0                  0.0  -0.7719327882549728   -6.155289606265014               -100.0
  3.5                  8.0000000    -1.1215236438e-08                  0.0                  0.0  -0.7723755868116559   -6.156289606265014               -100.0
  3.5                  8.3010300    -5.4474005556e-08                  0.0                  0.0  -0.7725412723404089   -6.156289606265014               -100.0
  3.5                  8.4771213   -1.10550187746e-07                  0.0                  0.0   -0.772619290299722   -6.156289606265014               -100.0
  3.5                  8.6020600   -1.73035076472e-07                  0.0                  0.0   -0.772666866939945   -6.156289606265014               -100.0
  3.5                  8.6989700     -2.403264951e-07                  0.0                  0.0  -0.7716989533635322   -6.155289606265014               -100.0
  3.5                  8.7781513   -3.14026620264e-07                  0.0                  0.0  -0.7707228941138273   -6.153289606265014               -100.0
  3.5                  8.8450980    -3.9253327533e-07                  0.0                  0.0   -0.767741384234153   -6.149289606265015               -100.0
  3.5                  8.9030900    -4.7264210703e-07                  0.0                  0.0   -0.763756408286857   -6.144289606265014               -100.0
  3.5                  8.9542425   -5.55955291998e-07                  0.0                  0.0  -0.7587662952961267  -6.1382896062650145               -100.0
  3.5                  9.0000000   -6.36064123698e-07                  0.0                  0.0   -0.752764133440235   -6.131289606265014               -100.0
  3.5                  9.1760913   -7.94679610464e-07                  0.0                  0.0  -0.7141243180523082   -6.083289606265014               -100.0
  3.5                  9.3010300   -8.12303553438e-07                  0.0                  0.0  -0.6448144051523078   -6.001289606265014               -100.0
  3.5                  9.4771213    -8.1711008334e-07                  0.0                  0.0 -0.41826347070470254   -5.738289606265014               -100.0
  3.5                  9.6020600    -8.1711008334e-07                  0.0                  0.0 -0.17592770086250964   -5.452289606265015               -100.0
  3.5                  9.6989700   -8.18712259974e-07                  0.0                  0.0 0.031388885161131266   -5.192289606265014               -100.0
  3.5                  9.8750613   -8.18712259974e-07                  0.0                  0.0   0.4260117940051999   -4.640289606265014               -100.0
  3.5                 10.0000000   -8.18712259974e-07                  0.0                  0.0   0.7311036082883317   -4.204289606265014               -100.0
  3.5                 10.4771213   -8.18712259974e-07                  0.0                  0.0   2.2324832720117636  -2.3422896062650143               -100.0
  3.5                 11.0000000   -8.18712259974e-07                  0.0                  0.0     4.75004332740188    0.622710393734986               -100.0
  4.0                  7.0000000     1.9226119608e-08                  0.0                  0.0  -0.7706253672456439   -6.152289606265014               -100.0
  4.0                  8.0000000       8.01088317e-09                  0.0                  0.0  -0.7711974690347616   -6.153289606265014               -100.0
  4.0                  8.3010300    -2.0828296242e-08                  0.0                  0.0  -0.7716001413218844  -6.1542896062650145               -100.0
  4.0                  8.4771213    -6.0882712092e-08                  0.0                  0.0   -0.771821864857923  -6.1542896062650145               -100.0
  4.0                  8.6020600   -1.07345834478e-07                  0.0                  0.0  -0.7719594476574866   -6.155289606265014               -100.0
  4.0                  8.6989700     -1.602176634e-07                  0.0                  0.0  -0.7710574314566965  -6.1542896062650145               -100.0
  4.0                  8.7781513   -2.17896022224e-07                  0.0                  0.0  -0.7701283374104664   -6.152289606265014               -100.0
  4.0                  8.8450980    -2.8038091095e-07                  0.0                  0.0  -0.7671864626824323   -6.148289606265014               -100.0
  4.0                  8.9030900   -3.46070152944e-07                  0.0                  0.0  -0.7632336959815904   -6.143289606265014               -100.0
  4.0                  8.9542425   -4.13361571572e-07                  0.0                  0.0  -0.7582731900642247   -6.137289606265014               -100.0
  4.0                  9.0000000   -4.85459520102e-07                  0.0                  0.0  -0.7523026744117651  -6.1302896062650145               -100.0
  4.0                  9.1760913   -7.43409958176e-07                  0.0                  0.0  -0.7138851235190997  -6.0822896062650145               -100.0
  4.0                  9.3010300   -7.96281787098e-07                  0.0                  0.0  -0.6446418187018887   -6.000289606265014               -100.0
  4.0                  9.4771213   -8.12303553438e-07                  0.0                  0.0 -0.41812942343527654   -5.737289606265014               -100.0
  4.0                  9.6020600   -8.15507906706e-07                  0.0                  0.0  -0.1758436802611032   -5.452289606265015               -100.0
  4.0                  9.6989700    -8.1711008334e-07                  0.0                  0.0 0.031388885161131266   -5.192289606265014               -100.0
  4.0                  9.8750613   -8.18712259974e-07                  0.0                  0.0   0.4260117940051999   -4.640289606265014               -100.0
  4.0                 10.0000000   -8.18712259974e-07                  0.0                  0.0   0.7311036082883317   -4.204289606265014               -100.0
  4.0                 10.4771213   -8.18712259974e-07                  0.0                  0.0   2.2324832720117636  -2.3422896062650143               -100.0
  4.0                 11.0000000   -8.18712259974e-07                  0.0                  0.0     4.75004332740188    0.622710393734986               -100.0
  4.5                  7.0000000      4.005441585e-08                  0.0                  0.0  -0.7678334755600947  -6.1462896062650145               -100.0
  4.5                  8.0000000     3.5247885948e-08                  0.0                  0.0  -0.7683071596668017   -6.147289606265014               -100.0
  4.5                  8.3010300     1.9226119608e-08                  0.0                  0.0  -0.7689749596650022   -6.148289606265014               -100.0
  4.5                  8.4771213     -6.408706536e-09                  0.0                  0.0  -0.7694761194413356   -6.149289606265015               -100.0
  4.5                  8.6020600    -3.8452239216e-08                  0.0                  0.0  -0.7698289883269294   -6.150289606265014               -100.0
  4.5                  8.6989700    -7.5302301798e-08                  0.0                  0.0  -0.7690937673026146   -6.150289606265014               -100.0
  4.5                  8.7781513   -1.18561070916e-07                  0.0                  0.0  -0.7682995670705136   -6.148289606265014               -100.0
  4.5                  8.8450980   -1.65024193302e-07                  0.0                  0.0  -0.7654676860985034   -6.144289606265014               -100.0
  4.5                  8.9030900   -2.14691668956e-07                  0.0                  0.0  -0.7616089523064639   -6.140289606265014               -100.0
  4.5                  8.9542425   -2.67563497878e-07                  0.0                  0.0  -0.7567267500482907   -6.134289606265014               -100.0
  4.5                  9.0000000   -3.23639680068e-07                  0.0                  0.0  -0.7508288078358548   -6.127289606265014               -100.0
  4.5                  9.1760913   -6.12031474188e-07                  0.0                  0.0  -0.7129071530592309   -6.080289606265014               -100.0
  4.5                  9.3010300   -7.48216488078e-07                  0.0                  0.0  -0.6440208234923868   -5.999289606265014               -100.0
  4.5                  9.4771213      -8.01088317e-07                  0.0                  0.0   -0.417685439783538   -5.736289606265014               -100.0
  4.5                  9.6020600   -8.10701376804e-07                  0.0                  0.0 -0.17550582065928377   -5.451289606265014               -100.0
  4.5                  9.6989700   -8.13905730072e-07                  0.0                  0.0  0.03171209150841362   -5.192289606265014               -100.0
  4.5                  9.8750613    -8.1711008334e-07                  0.0                  0.0   0.4264406128621741   -4.640289606265014               -100.0
  4.5                 10.0000000    -8.1711008334e-07                  0.0                  0.0   0.7311036082883317   -4.204289606265014               -100.0
  4.5                 10.4771213   -8.18712259974e-07                  0.0                  0.0   2.2324832720117636  -2.3422896062650143               -100.0
  4.5                 11.0000000   -8.18712259974e-07                  0.0                  0.0     4.75004332740188    0.622710393734986               -100.0
  5.0                  7.0000000     8.4915361602e-08                  0.0                  0.0  -0.7616215613904871   -6.132289606265014               -100.0
  5.0                  8.0000000     8.3313184968e-08                  0.0                  0.0  -0.7619025355202873   -6.133289606265015               -100.0
  5.0                  8.3010300     7.5302301798e-08                  0.0                  0.0  -0.7625158866155687   -6.134289606265014               -100.0
  5.0                  8.4771213     6.0882712092e-08                  0.0                  0.0  -0.7632300981055453   -6.135289606265014               -100.0
  5.0                  8.6020600     4.1656592484e-08                  0.0                  0.0   -0.763875396085175   -6.137289606265014               -100.0
  5.0                  8.6989700     1.7623942974e-08                  0.0                  0.0  -0.7634395410087593   -6.137289606265014               -100.0
  5.0                  8.7781513    -1.1215236438e-08                  0.0                  0.0  -0.7628955086333477   -6.136289606265014               -100.0
  5.0                  8.8450980    -4.3258769118e-08                  0.0                  0.0    -0.76032740339882   -6.133289606265015               -100.0
  5.0                  8.9030900    -7.8506655066e-08                  0.0                  0.0  -0.7566865473587769   -6.129289606265014               -100.0
  5.0                  8.9542425   -1.15356717648e-07                  0.0                  0.0  -0.7520130736621582   -6.123289606265014               -100.0
  5.0                  9.0000000   -1.57013310132e-07                  0.0                  0.0  -0.7463098639571614   -6.117289606265015               -100.0
  5.0                  9.1760913   -3.94135451964e-07                  0.0                  0.0  -0.7092468649575393   -6.072289606265014               -100.0
  5.0                  9.3010300   -6.13633650822e-07                  0.0                  0.0  -0.6416087651700929   -5.994289606265014               -100.0
  5.0                  9.4771213   -7.62636077784e-07                  0.0                  0.0  -0.4162739101264996   -5.733289606265014               -100.0
  5.0                  9.6020600    -7.9307743383e-07                  0.0                  0.0  -0.1743006461591303  -5.4492896062650145               -100.0
  5.0                  9.6989700   -8.04292670268e-07                  0.0                  0.0 0.032689225124204385   -5.190289606265014               -100.0
  5.0                  9.8750613   -8.12303553438e-07                  0.0                  0.0  0.42686999579092827   -4.639289606265014               -100.0
  5.0                 10.0000000   -8.15507906706e-07                  0.0                  0.0   0.7311036082883317   -4.204289606265014               -100.0
  5.0                 10.4771213   -8.18712259974e-07                  0.0                  0.0   2.2334707399337446  -2.3422896062650143               -100.0
  5.0                 11.0000000   -8.18712259974e-07                  0.0                  0.0     4.75004332740188    0.622710393734986               -100.0
  5.5                  7.0000000    1.74637253106e-07                  0.0                  0.0   -0.747246058317568   -6.101289606265015               -100.0
  5.5                  8.0000000    1.73035076472e-07                  0.0                  0.0  -0.7475323848650485   -6.102289606265014               -100.0
  5.5                  8.3010300     1.6822854657e-07                  0.0                  0.0  -0.7478156195247819   -6.103289606265014               -100.0
  5.5                  8.4771213    1.61819840034e-07                  0.0                  0.0  -0.7483177504175212   -6.104289606265014               -100.0
  5.5                  8.6020600     1.5220678023e-07                  0.0                  0.0   -0.748972145411364   -6.105289606265014               -100.0
  5.5                  8.6989700    1.37787190524e-07                  0.0                  0.0  -0.7486620302622116   -6.105289606265014               -100.0
  5.5                  8.7781513    1.21765424184e-07                  0.0                  0.0  -0.7483326199153016   -6.105289606265014               -100.0
  5.5                  8.8450980    1.02539304576e-07                  0.0                  0.0  -0.7460830679688233   -6.102289606265014               -100.0
  5.5                  8.9030900       8.01088317e-08                  0.0                  0.0  -0.7428092725181316   -6.099289606265014               -100.0
  5.5                  8.9542425     5.4474005556e-08                  0.0                  0.0  -0.7384658475427524   -6.094289606265014               -100.0
  5.5                  9.0000000     2.7237002778e-08                  0.0                  0.0  -0.7331472745813223   -6.088289606265014               -100.0
  5.5                  9.1760913   -1.40991543792e-07                  0.0                  0.0  -0.6976976764883274   -6.047289606265014               -100.0
  5.5                  9.3010300   -3.46070152944e-07                  0.0                  0.0    -0.63222843948285  -5.9732896062650145               -100.0
  5.5                  9.4771213   -6.44075006868e-07                  0.0                  0.0 -0.41118127951588357   -5.722289606265014               -100.0
  5.5                  9.6020600   -7.38603428274e-07                  0.0                  0.0 -0.17056062194741461  -5.4412896062650145               -100.0
  5.5                  9.6989700   -7.72249137588e-07                  0.0                  0.0  0.03585888902816888  -5.1832896062650144               -100.0
  5.5                  9.8750613   -7.99486140366e-07                  0.0                  0.0  0.42902537788348893   -4.636289606265014               -100.0
  5.5                 10.0000000    -8.0909920017e-07                  0.0                  0.0   0.7331012578405354   -4.202289606265015               -100.0
  5.5                 10.4771213    -8.1711008334e-07                  0.0                  0.0   2.2334707399337446  -2.3422896062650143               -100.0
  5.5                 11.0000000   -8.18712259974e-07                  0.0                  0.0     4.75004332740188    0.622710393734986               -100.0
  6.0                  7.0000000     3.4446797631e-07                  0.0                  0.0  -0.7124443423779644   -6.031289606265014               -100.0
  6.0                  8.0000000    3.42865799676e-07                  0.0                  0.0  -0.7127041217155182   -6.031289606265014               -100.0
  6.0                  8.3010300    3.39661446408e-07                  0.0                  0.0   -0.713091843395922   -6.032289606265014               -100.0
  6.0                  8.4771213     3.3645709314e-07                  0.0                  0.0  -0.7132205664393305   -6.032289606265014               -100.0
  6.0                  8.6020600    3.30048386604e-07                  0.0                  0.0  -0.7134772389009785   -6.033289606265014               -100.0
  6.0                  8.6989700    3.22037503434e-07                  0.0                  0.0  -0.7129875016584843   -6.033289606265014               -100.0
  6.0                  8.7781513    3.14026620264e-07                  0.0                  0.0  -0.7124936782904863   -6.032289606265014               -100.0
  6.0                  8.8450980    3.02811383826e-07                  0.0                  0.0  -0.7102453429999935  -6.0292896062650145               -100.0
  6.0                  8.9030900     2.8839179412e-07                  0.0                  0.0  -0.7071108703103276   -6.026289606265014               -100.0
  6.0                  8.9542425    2.73972204414e-07                  0.0                  0.0  -0.7030851733510681   -6.022289606265014               -100.0
  6.0                  9.0000000    2.57950438074e-07                  0.0                  0.0  -0.6980438243693001   -6.016289606265014               -100.0
  6.0                  9.1760913    1.47400250328e-07                  0.0                  0.0   -0.664937488908408   -5.979289606265014               -100.0
  6.0                  9.3010300      1.602176634e-09                  0.0                  0.0  -0.6024179387932398   -5.910289606265014               -100.0
  6.0                  9.4771213   -3.39661446408e-07                  0.0                  0.0  -0.3909662684008876  -5.6782896062650146               -100.0
  6.0                  9.6020600    -5.6877270507e-07                  0.0                  0.0 -0.15711087031032756  -5.4122896062650145               -100.0
  6.0                  9.6989700   -6.71312009646e-07                  0.0                  0.0  0.04646396330702063  -5.1622896062650145               -100.0
  6.0                  9.8750613   -7.59431724516e-07                  0.0                  0.0  0.43601765027681255   -4.625289606265015               -100.0
  6.0                 10.0000000   -7.86668727294e-07                  0.0                  0.0   0.7374409024433554   -4.197289606265014               -100.0
  6.0                 10.4771213   -8.15507906706e-07                  0.0                  0.0   2.2334707399337446  -2.3422896062650143               -100.0
  6.0                 11.0000000   -8.18712259974e-07                  0.0                  0.0     4.75004332740188    0.622710393734986               -100.0
  6.5                  7.0000000    6.45677183502e-07                  0.0                  0.0  -0.6271745550848614   -5.876289606265014               -100.0
  6.5                  8.0000000    6.42472830234e-07                  0.0                  0.0  -0.6280280940910413   -5.877289606265014               -100.0
  6.5                  8.3010300      6.408706536e-07                  0.0                  0.0  -0.6283116704163648   -5.877289606265014               -100.0
  6.5                  8.4771213    6.37666300332e-07                  0.0                  0.0  -0.6280280940910413   -5.877289606265014               -100.0
  6.5                  8.6020600    6.34461947064e-07                  0.0                  0.0  -0.6280280940910413   -5.877289606265014               -100.0
  6.5                  8.6989700    6.29655417162e-07                  0.0                  0.0  -0.6273116704163648   -5.876289606265014               -100.0
  6.5                  8.7781513    6.23246710626e-07                  0.0                  0.0  -0.6265947791799253   -5.875289606265015               -100.0
  6.5                  8.8450980     6.1683800409e-07                  0.0                  0.0  -0.6241595958894031  -5.8722896062650145               -100.0
  6.5                  8.9030900     6.0882712092e-07                  0.0                  0.0  -0.6210033259272271   -5.868289606265014               -100.0
  6.5                  8.9542425    5.99214061116e-07                  0.0                  0.0  -0.6171217949666729  -5.8642896062650145               -100.0
  6.5                  9.0000000    5.89601001312e-07                  0.0                  0.0   -0.612509470243045   -5.859289606265015               -100.0
  6.5                  9.1760913     5.2070740605e-07                  0.0                  0.0  -0.5812763504345774  -5.8242896062650145               -100.0
  6.5                  9.3010300     4.2457680801e-07                  0.0                  0.0  -0.5227806782039669   -5.761289606265014               -100.0
  6.5                  9.4771213    1.61819840034e-07                  0.0                  0.0  -0.3236179602923182   -5.549289606265014               -100.0
  6.5                  9.6020600   -1.39389367158e-07                  0.0                  0.0 -0.10494669065869709   -5.312289606265014               -100.0
  6.5                  9.6989700   -3.74909332356e-07                  0.0                  0.0  0.08554042840758537   -5.089289606265014               -100.0
  6.5                  9.8750613   -6.34461947064e-07                  0.0                  0.0   0.4588687478311596   -4.589289606265014               -100.0
  6.5                 10.0000000   -7.17775132032e-07                  0.0                  0.0   0.7512473412484119  -4.1782896062650146               -100.0
  6.5                 10.4771213   -8.07497023536e-07                  0.0                  0.0    2.234458236318313   -2.341289606265014               -100.0
  6.5                 11.0000000    -8.1711008334e-07                  0.0                  0.0     4.75004332740188    0.622710393734986               -100.0
  7.0                  7.0000000   1.142351940042e-06                  0.0                  0.0    -0.43771745138258   -5.587289606265014               -100.0
  7.0                  8.0000000   1.142351940042e-06                  0.0                  0.0 -0.43502070080001404  -5.5822896062650145               -100.0
  7.0                  8.3010300    1.13754541014e-06                  0.0                  0.0  -0.4366404674415435   -5.585289606265014               -100.0
  7.0                  8.4771213   1.134341056872e-06                  0.0                  0.0 -0.43610111722136136   -5.584289606265014               -100.0
  7.0                  8.6020600   1.132738880238e-06                  0.0                  0.0 -0.43610111722136136   -5.584289606265014               -100.0
  7.0                  8.6989700    1.12953452697e-06                  0.0                  0.0  -0.4356404674415435   -5.583289606265014               -100.0
  7.0                  8.7781513   1.126330173702e-06                  0.0                  0.0  -0.4346404674415435  -5.5822896062650145               -100.0
  7.0                  8.8450980     1.1215236438e-06                  0.0                  0.0 -0.43271745138258005   -5.579289606265014               -100.0
  7.0                  8.9030900   1.115114937264e-06                  0.0                  0.0  -0.4297921459840952   -5.576289606265014               -100.0
  7.0                  8.9542425   1.110308407362e-06                  0.0                  0.0  -0.4263998936583706   -5.572289606265014               -100.0
  7.0                  9.0000000   1.102297524192e-06                  0.0                  0.0  -0.4225355373850089   -5.568289606265014               -100.0
  7.0                  9.1760913   1.059038755074e-06                  0.0                  0.0  -0.3945545202397784   -5.536289606265014               -100.0
  7.0                  9.3010300    9.96553866348e-07                  0.0                  0.0   -0.341941222658171   -5.477289606265014               -100.0
  7.0                  9.4771213     8.1711008334e-07                  0.0                  0.0 -0.15766201035369956   -5.280289606265014               -100.0
  7.0                  9.6020600     5.7678358824e-07                  0.0                  0.0 0.044909111528289615   -5.064289606265014               -100.0
  7.0                  9.6989700    3.01209207192e-07                  0.0                  0.0  0.21590911152828968   -4.875289606265014               -100.0
  7.0                  9.8750613   -2.51541731538e-07                  0.0                  0.0   0.5359091115282897   -4.478289606265014               -100.0
  7.0                 10.0000000   -5.03083463076e-07                  0.0                  0.0   0.7955730942646009   -4.123289606265014               -100.0
  7.0                 10.4771213    -7.8506655066e-07                  0.0                  0.0   2.2364457611016424  -2.3382896062650143               -100.0
  7.0                 11.0000000   -8.15507906706e-07                  0.0                  0.0     4.75004332740188    0.622710393734986               -100.0
  7.5                  7.0000000   1.921009784166e-06                  0.0                  0.0 -0.08683012591216963   -5.143289606265014               -100.0
  7.5                  8.0000000   1.921009784166e-06                  0.0                  0.0 -0.08603592010469406   -5.142289606265014               -100.0
  7.5                  8.3010300    1.91460107763e-06                  0.0                  0.0 -0.08921048171758779   -5.145289606265014               -100.0
  7.5                  8.4771213    1.91460107763e-06                  0.0                  0.0 -0.08921048171758779   -5.145289606265014               -100.0
  7.5                  8.6020600   1.912998900996e-06                  0.0                  0.0 -0.08841740722856346   -5.145289606265014               -100.0
  7.5                  8.6989700   1.909794547728e-06                  0.0                  0.0 -0.08821048171758777   -5.144289606265014               -100.0
  7.5                  8.7781513   1.908192371094e-06                  0.0                  0.0 -0.08721048171758777   -5.143289606265014               -100.0
  7.5                  8.8450980   1.904988017826e-06                  0.0                  0.0 -0.08579549580731169   -5.140289606265014               -100.0
  7.5                  8.9030900   1.901783664558e-06                  0.0                  0.0 -0.08337899331229866  -5.1382896062650145               -100.0
  7.5                  8.9542425   1.896977134656e-06                  0.0                  0.0 -0.08075138704679001   -5.135289606265014               -100.0
  7.5                  9.0000000   1.892170604754e-06                  0.0                  0.0 -0.07790923255740542   -5.131289606265014               -100.0
  7.5                  9.1760913   1.863331425342e-06                  0.0                  0.0 -0.05560571017635347   -5.104289606265015               -100.0
  7.5                  9.3010300   1.821674832858e-06                  0.0                  0.0 -0.01108462654688377   -5.052289606265014               -100.0
  7.5                  9.4771213   1.701511585308e-06                  0.0                  0.0  0.15479855372228649   -4.868289606265014               -100.0
  7.5                  9.6020600   1.534885215372e-06                  0.0                  0.0  0.34432174961909284  -4.6622896062650145               -100.0
  7.5                  9.6989700   1.323397899684e-06                  0.0                  0.0   0.5021108961444066   -4.487289606265014               -100.0
  7.5                  9.8750613    6.85731599352e-07                  0.0                  0.0   0.7582069673222532   -4.189289606265014               -100.0
  7.5                 10.0000000     1.3618501389e-07                  0.0                  0.0   0.9347935284681864   -3.956289606265014               -100.0
  7.5                 10.4771213    -7.1296860213e-07                  0.0                  0.0    2.243371502618825   -2.331289606265014               -100.0
  7.5                 11.0000000    -8.0909920017e-07                  0.0                  0.0     4.75004332740188   0.6237103937349854               -100.0
  8.0                  7.0000000   3.105018316692e-06                  0.0                  0.0   0.4029717602637641   -4.593289606265015               -100.0
  8.0                  8.0000000   3.105018316692e-06                  0.0                  0.0   0.4029717602637641   -4.592289606265014               -100.0
  8.0                  8.3010300   3.105018316692e-06                  0.0                  0.0   0.4029717602637641   -4.592289606265014               -100.0
  8.0                  8.4771213   3.097007433522e-06                  0.0                  0.0   0.4001724614796125   -4.595289606265014               -100.0
  8.0                  8.6020600   3.097007433522e-06                  0.0                  0.0   0.4001724614796125   -4.595289606265014               -100.0
  8.0                  8.6989700   3.095405256888e-06                  0.0                  0.0   0.4011724614796125   -4.594289606265014               -100.0
  8.0                  8.7781513   3.093803080254e-06                  0.0                  0.0  0.40123964983950716   -4.593289606265015               -100.0
  8.0                  8.8450980   3.090598726986e-06                  0.0                  0.0  0.40237446021633505   -4.592289606265014               -100.0
  8.0                  8.9030900   3.088996550352e-06                  0.0                  0.0  0.40450985072571766  -4.5902896062650145               -100.0
  8.0                  8.9542425   3.085792197084e-06                  0.0                  0.0  0.40578238140781986   -4.587289606265014               -100.0
  8.0                  9.0000000   3.082587843816e-06                  0.0                  0.0   0.4080572604938844   -4.584289606265014               -100.0
  8.0                  9.1760913   3.063361724208e-06                  0.0                  0.0   0.4256119164496364   -4.561289606265015               -100.0
  8.0                  9.3010300   3.034522544796e-06                  0.0                  0.0   0.4630076465274045   -4.515289606265014               -100.0
  8.0                  9.4771213   2.952811536462e-06                  0.0                  0.0   0.6093018711557305   -4.344289606265014               -100.0
  8.0                  9.6020600   2.839056995448e-06                  0.0                  0.0   0.7850828330842713   -4.149289606265015               -100.0
  8.0                  9.6989700   2.693258921754e-06                  0.0                  0.0   0.9344542586754025  -3.9822896062650144               -100.0
  8.0                  9.8750613   2.199788518482e-06                  0.0                  0.0   1.1640916141621922   -3.718289606265014               -100.0
  8.0                 10.0000000    1.57814398449e-06                  0.0                  0.0   1.2672845984689447   -3.579289606265014               -100.0
  8.0                 10.4771213   -4.82255166834e-07                  0.0                  0.0   2.2661429264150654   -2.308289606265014               -100.0
  8.0                 11.0000000   -7.88270903928e-07                  0.0                  0.0     4.75104322775658   0.6237103937349854               -100.0
  8.5                  7.0000000   4.873821320628e-06                  0.0                  0.0   0.9866202394871457  -3.9622896062650144               -100.0
  8.5                  8.0000000   4.873821320628e-06                  0.0                  0.0   0.9856376523889115  -3.9622896062650144               -100.0
  8.5                  8.3010300   4.873821320628e-06                  0.0                  0.0   0.9866202394871457   -3.961289606265014               -100.0
  8.5                  8.4771213   4.873821320628e-06                  0.0                  0.0   0.9866202394871457   -3.961289606265014               -100.0
  8.5                  8.6020600    4.86260608419e-06                  0.0                  0.0   0.9836725966011799   -3.964289606265014               -100.0
  8.5                  8.6989700    4.86260608419e-06                  0.0                  0.0    0.983690128087355   -3.964289606265014               -100.0
  8.5                  8.7781513   4.861003907556e-06                  0.0                  0.0   0.9846901280873551  -3.9632896062650143               -100.0
  8.5                  8.8450980   4.859401730922e-06                  0.0                  0.0    0.985725310260381  -3.9622896062650144               -100.0
  8.5                  8.9030900   4.857799554288e-06                  0.0                  0.0   0.9867783828490582   -3.960289606265014               -100.0
  8.5                  8.9542425   4.856197377654e-06                  0.0                  0.0   0.9878497087851448  -3.9582896062650144               -100.0
  8.5                  9.0000000   4.852993024386e-06                  0.0                  0.0   0.9889397782657932  -3.9552896062650142               -100.0
  8.5                  9.1760913   4.840175611314e-06                  0.0                  0.0   1.0024057152695316   -3.936289606265014               -100.0
  8.5                  9.3010300   4.820949491706e-06                  0.0                  0.0   1.0341246039148249   -3.896289606265014               -100.0
  8.5                  9.4771213   4.764873309516e-06                  0.0                  0.0   1.1641227219588342   -3.740289606265014               -100.0
  8.5                  9.6020600   4.687968831084e-06                  0.0                  0.0   1.3238336934929291  -3.5562896062650142               -100.0
  8.5                  9.6989700   4.588633879776e-06                  0.0                  0.0   1.4637683516119953   -3.399289606265014               -100.0
  8.5                  9.8750613   4.244165903466e-06                  0.0                  0.0   1.6774719889833407   -3.155289606265014               -100.0
  8.5                 10.0000000   3.771523796436e-06                  0.0                  0.0    1.757537682958668   -3.048289606265014               -100.0
  8.5                 10.4771213    2.37122141832e-07                  0.0                  0.0   2.3374622231950575   -2.235289606265014               -100.0
  8.5                 11.0000000   -7.24183838568e-07                  0.0                  0.0    4.753043128340435   0.6257103937349862               -100.0
  9.0                  7.0000000    7.49017576395e-06                  0.0                  0.0   1.6297215642868146   -3.262289606265014               -100.0
  9.0                  8.0000000    7.49017576395e-06                  0.0                  0.0   1.6317136700025232   -3.260289606265014               -100.0
  9.0                  8.3010300    7.49017576395e-06                  0.0                  0.0   1.6317136700025232   -3.260289606265014               -100.0
  9.0                  8.4771213    7.49017576395e-06                  0.0                  0.0   1.6317136700025232   -3.259289606265014               -100.0
  9.0                  8.6020600    7.49017576395e-06                  0.0                  0.0   1.6327097364188499   -3.259289606265014               -100.0
  9.0                  8.6989700    7.49017576395e-06                  0.0                  0.0   1.6327136700025235   -3.259289606265014               -100.0
  9.0                  8.7781513    7.47415399761e-06                  0.0                  0.0   1.6297294948649776   -3.262289606265014               -100.0
  9.0                  8.8450980   7.472551820976e-06                  0.0                  0.0   1.6307374619032058  -3.2612896062650143               -100.0
  9.0                  8.9030900   7.472551820976e-06                  0.0                  0.0    1.630753506028408   -3.259289606265014               -100.0
  9.0                  8.9542425   7.470949644342e-06                  0.0                  0.0    1.631769698007126   -3.258289606265014               -100.0
  9.0                  9.0000000   7.469347467708e-06                  0.0                  0.0   1.6327901479679248   -3.256289606265014               -100.0
  9.0                  9.1760913   7.459734407904e-06                  0.0                  0.0   1.6439047220183816   -3.240289606265014               -100.0
  9.0                  9.3010300   7.446916994832e-06                  0.0                  0.0    1.670092846940769   -3.206289606265014               -100.0
  9.0                  9.4771213   7.408464755616e-06                  0.0                  0.0    1.783645215338406   -3.067289606265014               -100.0
  9.0                  9.6020600   7.355592926694e-06                  0.0                  0.0    1.928156495015715   -2.897289606265014               -100.0
  9.0                  9.6989700   7.288301508066e-06                  0.0                  0.0    2.057467761946843   -2.751289606265014               -100.0
  9.0                  9.8750613   7.052781542868e-06                  0.0                  0.0    2.254783477878035   -2.528289606265014               -100.0
  9.0                 10.0000000   6.724335332898e-06                  0.0                  0.0    2.321924826112873   -2.440289606265014               -100.0
  9.0                 10.4771213   2.345586592176e-06                  0.0                  0.0    2.541933033135486   -2.024289606265014               -100.0
  9.0                 11.0000000   -5.17503052782e-07                  0.0                  0.0    4.759042732956886   0.6327103937349858               -100.0
  9.5                  7.0000000  1.1345012745354e-05                  0.0                  0.0    2.325346426484398   -2.490289606265014               -100.0
  9.5                  8.0000000  1.1345012745354e-05                  0.0                  0.0    2.324347224760761   -2.490289606265014               -100.0
  9.5                  8.3010300  1.1345012745354e-05                  0.0                  0.0    2.324347224760761   -2.490289606265014               -100.0
  9.5                  8.4771213  1.1345012745354e-05                  0.0                  0.0    2.325346426484398   -2.490289606265014               -100.0
  9.5                  8.6020600  1.1345012745354e-05                  0.0                  0.0    2.325346426484398   -2.490289606265014               -100.0
  9.5                  8.6989700  1.1345012745354e-05                  0.0                  0.0   2.3253472247607614   -2.490289606265014               -100.0
  9.5                  8.7781513  1.1345012745354e-05                  0.0                  0.0     2.32534802487587   -2.489289606265014               -100.0
  9.5                  8.8450980  1.1345012745354e-05                  0.0                  0.0    2.326349630639258   -2.488289606265014               -100.0
  9.5                  8.9030900  1.1320980095844e-05                  0.0                  0.0   2.3223561280937712  -2.4912896062650143               -100.0
  9.5                  8.9542425   1.131937791921e-05                  0.0                  0.0    2.323359421943268   -2.490289606265014               -100.0
  9.5                  9.0000000   1.131937791921e-05                  0.0                  0.0    2.324363582111572   -2.489289606265014               -100.0
  9.5                  9.1760913  1.1312969212674e-05                  0.0                  0.0   2.3323895735922076   -2.477289606265014               -100.0
  9.5                  9.3010300   1.130335615287e-05                  0.0                  0.0   2.3544320840662616   -2.448289606265014               -100.0
  9.5                  9.4771213  1.1277721326726e-05                  0.0                  0.0   2.4525655896920235   -2.327289606265014               -100.0
  9.5                  9.6020600  1.1242473440778e-05                  0.0                  0.0   2.5826973255882346   -2.174289606265014               -100.0
  9.5                  9.6989700  1.1196010318392e-05                  0.0                  0.0   2.7007859434163572   -2.040289606265014               -100.0
  9.5                  9.8750613  1.1034190478358e-05                  0.0                  0.0   2.8808919453840107   -1.836289606265014               -100.0
  9.5                 10.0000000  1.0809885749598e-05                  0.0                  0.0    2.936949094982352  -1.7652896062650139               -100.0
  9.5                 10.4771213   6.967866181266e-06                  0.0                  0.0   2.9711566603617783  -1.5802896062650142               -100.0
  9.5                 11.0000000    1.32980660622e-07                  0.0                  0.0    4.779041472820756   0.6527103937349863               -100.0
 10.0                  7.0000000  1.7013513676446e-05                  0.0                  0.0   3.0530648263989657  -1.6602896062650143               -100.0
 10.0                  8.0000000  1.7013513676446e-05                  0.0                  0.0    3.054064677313487  -1.6582896062650145               -100.0
 10.0                  8.3010300  1.7013513676446e-05                  0.0                  0.0    3.054064677313487  -1.6582896062650145               -100.0
 10.0                  8.4771213  1.7013513676446e-05                  0.0                  0.0    3.054064677313487  -1.6582896062650145               -100.0
 10.0                  8.6020600  1.7013513676446e-05                  0.0                  0.0    3.054064677313487  -1.6582896062650145               -100.0
 10.0                  8.6989700  1.7013513676446e-05                  0.0                  0.0   3.0550646773134873  -1.6582896062650145               -100.0
 10.0                  8.7781513  1.7013513676446e-05                  0.0                  0.0    3.055064826398966  -1.6582896062650145               -100.0
 10.0                  8.8450980  1.7013513676446e-05                  0.0                  0.0   3.0550652757203283  -1.6572896062650142               -100.0
 10.0                  8.9030900  1.7013513676446e-05                  0.0                  0.0    3.055065879663324  -1.6562896062650139               -100.0
 10.0                  8.9542425  1.7013513676446e-05                  0.0                  0.0   3.0560664891936833  -1.6562896062650139               -100.0
 10.0                  9.0000000  1.7013513676446e-05                  0.0                  0.0   3.0570672590426455  -1.6552896062650144               -100.0
 10.0                  9.1760913  1.6971857083962e-05                  0.0                  0.0   3.0590730714583567  -1.6502896062650145               -100.0
 10.0                  9.3010300  1.6965448377426e-05                  0.0                  0.0   3.0770817981368332   -1.627289606265014               -100.0
 10.0                  9.4771213  1.6949426611086e-05                  0.0                  0.0   3.1611105933499775  -1.5232896062650139               -100.0
 10.0                  9.6020600  1.6923791784942e-05                  0.0                  0.0     3.27814051220638   -1.388289606265014               -100.0
 10.0                  9.6989700  1.6891748252262e-05                  0.0                  0.0    3.385162443780033  -1.2662896062650142               -100.0
 10.0                  9.8750613   1.678280024115e-05                  0.0                  0.0   3.5511904097149873  -1.0812896062650137               -100.0
 10.0                 10.0000000  1.6628991284286e-05                  0.0                  0.0    3.597207338827256  -1.0242896062650142               -100.0
 10.0                 10.4771213  1.3855623530832e-05                  0.0                  0.0   3.5463152293794704  -0.9712896062650143               -100.0
 10.0                 11.0000000   2.161336279266e-06                  0.0                  0.0    4.840037823820971   0.7147103937349856               -100.0
 10.5                  7.0000000  2.5341627819978e-05                  0.0                  0.0   3.8120112922026963  -0.7772896062650144               -100.0
 10.5                  8.0000000  2.5341627819978e-05                  0.0                  0.0   3.8120112922026963  -0.7772896062650144               -100.0
 10.5                  8.3010300  2.5341627819978e-05                  0.0                  0.0   3.8120112922026963  -0.7772896062650144               -100.0
 10.5                  8.4771213  2.5341627819978e-05                  0.0                  0.0   3.8120112922026963  -0.7772896062650144               -100.0
 10.5                  8.6020600  2.5341627819978e-05                  0.0                  0.0   3.8120112922026963  -0.7772896062650144               -100.0
 10.5                  8.6989700  2.5341627819978e-05                  0.0                  0.0    3.812011318233573  -0.7772896062650144               -100.0
 10.5                  8.7781513  2.5341627819978e-05                  0.0                  0.0    3.812011344324455  -0.7772896062650144               -100.0
 10.5                  8.8450980  2.5341627819978e-05                  0.0                  0.0    3.812011422958521   -0.776289606265014               -100.0
 10.5                  8.9030900  2.5341627819978e-05                  0.0                  0.0    3.813011502137639   -0.776289606265014               -100.0
 10.5                  8.9542425  2.5341627819978e-05                  0.0                  0.0   3.8130116353243313  -0.7752896062650145               -100.0
 10.5                  9.0000000  2.5341627819978e-05                  0.0                  0.0    3.813011797185618  -0.7752896062650145               -100.0
 10.5                  9.1760913  2.5341627819978e-05                  0.0                  0.0    3.818012728521106   -0.768289606265014               -100.0
 10.5                  9.3010300  2.5277540754618e-05                  0.0                  0.0   3.8290144802837145  -0.7542896062650138               -100.0
 10.5                  9.4771213   2.526632551818e-05                  0.0                  0.0   3.9030200343055985  -0.6672896062650141               -100.0
 10.5                  9.6020600  2.5248701575206e-05                  0.0                  0.0    4.007026228363688  -0.5472896062650139               -100.0
 10.5                  9.6989700  2.5227873278964e-05                  0.0                  0.0    4.105030957710338  -0.4372896062650145               -100.0
 10.5                  9.8750613  2.5152570977166e-05                  0.0                  0.0     4.25803739087391 -0.26928960626501436               -100.0
 10.5                 10.0000000  2.5048429495956e-05                  0.0                  0.0     4.29804128227951  -0.2222896062650137               -100.0
 10.5                 10.4771213  2.3137032771594e-05                  0.0                  0.0    4.190072068963544  -0.2652896062650139               -100.0
 10.5                 11.0000000   8.244800958564e-06                  0.0                  0.0    5.022027910676039   0.9007103937349856               -100.0
 11.0                  7.0000000  3.7569439890666e-05                  0.0                  0.0    4.589001887049828  0.13871039373498598               -100.0
 11.0                  8.0000000  3.7569439890666e-05                  0.0                  0.0    4.589001887049828  0.13871039373498598               -100.0
 11.0                  8.3010300  3.7569439890666e-05                  0.0                  0.0    4.589001887049828  0.13971039373498548               -100.0
 11.0                  8.4771213  3.7569439890666e-05                  0.0                  0.0    4.589001887049828  0.13971039373498548               -100.0
 11.0                  8.6020600  3.7569439890666e-05                  0.0                  0.0    4.589001887049828  0.13971039373498548               -100.0
 11.0                  8.6989700  3.7569439890666e-05                  0.0                  0.0    4.589001891399917  0.13971039373498548               -100.0
 11.0                  8.7781513  3.7569439890666e-05                  0.0                  0.0    4.589001895760035  0.13971039373498548               -100.0
 11.0                  8.8450980  3.7569439890666e-05                  0.0                  0.0    4.589001908900786  0.13971039373498548               -100.0
 11.0                  8.9030900  3.7569439890666e-05                  0.0                  0.0    4.589001926563589  0.13971039373498548               -100.0
 11.0                  8.9542425  3.7569439890666e-05                  0.0                  0.0    4.590001944389822  0.14071039373498584               -100.0
 11.0                  9.0000000  3.7569439890666e-05                  0.0                  0.0    4.590001971438918  0.14071039373498584               -100.0
 11.0                  9.1760913  3.7569439890666e-05                  0.0                  0.0    4.594002131980584  0.14571039373498568               -100.0
 11.0                  9.3010300  3.7569439890666e-05                  0.0                  0.0    4.607002414254803   0.1617103937349857               -100.0
 11.0                  9.4771213  3.7470104939358e-05                  0.0                  0.0     4.66800344177591   0.2307103937349857               -100.0
 11.0                  9.6020600   3.745888970292e-05                  0.0                  0.0    4.762004610860743  0.33671039373498546               -100.0
 11.0                  9.6989700  3.7444470113214e-05                  0.0                  0.0    4.853005530718391  0.43671039373498605               -100.0
 11.0                  9.8750613  3.7393200460926e-05                  0.0                  0.0    4.996006835666931   0.5907103937349859               -100.0
 11.0                 10.0000000  3.7321102512396e-05                  0.0                  0.0    5.031007634498147    0.630710393734986               -100.0
 11.0                 10.4771213  3.6015328555686e-05                  0.0                  0.0    4.887014480283714   0.5227103937349854               -100.0
 11.0                 11.0000000  2.2412848933026e-05                  0.0                  0.0    5.432012699246748   1.3237103937349857               -100.0
 11.5                  7.0000000  5.5520226898002e-05                  0.0                  0.0    5.379000306044203   1.0787103937349856               -100.0
 11.5                  8.0000000  5.5520226898002e-05                  0.0                  0.0    5.380000305340322    1.079710393734986               -100.0
 11.5                  8.3010300  5.5520226898002e-05                  0.0                  0.0    5.380000305340322    1.079710393734986               -100.0
 11.5                  8.4771213  5.5520226898002e-05                  0.0                  0.0    5.379000306044203    1.079710393734986               -100.0
 11.5                  8.6020600  5.5520226898002e-05                  0.0                  0.0    5.379000306044203    1.079710393734986               -100.0
 11.5                  8.6989700  5.5520226898002e-05                  0.0                  0.0    5.378000307456839    1.079710393734986               -100.0
 11.5                  8.7781513  5.5520226898002e-05                  0.0                  0.0      5.3780003081656   1.0777103937349861               -100.0
 11.5                  8.8450980  5.5520226898002e-05                  0.0                  0.0    5.378000310301701   1.0777103937349861               -100.0
 11.5                  8.9030900  5.5520226898002e-05                  0.0                  0.0    5.378000313172886   1.0777103937349861               -100.0
 11.5                  8.9542425  5.5520226898002e-05                  0.0                  0.0    5.378000316799256   1.0777103937349861               -100.0
 11.5                  9.0000000  5.5520226898002e-05                  0.0                  0.0    5.378000321206371   1.0787103937349856               -100.0
 11.5                  9.1760913  5.5520226898002e-05                  0.0                  0.0    5.383000346564551   1.0837103937349855               -100.0
 11.5                  9.3010300  5.5520226898002e-05                  0.0                  0.0    5.395000393354492    1.098710393734986               -100.0
 11.5                  9.4771213  5.5520226898002e-05                  0.0                  0.0    5.455000562061749   1.1647103937349859               -100.0
 11.5                  9.6020600   5.537122447104e-05                  0.0                  0.0    5.537000774076573   1.2537103937349863               -100.0
 11.5                  9.6989700  5.5361611411236e-05                  0.0                  0.0    5.622000941420911   1.3447103937349856               -100.0
 11.5                  9.8750613  5.5326363525288e-05                  0.0                  0.0    5.757001185178375   1.4877103937349863               -100.0
 11.5                 10.0000000  5.5278298226268e-05                  0.0                  0.0    5.789001332857269   1.5237103937349858               -100.0
 11.5                 10.4771213  5.4387488017764e-05                  0.0                  0.0    5.626002641088723   1.3767103937349856               -100.0
 11.5                 11.0000000   4.442034717765e-05                  0.0                  0.0   6.0140035956922455    1.941710393734986               -100.0
