!69cu -> 69zn, beta-decay
!Q=-2.682 MeV
!
!Log(rhoY)            Log(temp)            mu                   dQ                   Vs                   Log(beta-decay-rate) Log(nu-energy-loss)  Log(gamma-energy)   
!Log(g/cm^3)          Log(K)               erg                  erg                  erg                  Log(1/s)             Log(erg/s)           Log(erg/s)          
  1.0                  7.0000000     -4.806529902e-09                  0.0                  0.0               -2.395   -8.088289606265015               -100.0
  1.0                  8.0000000    -9.2926244772e-08                  0.0                  0.0               -2.395   -8.088289606265015               -100.0
  1.0                  8.3010300   -2.14691668956e-07                  0.0                  0.0               -2.395   -8.088289606265015               -100.0
  1.0                  8.4771213   -3.49274506212e-07                  0.0                  0.0               -2.394   -8.088289606265015               -100.0
  1.0                  8.6020600   -4.91868226638e-07                  0.0                  0.0   -2.392999999999506   -8.086289606265014               -100.0
  1.0                  8.6989700   -6.39268476966e-07                  0.0                  0.0   -2.390999999532497   -8.083289606265014               -100.0
  1.0                  8.7781513   -7.65840431052e-07                  0.0                  0.0  -2.3859999624349224   -8.077289606265014               -100.0
  1.0                  8.8450980   -8.05894846902e-07                  0.0                  0.0  -2.3799996260753256   -8.069289606265015               -100.0
  1.0                  8.9030900   -8.15507906706e-07                  0.0                  0.0  -2.3729983752613983   -8.060289606265014               -100.0
  1.0                  8.9542425    -8.1711008334e-07                  0.0                  0.0  -2.3639950251289994   -8.049289606265015               -100.0
  1.0                  9.0000000   -8.18712259974e-07                  0.0                  0.0    -2.35498764683806   -8.036289606265015               -100.0
  1.0                  9.1760913   -8.18712259974e-07                  0.0                  0.0   -2.288783391246871   -7.952289606265015               -100.0
  1.0                  9.3010300   -8.18712259974e-07                  0.0                  0.0   -2.179999346109365   -7.815289606265014               -100.0
  1.0                  9.4771213   -8.18712259974e-07                  0.0                  0.0  -1.8385377768049425   -7.402289606265014               -100.0
  1.0                  9.6020600   -8.18712259974e-07                  0.0                  0.0   -1.446707559126149   -6.953289606265014               -100.0
  1.0                  9.6989700   -8.18712259974e-07                  0.0                  0.0  -1.1199768425305292  -6.5822896062650145               -100.0
  1.0                  9.8750613   -8.18712259974e-07                  0.0                  0.0  -0.6860151589415519   -6.049289606265014               -100.0
  1.0                 10.0000000   -8.18712259974e-07                  0.0                  0.0  -0.4436223691633424   -5.685289606265014               -100.0
  1.0                 10.4771213   -8.18712259974e-07                  0.0                  0.0   1.4520029037037325   -3.259289606265014               -100.0
  1.0                 11.0000000   -8.18712259974e-07                  0.0                  0.0    4.531008645298414   0.3397103937349856               -100.0
  1.5                  7.0000000     -3.204353268e-09                  0.0                  0.0               -2.395   -8.088289606265015               -100.0
  1.5                  8.0000000    -7.6904478432e-08                  0.0                  0.0               -2.395   -8.088289606265015               -100.0
  1.5                  8.3010300    -1.8425031291e-07                  0.0                  0.0               -2.395   -8.088289606265015               -100.0
  1.5                  8.4771213   -3.01209207192e-07                  0.0                  0.0               -2.394   -8.088289606265015               -100.0
  1.5                  8.6020600   -4.27781161278e-07                  0.0                  0.0  -2.3929999999998435   -8.086289606265014               -100.0
  1.5                  8.6989700   -5.59159645266e-07                  0.0                  0.0    -2.39099999985148   -8.083289606265014               -100.0
  1.5                  8.7781513   -6.92140305888e-07                  0.0                  0.0   -2.385999984412219   -8.077289606265014               -100.0
  1.5                  8.8450980   -7.80260020758e-07                  0.0                  0.0   -2.379999715039825   -8.069289606265015               -100.0
  1.5                  8.9030900   -8.05894846902e-07                  0.0                  0.0  -2.3729984976069702   -8.060289606265014               -100.0
  1.5                  8.9542425   -8.13905730072e-07                  0.0                  0.0    -2.36399516070729   -8.049289606265015               -100.0
  1.5                  9.0000000   -8.15507906706e-07                  0.0                  0.0  -2.3549877882415475   -8.036289606265015               -100.0
  1.5                  9.1760913   -8.18712259974e-07                  0.0                  0.0   -2.288783391246871   -7.952289606265015               -100.0
  1.5                  9.3010300   -8.18712259974e-07                  0.0                  0.0   -2.180001644906205   -7.815289606265014               -100.0
  1.5                  9.4771213   -8.18712259974e-07                  0.0                  0.0  -1.8385377768049425   -7.402289606265014               -100.0
  1.5                  9.6020600   -8.18712259974e-07                  0.0                  0.0   -1.446707559126149   -6.953289606265014               -100.0
  1.5                  9.6989700   -8.18712259974e-07                  0.0                  0.0  -1.1199768425305292  -6.5822896062650145               -100.0
  1.5                  9.8750613   -8.18712259974e-07                  0.0                  0.0  -0.6860151589415519   -6.049289606265014               -100.0
  1.5                 10.0000000   -8.18712259974e-07                  0.0                  0.0  -0.4436223691633424   -5.685289606265014               -100.0
  1.5                 10.4771213   -8.18712259974e-07                  0.0                  0.0   1.4520029037037325   -3.259289606265014               -100.0
  1.5                 11.0000000   -8.18712259974e-07                  0.0                  0.0    4.531008645298414   0.3397103937349856               -100.0
  2.0                  7.0000000     -1.602176634e-09                  0.0                  0.0               -2.395   -8.088289606265015               -100.0
  2.0                  8.0000000    -6.0882712092e-08                  0.0                  0.0               -2.395   -8.088289606265015               -100.0
  2.0                  8.3010300    -1.5220678023e-07                  0.0                  0.0               -2.395   -8.088289606265015               -100.0
  2.0                  8.4771213   -2.53143908172e-07                  0.0                  0.0               -2.394   -8.088289606265015               -100.0
  2.0                  8.6020600   -3.63694095918e-07                  0.0                  0.0  -2.3929999999999505   -8.086289606265014               -100.0
  2.0                  8.6989700     -4.806529902e-07                  0.0                  0.0   -2.390999999953034   -8.083289606265014               -100.0
  2.0                  8.7781513    -6.0081623775e-07                  0.0                  0.0   -2.385999994850272   -8.077289606265014               -100.0
  2.0                  8.8450980   -7.14570778764e-07                  0.0                  0.0   -2.379999855194773   -8.069289606265015               -100.0
  2.0                  8.9030900   -7.80260020758e-07                  0.0                  0.0  -2.3729988148216252   -8.060289606265014               -100.0
  2.0                  8.9542425   -8.02690493634e-07                  0.0                  0.0   -2.363995566138792   -8.049289606265015               -100.0
  2.0                  9.0000000   -8.10701376804e-07                  0.0                  0.0  -2.3549882570167937   -8.036289606265015               -100.0
  2.0                  9.1760913   -8.18712259974e-07                  0.0                  0.0   -2.288783889309247   -7.952289606265015               -100.0
  2.0                  9.3010300   -8.18712259974e-07                  0.0                  0.0   -2.180001644906205   -7.815289606265014               -100.0
  2.0                  9.4771213   -8.18712259974e-07                  0.0                  0.0  -1.8385377768049425   -7.402289606265014               -100.0
  2.0                  9.6020600   -8.18712259974e-07                  0.0                  0.0   -1.446707559126149   -6.953289606265014               -100.0
  2.0                  9.6989700   -8.18712259974e-07                  0.0                  0.0  -1.1199768425305292  -6.5822896062650145               -100.0
  2.0                  9.8750613   -8.18712259974e-07                  0.0                  0.0  -0.6860151589415519   -6.049289606265014               -100.0
  2.0                 10.0000000   -8.18712259974e-07                  0.0                  0.0  -0.4436223691633424   -5.685289606265014               -100.0
  2.0                 10.4771213   -8.18712259974e-07                  0.0                  0.0   1.4520029037037325   -3.259289606265014               -100.0
  2.0                 11.0000000   -8.18712259974e-07                  0.0                  0.0    4.531008645298414   0.3397103937349856               -100.0
  2.5                  7.0000000      1.602176634e-09                  0.0                  0.0               -2.395   -8.088289606265015               -100.0
  2.5                  8.0000000    -4.4860945752e-08                  0.0                  0.0               -2.395   -8.088289606265015               -100.0
  2.5                  8.3010300    -1.2016324755e-07                  0.0                  0.0               -2.395   -8.088289606265015               -100.0
  2.5                  8.4771213   -2.06680785786e-07                  0.0                  0.0               -2.394   -8.088289606265015               -100.0
  2.5                  8.6020600   -3.01209207192e-07                  0.0                  0.0  -2.3929999999999843   -8.086289606265014               -100.0
  2.5                  8.6989700     -4.005441585e-07                  0.0                  0.0  -2.3909999999852505   -8.083289606265014               -100.0
  2.5                  8.7781513   -5.06287816344e-07                  0.0                  0.0  -2.3859999983639963   -8.077289606265014               -100.0
  2.5                  8.8450980   -6.13633650822e-07                  0.0                  0.0  -2.3799999489748505   -8.069289606265015               -100.0
  2.5                  8.9030900   -7.11366425496e-07                  0.0                  0.0   -2.372999363521126   -8.060289606265014               -100.0
  2.5                  8.9542425    -7.6904478432e-07                  0.0                  0.0  -2.3639966054468418   -8.049289606265015               -100.0
  2.5                  9.0000000   -7.94679610464e-07                  0.0                  0.0  -2.3549895581105647   -8.036289606265015               -100.0
  2.5                  9.1760913   -8.15507906706e-07                  0.0                  0.0  -2.2887858701356043   -7.952289606265015               -100.0
  2.5                  9.3010300   -8.18712259974e-07                  0.0                  0.0   -2.180003938428085   -7.815289606265014               -100.0
  2.5                  9.4771213   -8.18712259974e-07                  0.0                  0.0  -1.8385377768049425   -7.402289606265014               -100.0
  2.5                  9.6020600   -8.18712259974e-07                  0.0                  0.0   -1.446707559126149   -6.953289606265014               -100.0
  2.5                  9.6989700   -8.18712259974e-07                  0.0                  0.0  -1.1199768425305292  -6.5822896062650145               -100.0
  2.5                  9.8750613   -8.18712259974e-07                  0.0                  0.0  -0.6860151589415519   -6.049289606265014               -100.0
  2.5                 10.0000000   -8.18712259974e-07                  0.0                  0.0  -0.4436223691633424   -5.685289606265014               -100.0
  2.5                 10.4771213   -8.18712259974e-07                  0.0                  0.0   1.4520029037037325   -3.259289606265014               -100.0
  2.5                 11.0000000   -8.18712259974e-07                  0.0                  0.0    4.531008645298414   0.3397103937349856               -100.0
  3.0                  7.0000000      3.204353268e-09                  0.0                  0.0               -2.395   -8.088289606265015               -100.0
  3.0                  8.0000000    -2.8839179412e-08                  0.0                  0.0               -2.395   -8.088289606265015               -100.0
  3.0                  8.3010300     -8.811971487e-08                  0.0                  0.0               -2.395   -8.088289606265015               -100.0
  3.0                  8.4771213   -1.58615486766e-07                  0.0                  0.0               -2.395   -8.088289606265015               -100.0
  3.0                  8.6020600   -2.37122141832e-07                  0.0                  0.0  -2.3939999999999952   -8.086289606265014               -100.0
  3.0                  8.6989700     -3.204353268e-07                  0.0                  0.0   -2.390999999995314   -8.083289606265014               -100.0
  3.0                  8.7781513   -4.10157218304e-07                  0.0                  0.0  -2.3859999994826504   -8.077289606265014               -100.0
  3.0                  8.8450980   -5.03083463076e-07                  0.0                  0.0  -2.3799999837525836   -8.069289606265015               -100.0
  3.0                  8.9030900   -5.99214061116e-07                  0.0                  0.0    -2.37299976997015   -8.060289606265014               -100.0
  3.0                  8.9542425   -6.85731599352e-07                  0.0                  0.0  -2.3639982710459675   -8.049289606265015               -100.0
  3.0                  9.0000000   -7.46614311444e-07                  0.0                  0.0  -2.3549926754550423   -8.036289606265015               -100.0
  3.0                  9.1760913   -8.10701376804e-07                  0.0                  0.0   -2.288791224314047   -7.952289606265015               -100.0
  3.0                  9.3010300    -8.1711008334e-07                  0.0                  0.0  -2.1800085096952433   -7.815289606265014               -100.0
  3.0                  9.4771213   -8.18712259974e-07                  0.0                  0.0  -1.8385377768049425   -7.402289606265014               -100.0
  3.0                  9.6020600   -8.18712259974e-07                  0.0                  0.0   -1.446707559126149   -6.953289606265014               -100.0
  3.0                  9.6989700   -8.18712259974e-07                  0.0                  0.0  -1.1199768425305292  -6.5822896062650145               -100.0
  3.0                  9.8750613   -8.18712259974e-07                  0.0                  0.0  -0.6860151589415519   -6.049289606265014               -100.0
  3.0                 10.0000000   -8.18712259974e-07                  0.0                  0.0  -0.4436223691633424   -5.685289606265014               -100.0
  3.0                 10.4771213   -8.18712259974e-07                  0.0                  0.0   1.4520029037037325   -3.259289606265014               -100.0
  3.0                 11.0000000   -8.18712259974e-07                  0.0                  0.0    4.531008645298414   0.3397103937349856               -100.0
  3.5                  7.0000000       8.01088317e-09                  0.0                  0.0               -2.395   -8.088289606265015               -100.0
  3.5                  8.0000000    -1.1215236438e-08                  0.0                  0.0               -2.395   -8.088289606265015               -100.0
  3.5                  8.3010300    -5.4474005556e-08                  0.0                  0.0               -2.395   -8.088289606265015               -100.0
  3.5                  8.4771213   -1.10550187746e-07                  0.0                  0.0               -2.395   -8.088289606265015               -100.0
  3.5                  8.6020600   -1.73035076472e-07                  0.0                  0.0  -2.3939999999999984   -8.087289606265013               -100.0
  3.5                  8.6989700     -2.403264951e-07                  0.0                  0.0  -2.3909999999985283   -8.083289606265014               -100.0
  3.5                  8.7781513   -3.14026620264e-07                  0.0                  0.0   -2.386999999837151   -8.077289606265014               -100.0
  3.5                  8.8450980    -3.9253327533e-07                  0.0                  0.0  -2.3799999948502717   -8.069289606265015               -100.0
  3.5                  8.9030900    -4.7264210703e-07                  0.0                  0.0  -2.3729999262462216   -8.060289606265014               -100.0
  3.5                  8.9542425   -5.55955291998e-07                  0.0                  0.0   -2.363999392167374   -8.049289606265015               -100.0
  3.5                  9.0000000   -6.36064123698e-07                  0.0                  0.0  -2.3549967131289375   -8.037289606265015               -100.0
  3.5                  9.1760913   -7.94679610464e-07                  0.0                  0.0   -2.288806942010686   -7.952289606265015               -100.0
  3.5                  9.3010300   -8.12303553438e-07                  0.0                  0.0   -2.180024344735373   -7.815289606265014               -100.0
  3.5                  9.4771213    -8.1711008334e-07                  0.0                  0.0  -1.8385479872101549   -7.402289606265014               -100.0
  3.5                  9.6020600    -8.1711008334e-07                  0.0                  0.0   -1.446707559126149   -6.953289606265014               -100.0
  3.5                  9.6989700   -8.18712259974e-07                  0.0                  0.0  -1.1199768425305292  -6.5822896062650145               -100.0
  3.5                  9.8750613   -8.18712259974e-07                  0.0                  0.0  -0.6860151589415519   -6.049289606265014               -100.0
  3.5                 10.0000000   -8.18712259974e-07                  0.0                  0.0  -0.4436223691633424   -5.685289606265014               -100.0
  3.5                 10.4771213   -8.18712259974e-07                  0.0                  0.0   1.4520029037037325   -3.259289606265014               -100.0
  3.5                 11.0000000   -8.18712259974e-07                  0.0                  0.0    4.531008645298414   0.3397103937349856               -100.0
  4.0                  7.0000000     1.9226119608e-08                  0.0                  0.0               -2.396   -8.089289606265014               -100.0
  4.0                  8.0000000       8.01088317e-09                  0.0                  0.0               -2.396   -8.090289606265014               -100.0
  4.0                  8.3010300    -2.0828296242e-08                  0.0                  0.0               -2.396   -8.089289606265014               -100.0
  4.0                  8.4771213    -6.0882712092e-08                  0.0                  0.0               -2.395   -8.089289606265014               -100.0
  4.0                  8.6020600   -1.07345834478e-07                  0.0                  0.0  -2.3939999999999997   -8.087289606265013               -100.0
  4.0                  8.6989700     -1.602176634e-07                  0.0                  0.0  -2.3909999999995444   -8.084289606265015               -100.0
  4.0                  8.7781513   -2.17896022224e-07                  0.0                  0.0  -2.3869999999492095   -8.078289606265015               -100.0
  4.0                  8.8450980    -2.8038091095e-07                  0.0                  0.0   -2.380999998386443   -8.070289606265014               -100.0
  4.0                  8.9030900   -3.46070152944e-07                  0.0                  0.0  -2.3729999768375607   -8.060289606265014               -100.0
  4.0                  8.9542425   -4.13361571572e-07                  0.0                  0.0  -2.3649998055606263   -8.049289606265015               -100.0
  4.0                  9.0000000   -4.85459520102e-07                  0.0                  0.0  -2.3549988939270836   -8.037289606265015               -100.0
  4.0                  9.1760913   -7.43409958176e-07                  0.0                  0.0   -2.288848745368526   -7.952289606265015               -100.0
  4.0                  9.3010300   -7.96281787098e-07                  0.0                  0.0   -2.180076743017144   -7.815289606265014               -100.0
  4.0                  9.4771213   -8.12303553438e-07                  0.0                  0.0  -1.8385885969136233   -7.402289606265014               -100.0
  4.0                  9.6020600   -8.15507906706e-07                  0.0                  0.0  -1.4467498025450733   -6.953289606265014               -100.0
  4.0                  9.6989700    -8.1711008334e-07                  0.0                  0.0  -1.1200130247354902   -6.583289606265014               -100.0
  4.0                  9.8750613   -8.18712259974e-07                  0.0                  0.0  -0.6860151589415519   -6.049289606265014               -100.0
  4.0                 10.0000000   -8.18712259974e-07                  0.0                  0.0  -0.4436223691633424   -5.685289606265014               -100.0
  4.0                 10.4771213   -8.18712259974e-07                  0.0                  0.0   1.4520029037037325   -3.259289606265014               -100.0
  4.0                 11.0000000   -8.18712259974e-07                  0.0                  0.0    4.531008645298414   0.3397103937349856               -100.0
  4.5                  7.0000000      4.005441585e-08                  0.0                  0.0               -2.399   -8.093289606265014               -100.0
  4.5                  8.0000000     3.5247885948e-08                  0.0                  0.0               -2.398   -8.093289606265014               -100.0
  4.5                  8.3010300     1.9226119608e-08                  0.0                  0.0               -2.398   -8.092289606265014               -100.0
  4.5                  8.4771213     -6.408706536e-09                  0.0                  0.0               -2.397   -8.091289606265015               -100.0
  4.5                  8.6020600    -3.8452239216e-08                  0.0                  0.0               -2.396   -8.089289606265014               -100.0
  4.5                  8.6989700    -7.5302301798e-08                  0.0                  0.0  -2.3929999999998643   -8.086289606265014               -100.0
  4.5                  8.7781513   -1.18561070916e-07                  0.0                  0.0  -2.3879999999846966   -8.080289606265014               -100.0
  4.5                  8.8450980   -1.65024193302e-07                  0.0                  0.0  -2.3819999995070713   -8.071289606265013               -100.0
  4.5                  8.9030900   -2.14691668956e-07                  0.0                  0.0  -2.3739999928750093   -8.062289606265015               -100.0
  4.5                  8.9542425   -2.67563497878e-07                  0.0                  0.0  -2.3659999396351283   -8.051289606265014               -100.0
  4.5                  9.0000000   -3.23639680068e-07                  0.0                  0.0   -2.355999653435449   -8.038289606265014               -100.0
  4.5                  9.1760913   -6.12031474188e-07                  0.0                  0.0  -2.2889200636447367   -7.953289606265014               -100.0
  4.5                  9.3010300   -7.48216488078e-07                  0.0                  0.0  -2.1802212556998266   -7.815289606265014               -100.0
  4.5                  9.4771213      -8.01088317e-07                  0.0                  0.0   -1.838718050142763   -7.403289606265014               -100.0
  4.5                  9.6020600   -8.10701376804e-07                  0.0                  0.0   -1.446833720189962   -6.953289606265014               -100.0
  4.5                  9.6989700   -8.13905730072e-07                  0.0                  0.0  -1.1200851486791803   -6.583289606265014               -100.0
  4.5                  9.8750613    -8.1711008334e-07                  0.0                  0.0  -0.6869083858378078   -6.049289606265014               -100.0
  4.5                 10.0000000    -8.1711008334e-07                  0.0                  0.0  -0.4438537024492035   -5.685289606265014               -100.0
  4.5                 10.4771213   -8.18712259974e-07                  0.0                  0.0   1.4520029037037325   -3.259289606265014               -100.0
  4.5                 11.0000000   -8.18712259974e-07                  0.0                  0.0    4.531008645298414   0.3397103937349856               -100.0
  5.0                  7.0000000     8.4915361602e-08                  0.0                  0.0               -2.403   -8.099289606265014               -100.0
  5.0                  8.0000000     8.3313184968e-08                  0.0                  0.0               -2.403   -8.099289606265014               -100.0
  5.0                  8.3010300     7.5302301798e-08                  0.0                  0.0               -2.402   -8.098289606265014               -100.0
  5.0                  8.4771213     6.0882712092e-08                  0.0                  0.0               -2.401   -8.097289606265015               -100.0
  5.0                  8.6020600     4.1656592484e-08                  0.0                  0.0                 -2.4   -8.095289606265014               -100.0
  5.0                  8.6989700     1.7623942974e-08                  0.0                  0.0  -2.3969999999999647   -8.091289606265015               -100.0
  5.0                  8.7781513    -1.1215236438e-08                  0.0                  0.0   -2.391999999995795   -8.084289606265015               -100.0
  5.0                  8.8450980    -4.3258769118e-08                  0.0                  0.0  -2.3849999998601104   -8.076289606265014               -100.0
  5.0                  8.9030900    -7.8506655066e-08                  0.0                  0.0   -2.377999997921336   -8.066289606265014               -100.0
  5.0                  8.9542425   -1.15356717648e-07                  0.0                  0.0   -2.368999982143995   -8.055289606265013               -100.0
  5.0                  9.0000000   -1.57013310132e-07                  0.0                  0.0    -2.35899989605963   -8.042289606265014               -100.0
  5.0                  9.1760913   -3.94135451964e-07                  0.0                  0.0    -2.29097176614407   -7.955289606265015               -100.0
  5.0                  9.3010300   -6.13633650822e-07                  0.0                  0.0  -2.1815207692533454   -7.817289606265014               -100.0
  5.0                  9.4771213   -7.62636077784e-07                  0.0                  0.0  -1.8400841601633298  -7.4042896062650145               -100.0
  5.0                  9.6020600    -7.9307743383e-07                  0.0                  0.0  -1.4471012838088835   -6.954289606265014               -100.0
  5.0                  9.6989700   -8.04292670268e-07                  0.0                  0.0  -1.1212640637835083   -6.584289606265014               -100.0
  5.0                  9.8750613   -8.12303553438e-07                  0.0                  0.0  -0.6871217126405139   -6.049289606265014               -100.0
  5.0                 10.0000000   -8.15507906706e-07                  0.0                  0.0  -0.4438537024492035   -5.685289606265014               -100.0
  5.0                 10.4771213   -8.18712259974e-07                  0.0                  0.0   1.4520029037037325   -3.259289606265014               -100.0
  5.0                 11.0000000   -8.18712259974e-07                  0.0                  0.0    4.531008645298414   0.3397103937349856               -100.0
  5.5                  7.0000000    1.74637253106e-07                  0.0                  0.0               -2.413   -8.112289606265014               -100.0
  5.5                  8.0000000    1.73035076472e-07                  0.0                  0.0               -2.413   -8.113289606265015               -100.0
  5.5                  8.3010300     1.6822854657e-07                  0.0                  0.0               -2.413   -8.112289606265014               -100.0
  5.5                  8.4771213    1.61819840034e-07                  0.0                  0.0               -2.412   -8.111289606265014               -100.0
  5.5                  8.6020600     1.5220678023e-07                  0.0                  0.0                -2.41   -8.109289606265014               -100.0
  5.5                  8.6989700    1.37787190524e-07                  0.0                  0.0   -2.406999999999994   -8.104289606265015               -100.0
  5.5                  8.7781513    1.21765424184e-07                  0.0                  0.0  -2.4019999999991257   -8.098289606265014               -100.0
  5.5                  8.8450980    1.02539304576e-07                  0.0                  0.0  -2.3949999999678795   -8.089289606265014               -100.0
  5.5                  8.9030900       8.01088317e-08                  0.0                  0.0  -2.3869999994897486   -8.078289606265015               -100.0
  5.5                  8.9542425     5.4474005556e-08                  0.0                  0.0  -2.3769999953891148   -8.066289606265014               -100.0
  5.5                  9.0000000     2.7237002778e-08                  0.0                  0.0   -2.366999972088428   -8.053289606265015               -100.0
  5.5                  9.1760913   -1.40991543792e-07                  0.0                  0.0  -2.2979915320150535   -7.963289606265015               -100.0
  5.5                  9.3010300   -3.46070152944e-07                  0.0                  0.0   -2.186815204279263  -7.8242896062650145               -100.0
  5.5                  9.4771213   -6.44075006868e-07                  0.0                  0.0   -1.842033119688019   -7.408289606265014               -100.0
  5.5                  9.6020600   -7.38603428274e-07                  0.0                  0.0  -1.4488955086333477  -6.9572896062650145               -100.0
  5.5                  9.6989700   -7.72249137588e-07                  0.0                  0.0  -1.1219261023294096   -6.585289606265015               -100.0
  5.5                  9.8750613   -7.99486140366e-07                  0.0                  0.0  -0.6876512039473257   -6.051289606265014               -100.0
  5.5                 10.0000000    -8.0909920017e-07                  0.0                  0.0 -0.44431514196311056   -5.686289606265015               -100.0
  5.5                 10.4771213    -8.1711008334e-07                  0.0                  0.0   1.4520029037037325   -3.259289606265014               -100.0
  5.5                 11.0000000   -8.18712259974e-07                  0.0                  0.0    4.531008645298414   0.3397103937349856               -100.0
  6.0                  7.0000000     3.4446797631e-07                  0.0                  0.0               -2.437   -8.145289606265015               -100.0
  6.0                  8.0000000    3.42865799676e-07                  0.0                  0.0               -2.437   -8.145289606265015               -100.0
  6.0                  8.3010300    3.39661446408e-07                  0.0                  0.0               -2.437   -8.144289606265014               -100.0
  6.0                  8.4771213     3.3645709314e-07                  0.0                  0.0               -2.436   -8.144289606265014               -100.0
  6.0                  8.6020600    3.30048386604e-07                  0.0                  0.0               -2.435   -8.141289606265014               -100.0
  6.0                  8.6989700    3.22037503434e-07                  0.0                  0.0  -2.4309999999999996   -8.137289606265014               -100.0
  6.0                  8.7781513    3.14026620264e-07                  0.0                  0.0   -2.425999999999909   -8.129289606265015               -100.0
  6.0                  8.8450980    3.02811383826e-07                  0.0                  0.0  -2.4189999999957266   -8.120289606265015               -100.0
  6.0                  8.9030900     2.8839179412e-07                  0.0                  0.0  -2.4099999999191306   -8.108289606265014               -100.0
  6.0                  8.9542425    2.73972204414e-07                  0.0                  0.0   -2.399999999170561   -8.095289606265014               -100.0
  6.0                  9.0000000    2.57950438074e-07                  0.0                  0.0  -2.3889999944564964   -8.081289606265015               -100.0
  6.0                  9.1760913    1.47400250328e-07                  0.0                  0.0  -2.3149978233769546   -7.986289606265014               -100.0
  6.0                  9.3010300      1.602176634e-09                  0.0                  0.0   -2.199945705334272   -7.841289606265014               -100.0
  6.0                  9.4771213   -3.39661446408e-07                  0.0                  0.0  -1.8505376446158806  -7.4202896062650145               -100.0
  6.0                  9.6020600    -5.6877270507e-07                  0.0                  0.0   -1.453936144331656  -6.9652896062650145               -100.0
  6.0                  9.6989700   -6.71312009646e-07                  0.0                  0.0  -1.1258121589240724   -6.593289606265015               -100.0
  6.0                  9.8750613   -7.59431724516e-07                  0.0                  0.0  -0.6902073196136672   -6.056289606265014               -100.0
  6.0                 10.0000000   -7.86668727294e-07                  0.0                  0.0  -0.4459173493898751   -5.690289606265014               -100.0
  6.0                 10.4771213   -8.15507906706e-07                  0.0                  0.0   1.4510189173114478   -3.259289606265014               -100.0
  6.0                 11.0000000   -8.18712259974e-07                  0.0                  0.0    4.531008645298414   0.3397103937349856               -100.0
  6.5                  7.0000000    6.45677183502e-07                  0.0                  0.0               -2.496   -8.221289606265014               -100.0
  6.5                  8.0000000    6.42472830234e-07                  0.0                  0.0               -2.496   -8.220289606265014               -100.0
  6.5                  8.3010300      6.408706536e-07                  0.0                  0.0               -2.496   -8.220289606265014               -100.0
  6.5                  8.4771213    6.37666300332e-07                  0.0                  0.0               -2.495   -8.219289606265015               -100.0
  6.5                  8.6020600    6.34461947064e-07                  0.0                  0.0               -2.493   -8.217289606265014               -100.0
  6.5                  8.6989700    6.29655417162e-07                  0.0                  0.0                -2.49   -8.211289606265014               -100.0
  6.5                  8.7781513    6.23246710626e-07                  0.0                  0.0  -2.4839999999999973   -8.203289606265015               -100.0
  6.5                  8.8450980     6.1683800409e-07                  0.0                  0.0  -2.4759999999998126   -8.193289606265015               -100.0
  6.5                  8.9030900     6.0882712092e-07                  0.0                  0.0   -2.465999999994921   -8.180289606265013               -100.0
  6.5                  8.9542425    5.99214061116e-07                  0.0                  0.0     -2.4549999999318   -8.166289606265014               -100.0
  6.5                  9.0000000    5.89601001312e-07                  0.0                  0.0  -2.4429999994366423   -8.150289606265014               -100.0
  6.5                  9.1760913     5.2070740605e-07                  0.0                  0.0   -2.361999600254014   -8.046289606265015               -100.0
  6.5                  9.3010300     4.2457680801e-07                  0.0                  0.0  -2.2379872421370535   -7.889289606265014               -100.0
  6.5                  9.4771213    1.61819840034e-07                  0.0                  0.0   -1.872540215423515  -7.4492896062650145               -100.0
  6.5                  9.6020600   -1.39389367158e-07                  0.0                  0.0  -1.4681004291885769   -6.987289606265014               -100.0
  6.5                  9.6989700   -3.74909332356e-07                  0.0                  0.0  -1.1361619230449287   -6.612289606265014               -100.0
  6.5                  9.8750613   -6.34461947064e-07                  0.0                  0.0  -0.6978739219539846   -6.070289606265014               -100.0
  6.5                 10.0000000   -7.17775132032e-07                  0.0                  0.0 -0.45194669065869714   -5.701289606265014               -100.0
  6.5                 10.4771213   -8.07497023536e-07                  0.0                  0.0   1.4510029037037324   -3.260289606265014               -100.0
  6.5                 11.0000000    -8.1711008334e-07                  0.0                  0.0    4.531008645298414   0.3397103937349856               -100.0
  7.0                  7.0000000   1.142351940042e-06                  0.0                  0.0               -2.638   -8.396289606265015               -100.0
  7.0                  8.0000000   1.142351940042e-06                  0.0                  0.0               -2.639   -8.397289606265014               -100.0
  7.0                  8.3010300    1.13754541014e-06                  0.0                  0.0               -2.636   -8.394289606265014               -100.0
  7.0                  8.4771213   1.134341056872e-06                  0.0                  0.0               -2.635   -8.393289606265014               -100.0
  7.0                  8.6020600   1.132738880238e-06                  0.0                  0.0               -2.633   -8.389289606265015               -100.0
  7.0                  8.6989700    1.12953452697e-06                  0.0                  0.0               -2.628   -8.383289606265015               -100.0
  7.0                  8.7781513   1.126330173702e-06                  0.0                  0.0               -2.621   -8.373289606265015               -100.0
  7.0                  8.8450980     1.1215236438e-06                  0.0                  0.0   -2.610999999999999   -8.361289606265014               -100.0
  7.0                  8.9030900   1.115114937264e-06                  0.0                  0.0    -2.59999999999993   -8.346289606265014               -100.0
  7.0                  8.9542425   1.110308407362e-06                  0.0                  0.0    -2.58699999999847   -8.328289606265015               -100.0
  7.0                  9.0000000   1.102297524192e-06                  0.0                  0.0  -2.5719999999815593   -8.310289606265014               -100.0
  7.0                  9.1760913   1.059038755074e-06                  0.0                  0.0  -2.4759999612042374   -8.186289606265014               -100.0
  7.0                  9.3010300    9.96553866348e-07                  0.0                  0.0   -2.331998001135698   -8.006289606265014               -100.0
  7.0                  9.4771213     8.1711008334e-07                  0.0                  0.0  -1.9328914249538465   -7.526289606265014               -100.0
  7.0                  9.6020600     5.7678358824e-07                  0.0                  0.0  -1.5091243180523082   -7.043289606265014               -100.0
  7.0                  9.6989700    3.01209207192e-07                  0.0                  0.0  -1.1674026359710534   -6.658289606265014               -100.0
  7.0                  9.8750613   -2.51541731538e-07                  0.0                  0.0  -0.7194222357469005   -6.112289606265014               -100.0
  7.0                 10.0000000   -5.03083463076e-07                  0.0                  0.0  -0.4702715070030725   -5.734289606265015               -100.0
  7.0                 10.4771213    -7.8506655066e-07                  0.0                  0.0   1.4480510535759963   -3.262289606265014               -100.0
  7.0                 11.0000000   -8.15507906706e-07                  0.0                  0.0    4.531008645298414   0.3397103937349856               -100.0
  7.5                  7.0000000   1.921009784166e-06                  0.0                  0.0               -2.961   -8.781289606265014               -100.0
  7.5                  8.0000000   1.921009784166e-06                  0.0                  0.0               -2.966   -8.789289606265015               -100.0
  7.5                  8.3010300    1.91460107763e-06                  0.0                  0.0               -2.963   -8.785289606265014               -100.0
  7.5                  8.4771213    1.91460107763e-06                  0.0                  0.0               -2.962   -8.783289606265015               -100.0
  7.5                  8.6020600   1.912998900996e-06                  0.0                  0.0               -2.958   -8.778289606265014               -100.0
  7.5                  8.6989700   1.909794547728e-06                  0.0                  0.0               -2.951   -8.769289606265014               -100.0
  7.5                  8.7781513   1.908192371094e-06                  0.0                  0.0                -2.94   -8.756289606265014               -100.0
  7.5                  8.8450980   1.904988017826e-06                  0.0                  0.0               -2.926   -8.738289606265015               -100.0
  7.5                  8.9030900   1.901783664558e-06                  0.0                  0.0                -2.91   -8.718289606265014               -100.0
  7.5                  8.9542425   1.896977134656e-06                  0.0                  0.0  -2.8909999999999947   -8.695289606265014               -100.0
  7.5                  9.0000000   1.892170604754e-06                  0.0                  0.0   -2.870999999999879   -8.669289606265014               -100.0
  7.5                  9.1760913   1.863331425342e-06                  0.0                  0.0   -2.739999998531803   -8.507289606265015               -100.0
  7.5                  9.3010300   1.821674832858e-06                  0.0                  0.0  -2.5549998314284705   -8.278289606265014               -100.0
  7.5                  9.4771213   1.701511585308e-06                  0.0                  0.0  -2.0819818959700567   -7.714289606265014               -100.0
  7.5                  9.6020600   1.534885215372e-06                  0.0                  0.0   -1.615801990830173   -7.179289606265014               -100.0
  7.5                  9.6989700   1.323397899684e-06                  0.0                  0.0  -1.2500085096952434   -6.767289606265014               -100.0
  7.5                  9.8750613    6.85731599352e-07                  0.0                  0.0  -0.7778200388843788  -6.2072896062650145               -100.0
  7.5                 10.0000000     1.3618501389e-07                  0.0                  0.0  -0.5213168361120333   -5.828289606265014               -100.0
  7.5                 10.4771213    -7.1296860213e-07                  0.0                  0.0   1.4411320341514118   -3.270289606265014               -100.0
  7.5                 11.0000000    -8.0909920017e-07                  0.0                  0.0    4.531008645298414   0.3397103937349856               -100.0
  8.0                  7.0000000   3.105018316692e-06                  0.0                  0.0               -3.743   -9.809289606265015               -100.0
  8.0                  8.0000000   3.105018316692e-06                  0.0                  0.0               -3.743   -9.808289606265014               -100.0
  8.0                  8.3010300   3.105018316692e-06                  0.0                  0.0               -3.741   -9.806289606265015               -100.0
  8.0                  8.4771213   3.097007433522e-06                  0.0                  0.0               -3.732   -9.791289606265014               -100.0
  8.0                  8.6020600   3.097007433522e-06                  0.0                  0.0               -3.725   -9.780289606265015               -100.0
  8.0                  8.6989700   3.095405256888e-06                  0.0                  0.0               -3.713   -9.761289606265015               -100.0
  8.0                  8.7781513   3.093803080254e-06                  0.0                  0.0               -3.694   -9.734289606265014               -100.0
  8.0                  8.8450980   3.090598726986e-06                  0.0                  0.0                -3.67   -9.701289606265014               -100.0
  8.0                  8.9030900   3.088996550352e-06                  0.0                  0.0               -3.643   -9.662289606265015               -100.0
  8.0                  8.9542425   3.085792197084e-06                  0.0                  0.0               -3.612   -9.620289606265015               -100.0
  8.0                  9.0000000   3.082587843816e-06                  0.0                  0.0               -3.578   -9.574289606265014               -100.0
  8.0                  9.1760913   3.063361724208e-06                  0.0                  0.0   -3.365999999981173   -9.291289606265014               -100.0
  8.0                  9.3010300   3.034522544796e-06                  0.0                  0.0   -3.083999992972768   -8.930289606265013               -100.0
  8.0                  9.4771213   2.952811536462e-06                  0.0                  0.0  -2.4459979592806103   -8.158289606265013               -100.0
  8.0                  9.6020600   2.839056995448e-06                  0.0                  0.0   -1.882965504133118   -7.508289606265015               -100.0
  8.0                  9.6989700   2.693258921754e-06                  0.0                  0.0   -1.460778347068179   -7.027289606265014               -100.0
  8.0                  9.8750613   2.199788518482e-06                  0.0                  0.0  -0.9174760233011279   -6.393289606265014               -100.0
  8.0                 10.0000000    1.57814398449e-06                  0.0                  0.0  -0.6398945827116143   -6.020289606265014               -100.0
  8.0                 10.4771213   -4.82255166834e-07                  0.0                  0.0   1.4174143293286012   -3.294289606265014               -100.0
  8.0                 11.0000000   -7.88270903928e-07                  0.0                  0.0    4.530008665227687   0.3387103937349861               -100.0
  8.5                  7.0000000   4.873821320628e-06                  0.0                  0.0               -100.0               -100.0               -100.0
  8.5                  8.0000000   4.873821320628e-06                  0.0                  0.0              -26.934  -34.319289606265016               -100.0
  8.5                  8.3010300   4.873821320628e-06                  0.0                  0.0              -16.566  -23.650289606265016               -100.0
  8.5                  8.4771213   4.873821320628e-06                  0.0                  0.0              -12.951  -19.850289606265015               -100.0
  8.5                  8.6020600    4.86260608419e-06                  0.0                  0.0              -10.931  -17.687289606265015               -100.0
  8.5                  8.6989700    4.86260608419e-06                  0.0                  0.0               -9.695  -16.339289606265016               -100.0
  8.5                  8.7781513   4.861003907556e-06                  0.0                  0.0               -8.814  -15.372289606265014               -100.0
  8.5                  8.8450980   4.859401730922e-06                  0.0                  0.0               -8.146  -14.635289606265014               -100.0
  8.5                  8.9030900   4.857799554288e-06                  0.0                  0.0               -7.616  -14.044289606265014               -100.0
  8.5                  8.9542425   4.856197377654e-06                  0.0                  0.0               -7.179  -13.554289606265014               -100.0
  8.5                  9.0000000   4.852993024386e-06                  0.0                  0.0               -6.809  -13.135289606265014               -100.0
  8.5                  9.1760913   4.840175611314e-06                  0.0                  0.0   -5.493999999999525  -11.624289606265014               -100.0
  8.5                  9.3010300   4.820949491706e-06                  0.0                  0.0   -4.604999999637937  -10.600289606265013               -100.0
  8.5                  9.4771213   4.764873309516e-06                  0.0                  0.0  -3.3749997818354402   -9.197289606265015               -100.0
  8.5                  9.6020600   4.687968831084e-06                  0.0                  0.0   -2.547994392342149   -8.264289606265015               -100.0
  8.5                  9.6989700   4.588633879776e-06                  0.0                  0.0  -1.9809528196975146   -7.625289606265015               -100.0
  8.5                  9.8750613   4.244165903466e-06                  0.0                  0.0   -1.256631955861468   -6.792289606265014               -100.0
  8.5                 10.0000000   3.771523796436e-06                  0.0                  0.0  -0.8989779686921769   -6.353289606265014               -100.0
  8.5                 10.4771213    2.37122141832e-07                  0.0                  0.0   1.3443674641817973   -3.368289606265014               -100.0
  8.5                 11.0000000   -7.24183838568e-07                  0.0                  0.0      4.5280086852029  0.33671039373498546               -100.0
  9.0                  7.0000000    7.49017576395e-06                  0.0                  0.0               -100.0               -100.0               -100.0
  9.0                  8.0000000    7.49017576395e-06                  0.0                  0.0               -100.0               -100.0               -100.0
  9.0                  8.3010300    7.49017576395e-06                  0.0                  0.0               -100.0               -100.0               -100.0
  9.0                  8.4771213    7.49017576395e-06                  0.0                  0.0               -100.0               -100.0               -100.0
  9.0                  8.6020600    7.49017576395e-06                  0.0                  0.0              -31.053  -37.871289606265016               -100.0
  9.0                  8.6989700    7.49017576395e-06                  0.0                  0.0              -25.395   -32.09528960626501               -100.0
  9.0                  8.7781513    7.47415399761e-06                  0.0                  0.0              -21.495  -28.111289606265014               -100.0
  9.0                  8.8450980   7.472551820976e-06                  0.0                  0.0              -18.906  -25.455289606265016               -100.0
  9.0                  8.9030900   7.472551820976e-06                  0.0                  0.0              -16.872  -23.342289606265016               -100.0
  9.0                  8.9542425   7.470949644342e-06                  0.0                  0.0              -15.311  -21.728289606265015               -100.0
  9.0                  9.0000000   7.469347467708e-06                  0.0                  0.0              -14.046  -20.418289606265013               -100.0
  9.0                  9.1760913   7.459734407904e-06                  0.0                  0.0   -10.07799999999994  -16.276289606265014               -100.0
  9.0                  9.3010300   7.446916994832e-06                  0.0                  0.0   -7.902999999946693  -13.980289606265014               -100.0
  9.0                  9.4771213   7.408464755616e-06                  0.0                  0.0   -5.455999955558953  -11.370289606265015               -100.0
  9.0                  9.6020600   7.355592926694e-06                  0.0                  0.0   -4.062998535182301   -9.870289606265015               -100.0
  9.0                  9.6989700   7.288301508066e-06                  0.0                  0.0  -3.1719853520453305   -8.903289606265014               -100.0
  9.0                  9.8750613   7.052781542868e-06                  0.0                  0.0  -2.0344548554050115   -7.641289606265015               -100.0
  9.0                 10.0000000   6.724335332898e-06                  0.0                  0.0  -1.4751320282204878  -6.9972896062650145               -100.0
  9.0                 10.4771213   2.345586592176e-06                  0.0                  0.0   1.1285084642344592   -3.587289606265014               -100.0
  9.0                 11.0000000   -5.17503052782e-07                  0.0                  0.0    4.522008745405245  0.33071039373498623               -100.0
  9.5                  7.0000000  1.1345012745354e-05                  0.0                  0.0               -100.0               -100.0               -100.0
  9.5                  8.0000000  1.1345012745354e-05                  0.0                  0.0               -100.0               -100.0               -100.0
  9.5                  8.3010300  1.1345012745354e-05                  0.0                  0.0               -100.0               -100.0               -100.0
  9.5                  8.4771213  1.1345012745354e-05                  0.0                  0.0               -100.0               -100.0               -100.0
  9.5                  8.6020600  1.1345012745354e-05                  0.0                  0.0               -100.0               -100.0               -100.0
  9.5                  8.6989700  1.1345012745354e-05                  0.0                  0.0   -86.75699999999998   -92.12528960626501               -100.0
  9.5                  8.7781513  1.1345012745354e-05                  0.0                  0.0              -72.945   -78.30928960626501               -100.0
  9.5                  8.8450980  1.1345012745354e-05                  0.0                  0.0              -37.533  -44.612289606265016               -100.0
  9.5                  8.9030900  1.1320980095844e-05                  0.0                  0.0              -32.193   -38.70928960626502               -100.0
  9.5                  8.9542425   1.131937791921e-05                  0.0                  0.0               -28.71   -35.16328960626501               -100.0
  9.5                  9.0000000   1.131937791921e-05                  0.0                  0.0              -26.055   -32.45928960626502               -100.0
  9.5                  9.1760913  1.1312969212674e-05                  0.0                  0.0  -17.920999999999964  -24.151289606265017               -100.0
  9.5                  9.3010300   1.130335615287e-05                  0.0                  0.0  -13.757999999967282  -19.871289606265016               -100.0
  9.5                  9.4771213  1.1277721326726e-05                  0.0                  0.0   -9.335999970434564  -15.291289606265014               -100.0
  9.5                  9.6020600  1.1242473440778e-05                  0.0                  0.0    -6.96199897956863  -12.810289606265014               -100.0
  9.5                  9.6989700  1.1196010318392e-05                  0.0                  0.0  -5.4839895340398135  -11.256289606265014               -100.0
  9.5                  9.8750613  1.1034190478358e-05                  0.0                  0.0   -3.564605917404268   -9.210289606265015               -100.0
  9.5                 10.0000000  1.0809885749598e-05                  0.0                  0.0  -2.6125401819995715   -8.175289606265014               -100.0
  9.5                 10.4771213   6.967866181266e-06                  0.0                  0.0   0.6539357297260817   -4.068289606265014               -100.0
  9.5                 11.0000000    1.32980660622e-07                  0.0                  0.0    4.502008990416589  0.30971039373498627               -100.0
 10.0                  7.0000000  1.7013513676446e-05                  0.0                  0.0               -100.0               -100.0               -100.0
 10.0                  8.0000000  1.7013513676446e-05                  0.0                  0.0               -100.0               -100.0               -100.0
 10.0                  8.3010300  1.7013513676446e-05                  0.0                  0.0               -100.0               -100.0               -100.0
 10.0                  8.4771213  1.7013513676446e-05                  0.0                  0.0               -100.0               -100.0               -100.0
 10.0                  8.6020600  1.7013513676446e-05                  0.0                  0.0               -100.0               -100.0               -100.0
 10.0                  8.6989700  1.7013513676446e-05                  0.0                  0.0               -100.0               -100.0               -100.0
 10.0                  8.7781513  1.7013513676446e-05                  0.0                  0.0               -100.0               -100.0               -100.0
 10.0                  8.8450980  1.7013513676446e-05                  0.0                  0.0   -88.52799999999854   -93.88928960626501               -100.0
 10.0                  8.9030900  1.7013513676446e-05                  0.0                  0.0              -77.906   -83.26328960626502               -100.0
 10.0                  8.9542425  1.7013513676446e-05                  0.0                  0.0               -69.63   -74.98228960626501               -100.0
 10.0                  9.0000000  1.7013513676446e-05                  0.0                  0.0              -62.996   -68.34428960626501               -100.0
 10.0                  9.1760913  1.6971857083962e-05                  0.0                  0.0    -30.2509999999999   -36.52928960626502               -100.0
 10.0                  9.3010300  1.6965448377426e-05                  0.0                  0.0  -22.691999999965102  -28.817289606265014               -100.0
 10.0                  9.4771213  1.6949426611086e-05                  0.0                  0.0  -15.281999970298095  -21.237289606265016               -100.0
 10.0                  9.6020600  1.6923791784942e-05                  0.0                  0.0  -11.428998984257081  -17.278289606265016               -100.0
 10.0                  9.6989700  1.6891748252262e-05                  0.0                  0.0   -9.065989582125956  -14.839289606265014               -100.0
 10.0                  9.8750613   1.678280024115e-05                  0.0                  0.0   -5.967612215536978  -11.616289606265013               -100.0
 10.0                 10.0000000  1.6628991284286e-05                  0.0                  0.0   -4.427664847721592   -9.995289606265015               -100.0
 10.0                 10.4771213  1.3855623530832e-05                  0.0                  0.0 -0.05983994640619348   -4.788289606265014               -100.0
 10.0                 11.0000000   2.161336279266e-06                  0.0                  0.0     4.43900972253354  0.24671039373498563               -100.0
 10.5                  7.0000000  2.5341627819978e-05                  0.0                  0.0               -100.0               -100.0               -100.0
 10.5                  8.0000000  2.5341627819978e-05                  0.0                  0.0               -100.0               -100.0               -100.0
 10.5                  8.3010300  2.5341627819978e-05                  0.0                  0.0               -100.0               -100.0               -100.0
 10.5                  8.4771213  2.5341627819978e-05                  0.0                  0.0               -100.0               -100.0               -100.0
 10.5                  8.6020600  2.5341627819978e-05                  0.0                  0.0               -100.0               -100.0               -100.0
 10.5                  8.6989700  2.5341627819978e-05                  0.0                  0.0               -100.0               -100.0               -100.0
 10.5                  8.7781513  2.5341627819978e-05                  0.0                  0.0               -100.0               -100.0               -100.0
 10.5                  8.8450980  2.5341627819978e-05                  0.0                  0.0               -100.0               -100.0               -100.0
 10.5                  8.9030900  2.5341627819978e-05                  0.0                  0.0               -100.0               -100.0               -100.0
 10.5                  8.9542425  2.5341627819978e-05                  0.0                  0.0               -100.0               -100.0               -100.0
 10.5                  9.0000000  2.5341627819978e-05                  0.0                  0.0   -89.19199999999323   -94.54128960626501               -100.0
 10.5                  9.1760913  2.5341627819978e-05                  0.0                  0.0              -60.451     -65.769289606265               -100.0
 10.5                  9.3010300  2.5277540754618e-05                  0.0                  0.0              -45.861  -51.158289606265015               -100.0
 10.5                  9.4771213   2.526632551818e-05                  0.0                  0.0   -24.32599993794393  -30.359289606265015               -100.0
 10.5                  9.6020600  2.5248701575206e-05                  0.0                  0.0  -17.976998977216297  -23.826289606265014               -100.0
 10.5                  9.6989700  2.5227873278964e-05                  0.0                  0.0  -14.309989582125956  -20.083289606265016               -100.0
 10.5                  9.8750613  2.5152570977166e-05                  0.0                  0.0   -9.478612215536977  -15.127289606265014               -100.0
 10.5                 10.0000000  2.5048429495956e-05                  0.0                  0.0   -7.075664847721591  -12.643289606265014               -100.0
 10.5                 10.4771213  2.3137032771594e-05                  0.0                  0.0  -1.0303974630189772   -5.760289606265014               -100.0
 10.5                 11.0000000   8.244800958564e-06                  0.0                  0.0    4.250011906342136 0.056710393734986174               -100.0
 11.0                  7.0000000  3.7569439890666e-05                  0.0                  0.0               -100.0               -100.0               -100.0
 11.0                  8.0000000  3.7569439890666e-05                  0.0                  0.0               -100.0               -100.0               -100.0
 11.0                  8.3010300  3.7569439890666e-05                  0.0                  0.0               -100.0               -100.0               -100.0
 11.0                  8.4771213  3.7569439890666e-05                  0.0                  0.0               -100.0               -100.0               -100.0
 11.0                  8.6020600  3.7569439890666e-05                  0.0                  0.0               -100.0               -100.0               -100.0
 11.0                  8.6989700  3.7569439890666e-05                  0.0                  0.0               -100.0               -100.0               -100.0
 11.0                  8.7781513  3.7569439890666e-05                  0.0                  0.0               -100.0               -100.0               -100.0
 11.0                  8.8450980  3.7569439890666e-05                  0.0                  0.0               -100.0               -100.0               -100.0
 11.0                  8.9030900  3.7569439890666e-05                  0.0                  0.0               -100.0               -100.0               -100.0
 11.0                  8.9542425  3.7569439890666e-05                  0.0                  0.0               -100.0               -100.0               -100.0
 11.0                  9.0000000  3.7569439890666e-05                  0.0                  0.0               -100.0               -100.0               -100.0
 11.0                  9.1760913  3.7569439890666e-05                  0.0                  0.0              -86.093   -91.41928960626501               -100.0
 11.0                  9.3010300  3.7569439890666e-05                  0.0                  0.0              -65.194   -70.49128960626501               -100.0
 11.0                  9.4771213  3.7470104939358e-05                  0.0                  0.0              -43.968  -49.194289606265016               -100.0
 11.0                  9.6020600   3.745888970292e-05                  0.0                  0.0              -33.209   -38.36028960626501               -100.0
 11.0                  9.6989700  3.7444470113214e-05                  0.0                  0.0   -22.40397322244485  -28.309289606265015               -100.0
 11.0                  9.8750613  3.7393200460926e-05                  0.0                  0.0  -14.612612215536977  -20.261289606265013               -100.0
 11.0                 10.0000000  3.7321102512396e-05                  0.0                  0.0  -10.936664847721591  -16.504289606265015               -100.0
 11.0                 10.4771213  3.6015328555686e-05                  0.0                  0.0   -2.381077050372031   -7.111289606265014               -100.0
 11.0                 11.0000000  2.2412848933026e-05                  0.0                  0.0    3.807016247112502  -0.3882896062650142               -100.0
 11.5                  7.0000000  5.5520226898002e-05                  0.0                  0.0               -100.0               -100.0               -100.0
 11.5                  8.0000000  5.5520226898002e-05                  0.0                  0.0               -100.0               -100.0               -100.0
 11.5                  8.3010300  5.5520226898002e-05                  0.0                  0.0               -100.0               -100.0               -100.0
 11.5                  8.4771213  5.5520226898002e-05                  0.0                  0.0               -100.0               -100.0               -100.0
 11.5                  8.6020600  5.5520226898002e-05                  0.0                  0.0               -100.0               -100.0               -100.0
 11.5                  8.6989700  5.5520226898002e-05                  0.0                  0.0               -100.0               -100.0               -100.0
 11.5                  8.7781513  5.5520226898002e-05                  0.0                  0.0               -100.0               -100.0               -100.0
 11.5                  8.8450980  5.5520226898002e-05                  0.0                  0.0               -100.0               -100.0               -100.0
 11.5                  8.9030900  5.5520226898002e-05                  0.0                  0.0               -100.0               -100.0               -100.0
 11.5                  8.9542425  5.5520226898002e-05                  0.0                  0.0               -100.0               -100.0               -100.0
 11.5                  9.0000000  5.5520226898002e-05                  0.0                  0.0               -100.0               -100.0               -100.0
 11.5                  9.1760913  5.5520226898002e-05                  0.0                  0.0               -100.0               -100.0               -100.0
 11.5                  9.3010300  5.5520226898002e-05                  0.0                  0.0               -100.0               -100.0               -100.0
 11.5                  9.4771213  5.5520226898002e-05                  0.0                  0.0              -62.895   -68.12128960626501               -100.0
 11.5                  9.6020600   5.537122447104e-05                  0.0                  0.0              -47.296   -52.44728960626502               -100.0
 11.5                  9.6989700  5.5361611411236e-05                  0.0                  0.0              -37.888  -42.978289606265015               -100.0
 11.5                  9.8750613  5.5326363525288e-05                  0.0                  0.0  -24.083130436133427  -29.927289606265017               -100.0
 11.5                 10.0000000  5.5278298226268e-05                  0.0                  0.0  -16.584672489048227  -22.152289606265015               -100.0
 11.5                 10.4771213  5.4387488017764e-05                  0.0                  0.0   -4.307077050372031   -9.037289606265015               -100.0
 11.5                 11.0000000   4.442034717765e-05                  0.0                  0.0    3.116019443506495   -1.079289606265014               -100.0
