!80ga -> 80zn, e- capture
!Q=7.575 MeV
!
!Log(rhoY)            Log(temp)            mu                   dQ                   Vs                   Log(e-cap-rate)      Log(nu-energy-loss)  Log(gamma-energy)   
!Log(g/cm^3)          Log(K)               erg                  erg                  erg                  Log(1/s)             Log(erg/s)           Log(erg/s)          
  1.0                  7.0000000     -4.806529902e-09                  0.0                  0.0               -100.0               -100.0               -100.0
  1.0                  8.0000000    -9.2926244772e-08                  0.0                  0.0               -100.0               -100.0               -100.0
  1.0                  8.3010300   -2.14691668956e-07                  0.0                  0.0               -100.0               -100.0               -100.0
  1.0                  8.4771213   -3.49274506212e-07                  0.0                  0.0               -100.0               -100.0               -100.0
  1.0                  8.6020600   -4.91868226638e-07                  0.0                  0.0               -100.0               -100.0               -100.0
  1.0                  8.6989700   -6.39268476966e-07                  0.0                  0.0              -82.692   -89.37028960626502               -100.0
  1.0                  8.7781513   -7.65840431052e-07                  0.0                  0.0              -70.177   -76.77528960626502               -100.0
  1.0                  8.8450980   -8.05894846902e-07                  0.0                  0.0              -60.663   -67.19328960626501               -100.0
  1.0                  8.9030900   -8.15507906706e-07                  0.0                  0.0              -53.506   -59.97628960626501               -100.0
  1.0                  8.9542425    -8.1711008334e-07                  0.0                  0.0              -47.795  -54.213289606265015               -100.0
  1.0                  9.0000000   -8.18712259974e-07                  0.0                  0.0               -43.29  -49.661289606265015               -100.0
  1.0                  9.1760913   -8.18712259974e-07                  0.0                  0.0              -29.649  -35.838289606265015               -100.0
  1.0                  9.3010300   -8.18712259974e-07                  0.0                  0.0              -22.716  -28.775289606265016               -100.0
  1.0                  9.4771213   -8.18712259974e-07                  0.0                  0.0              -15.622  -21.495289606265015               -100.0
  1.0                  9.6020600   -8.18712259974e-07                  0.0                  0.0              -11.936  -17.676289606265016               -100.0
  1.0                  9.6989700   -8.18712259974e-07                  0.0                  0.0   -9.615994909250047  -15.253289606265014               -100.0
  1.0                  9.8750613   -8.18712259974e-07                  0.0                  0.0   -6.250954943050773  -11.700289606265015               -100.0
  1.0                 10.0000000   -8.18712259974e-07                  0.0                  0.0   -4.358796912700979   -9.673289606265014               -100.0
  1.0                 10.4771213   -8.18712259974e-07                  0.0                  0.0   1.0349869263378417   -3.565289606265014               -100.0
  1.0                 11.0000000   -8.18712259974e-07                  0.0                  0.0    4.990050787743457   0.8697103937349858               -100.0
  1.5                  7.0000000     -3.204353268e-09                  0.0                  0.0               -100.0               -100.0               -100.0
  1.5                  8.0000000    -7.6904478432e-08                  0.0                  0.0               -100.0               -100.0               -100.0
  1.5                  8.3010300    -1.8425031291e-07                  0.0                  0.0               -100.0               -100.0               -100.0
  1.5                  8.4771213   -3.01209207192e-07                  0.0                  0.0               -100.0               -100.0               -100.0
  1.5                  8.6020600   -4.27781161278e-07                  0.0                  0.0               -100.0               -100.0               -100.0
  1.5                  8.6989700   -5.59159645266e-07                  0.0                  0.0              -82.194   -88.87228960626501               -100.0
  1.5                  8.7781513   -6.92140305888e-07                  0.0                  0.0              -69.796   -76.39428960626502               -100.0
  1.5                  8.8450980   -7.80260020758e-07                  0.0                  0.0              -60.545   -67.07628960626501               -100.0
  1.5                  8.9030900   -8.05894846902e-07                  0.0                  0.0              -53.472   -59.94328960626502               -100.0
  1.5                  8.9542425   -8.13905730072e-07                  0.0                  0.0              -47.783  -54.201289606265014               -100.0
  1.5                  9.0000000   -8.15507906706e-07                  0.0                  0.0              -43.285   -49.65628960626501               -100.0
  1.5                  9.1760913   -8.18712259974e-07                  0.0                  0.0              -29.649  -35.838289606265015               -100.0
  1.5                  9.3010300   -8.18712259974e-07                  0.0                  0.0              -22.716  -28.775289606265016               -100.0
  1.5                  9.4771213   -8.18712259974e-07                  0.0                  0.0              -15.622  -21.495289606265015               -100.0
  1.5                  9.6020600   -8.18712259974e-07                  0.0                  0.0              -11.936  -17.676289606265016               -100.0
  1.5                  9.6989700   -8.18712259974e-07                  0.0                  0.0   -9.615994909250047  -15.253289606265014               -100.0
  1.5                  9.8750613   -8.18712259974e-07                  0.0                  0.0   -6.250954943050773  -11.700289606265015               -100.0
  1.5                 10.0000000   -8.18712259974e-07                  0.0                  0.0   -4.358796912700979   -9.673289606265014               -100.0
  1.5                 10.4771213   -8.18712259974e-07                  0.0                  0.0   1.0349869263378417   -3.565289606265014               -100.0
  1.5                 11.0000000   -8.18712259974e-07                  0.0                  0.0    4.990050787743457   0.8697103937349858               -100.0
  2.0                  7.0000000     -1.602176634e-09                  0.0                  0.0               -100.0               -100.0               -100.0
  2.0                  8.0000000    -6.0882712092e-08                  0.0                  0.0               -100.0               -100.0               -100.0
  2.0                  8.3010300    -1.5220678023e-07                  0.0                  0.0               -100.0               -100.0               -100.0
  2.0                  8.4771213   -2.53143908172e-07                  0.0                  0.0               -100.0               -100.0               -100.0
  2.0                  8.6020600   -3.63694095918e-07                  0.0                  0.0               -100.0               -100.0               -100.0
  2.0                  8.6989700     -4.806529902e-07                  0.0                  0.0              -81.694   -88.37228960626501               -100.0
  2.0                  8.7781513    -6.0081623775e-07                  0.0                  0.0              -69.315   -75.91328960626501               -100.0
  2.0                  8.8450980   -7.14570778764e-07                  0.0                  0.0              -60.251     -66.781289606265               -100.0
  2.0                  8.9030900   -7.80260020758e-07                  0.0                  0.0              -53.369   -59.83928960626501               -100.0
  2.0                  8.9542425   -8.02690493634e-07                  0.0                  0.0              -47.745   -54.16328960626502               -100.0
  2.0                  9.0000000   -8.10701376804e-07                  0.0                  0.0              -43.268   -49.63928960626502               -100.0
  2.0                  9.1760913   -8.18712259974e-07                  0.0                  0.0              -29.647   -35.83728960626502               -100.0
  2.0                  9.3010300   -8.18712259974e-07                  0.0                  0.0              -22.716  -28.775289606265016               -100.0
  2.0                  9.4771213   -8.18712259974e-07                  0.0                  0.0              -15.622  -21.495289606265015               -100.0
  2.0                  9.6020600   -8.18712259974e-07                  0.0                  0.0              -11.936  -17.676289606265016               -100.0
  2.0                  9.6989700   -8.18712259974e-07                  0.0                  0.0   -9.615994909250047  -15.253289606265014               -100.0
  2.0                  9.8750613   -8.18712259974e-07                  0.0                  0.0   -6.250954943050773  -11.700289606265015               -100.0
  2.0                 10.0000000   -8.18712259974e-07                  0.0                  0.0   -4.358796912700979   -9.673289606265014               -100.0
  2.0                 10.4771213   -8.18712259974e-07                  0.0                  0.0   1.0349869263378417   -3.565289606265014               -100.0
  2.0                 11.0000000   -8.18712259974e-07                  0.0                  0.0    4.990050787743457   0.8697103937349858               -100.0
  2.5                  7.0000000      1.602176634e-09                  0.0                  0.0               -100.0               -100.0               -100.0
  2.5                  8.0000000    -4.4860945752e-08                  0.0                  0.0               -100.0               -100.0               -100.0
  2.5                  8.3010300    -1.2016324755e-07                  0.0                  0.0               -100.0               -100.0               -100.0
  2.5                  8.4771213   -2.06680785786e-07                  0.0                  0.0               -100.0               -100.0               -100.0
  2.5                  8.6020600   -3.01209207192e-07                  0.0                  0.0               -100.0               -100.0               -100.0
  2.5                  8.6989700     -4.005441585e-07                  0.0                  0.0              -81.194   -87.87228960626501               -100.0
  2.5                  8.7781513   -5.06287816344e-07                  0.0                  0.0              -68.817   -75.41428960626502               -100.0
  2.5                  8.8450980   -6.13633650822e-07                  0.0                  0.0              -59.798   -66.32828960626502               -100.0
  2.5                  8.9030900   -7.11366425496e-07                  0.0                  0.0              -53.099  -59.569289606265016               -100.0
  2.5                  8.9542425    -7.6904478432e-07                  0.0                  0.0              -47.629   -54.04728960626502               -100.0
  2.5                  9.0000000   -7.94679610464e-07                  0.0                  0.0              -43.217  -49.588289606265015               -100.0
  2.5                  9.1760913   -8.15507906706e-07                  0.0                  0.0              -29.644   -35.83328960626501               -100.0
  2.5                  9.3010300   -8.18712259974e-07                  0.0                  0.0              -22.715  -28.774289606265015               -100.0
  2.5                  9.4771213   -8.18712259974e-07                  0.0                  0.0              -15.622  -21.495289606265015               -100.0
  2.5                  9.6020600   -8.18712259974e-07                  0.0                  0.0              -11.936  -17.676289606265016               -100.0
  2.5                  9.6989700   -8.18712259974e-07                  0.0                  0.0   -9.615994909250047  -15.253289606265014               -100.0
  2.5                  9.8750613   -8.18712259974e-07                  0.0                  0.0   -6.250954943050773  -11.700289606265015               -100.0
  2.5                 10.0000000   -8.18712259974e-07                  0.0                  0.0   -4.358796912700979   -9.673289606265014               -100.0
  2.5                 10.4771213   -8.18712259974e-07                  0.0                  0.0   1.0349869263378417   -3.565289606265014               -100.0
  2.5                 11.0000000   -8.18712259974e-07                  0.0                  0.0    4.990050787743457   0.8697103937349858               -100.0
  3.0                  7.0000000      3.204353268e-09                  0.0                  0.0               -100.0               -100.0               -100.0
  3.0                  8.0000000    -2.8839179412e-08                  0.0                  0.0               -100.0               -100.0               -100.0
  3.0                  8.3010300     -8.811971487e-08                  0.0                  0.0               -100.0               -100.0               -100.0
  3.0                  8.4771213   -1.58615486766e-07                  0.0                  0.0               -100.0               -100.0               -100.0
  3.0                  8.6020600   -2.37122141832e-07                  0.0                  0.0               -100.0               -100.0               -100.0
  3.0                  8.6989700     -3.204353268e-07                  0.0                  0.0              -80.693   -87.37128960626501               -100.0
  3.0                  8.7781513   -4.10157218304e-07                  0.0                  0.0              -68.316   -74.91428960626502               -100.0
  3.0                  8.8450980   -5.03083463076e-07                  0.0                  0.0              -59.303   -65.83328960626501               -100.0
  3.0                  8.9030900   -5.99214061116e-07                  0.0                  0.0              -52.657  -59.127289606265016               -100.0
  3.0                  8.9542425   -6.85731599352e-07                  0.0                  0.0              -47.337   -53.75428960626502               -100.0
  3.0                  9.0000000   -7.46614311444e-07                  0.0                  0.0              -43.063   -49.43428960626502               -100.0
  3.0                  9.1760913   -8.10701376804e-07                  0.0                  0.0              -29.633   -35.82228960626502               -100.0
  3.0                  9.3010300    -8.1711008334e-07                  0.0                  0.0              -22.713  -28.772289606265016               -100.0
  3.0                  9.4771213   -8.18712259974e-07                  0.0                  0.0              -15.621  -21.495289606265015               -100.0
  3.0                  9.6020600   -8.18712259974e-07                  0.0                  0.0              -11.936  -17.676289606265016               -100.0
  3.0                  9.6989700   -8.18712259974e-07                  0.0                  0.0   -9.615994909250047  -15.253289606265014               -100.0
  3.0                  9.8750613   -8.18712259974e-07                  0.0                  0.0   -6.250954943050773  -11.700289606265015               -100.0
  3.0                 10.0000000   -8.18712259974e-07                  0.0                  0.0   -4.358796912700979   -9.673289606265014               -100.0
  3.0                 10.4771213   -8.18712259974e-07                  0.0                  0.0   1.0349869263378417   -3.565289606265014               -100.0
  3.0                 11.0000000   -8.18712259974e-07                  0.0                  0.0    4.990050787743457   0.8697103937349858               -100.0
  3.5                  7.0000000       8.01088317e-09                  0.0                  0.0               -100.0               -100.0               -100.0
  3.5                  8.0000000    -1.1215236438e-08                  0.0                  0.0               -100.0               -100.0               -100.0
  3.5                  8.3010300    -5.4474005556e-08                  0.0                  0.0               -100.0               -100.0               -100.0
  3.5                  8.4771213   -1.10550187746e-07                  0.0                  0.0               -100.0               -100.0               -100.0
  3.5                  8.6020600   -1.73035076472e-07                  0.0                  0.0               -100.0               -100.0               -100.0
  3.5                  8.6989700     -2.403264951e-07                  0.0                  0.0               -80.19   -86.86828960626501               -100.0
  3.5                  8.7781513   -3.14026620264e-07                  0.0                  0.0              -67.814   -74.41228960626502               -100.0
  3.5                  8.8450980    -3.9253327533e-07                  0.0                  0.0              -58.802   -65.33228960626501               -100.0
  3.5                  8.9030900    -4.7264210703e-07                  0.0                  0.0              -52.163  -58.634289606265014               -100.0
  3.5                  8.9542425   -5.55955291998e-07                  0.0                  0.0              -46.884   -53.30228960626501               -100.0
  3.5                  9.0000000   -6.36064123698e-07                  0.0                  0.0              -42.717  -49.088289606265015               -100.0
  3.5                  9.1760913   -7.94679610464e-07                  0.0                  0.0              -29.598   -35.78828960626501               -100.0
  3.5                  9.3010300   -8.12303553438e-07                  0.0                  0.0              -22.705  -28.764289606265017               -100.0
  3.5                  9.4771213    -8.1711008334e-07                  0.0                  0.0               -15.62  -21.493289606265016               -100.0
  3.5                  9.6020600    -8.1711008334e-07                  0.0                  0.0              -11.935  -17.675289606265014               -100.0
  3.5                  9.6989700   -8.18712259974e-07                  0.0                  0.0   -9.615994909250047  -15.253289606265014               -100.0
  3.5                  9.8750613   -8.18712259974e-07                  0.0                  0.0   -6.250954943050773  -11.700289606265015               -100.0
  3.5                 10.0000000   -8.18712259974e-07                  0.0                  0.0   -4.358796912700979   -9.673289606265014               -100.0
  3.5                 10.4771213   -8.18712259974e-07                  0.0                  0.0   1.0349869263378417   -3.565289606265014               -100.0
  3.5                 11.0000000   -8.18712259974e-07                  0.0                  0.0    4.990050787743457   0.8697103937349858               -100.0
  4.0                  7.0000000     1.9226119608e-08                  0.0                  0.0               -100.0               -100.0               -100.0
  4.0                  8.0000000       8.01088317e-09                  0.0                  0.0               -100.0               -100.0               -100.0
  4.0                  8.3010300    -2.0828296242e-08                  0.0                  0.0               -100.0               -100.0               -100.0
  4.0                  8.4771213    -6.0882712092e-08                  0.0                  0.0               -100.0               -100.0               -100.0
  4.0                  8.6020600   -1.07345834478e-07                  0.0                  0.0               -100.0               -100.0               -100.0
  4.0                  8.6989700     -1.602176634e-07                  0.0                  0.0              -79.681   -86.35928960626501               -100.0
  4.0                  8.7781513   -2.17896022224e-07                  0.0                  0.0              -67.307   -73.90528960626501               -100.0
  4.0                  8.8450980    -2.8038091095e-07                  0.0                  0.0              -58.297   -64.82728960626501               -100.0
  4.0                  8.9030900   -3.46070152944e-07                  0.0                  0.0               -51.66  -58.130289606265016               -100.0
  4.0                  8.9542425   -4.13361571572e-07                  0.0                  0.0              -46.387  -52.804289606265016               -100.0
  4.0                  9.0000000   -4.85459520102e-07                  0.0                  0.0              -42.243   -48.61328960626501               -100.0
  4.0                  9.1760913   -7.43409958176e-07                  0.0                  0.0              -29.492   -35.68128960626501               -100.0
  4.0                  9.3010300   -7.96281787098e-07                  0.0                  0.0              -22.681  -28.740289606265016               -100.0
  4.0                  9.4771213   -8.12303553438e-07                  0.0                  0.0              -15.616  -21.489289606265014               -100.0
  4.0                  9.6020600   -8.15507906706e-07                  0.0                  0.0              -11.934  -17.674289606265013               -100.0
  4.0                  9.6989700    -8.1711008334e-07                  0.0                  0.0   -9.615994909250047  -15.252289606265014               -100.0
  4.0                  9.8750613   -8.18712259974e-07                  0.0                  0.0   -6.250954943050773  -11.700289606265015               -100.0
  4.0                 10.0000000   -8.18712259974e-07                  0.0                  0.0   -4.358796912700979   -9.673289606265014               -100.0
  4.0                 10.4771213   -8.18712259974e-07                  0.0                  0.0   1.0349869263378417   -3.565289606265014               -100.0
  4.0                 11.0000000   -8.18712259974e-07                  0.0                  0.0    4.990050787743457   0.8697103937349858               -100.0
  4.5                  7.0000000      4.005441585e-08                  0.0                  0.0               -100.0               -100.0               -100.0
  4.5                  8.0000000     3.5247885948e-08                  0.0                  0.0               -100.0               -100.0               -100.0
  4.5                  8.3010300     1.9226119608e-08                  0.0                  0.0               -100.0               -100.0               -100.0
  4.5                  8.4771213     -6.408706536e-09                  0.0                  0.0               -100.0               -100.0               -100.0
  4.5                  8.6020600    -3.8452239216e-08                  0.0                  0.0               -100.0               -100.0               -100.0
  4.5                  8.6989700    -7.5302301798e-08                  0.0                  0.0              -79.152   -85.83028960626501               -100.0
  4.5                  8.7781513   -1.18561070916e-07                  0.0                  0.0              -66.786   -73.38428960626501               -100.0
  4.5                  8.8450980   -1.65024193302e-07                  0.0                  0.0              -57.781     -64.311289606265               -100.0
  4.5                  8.9030900   -2.14691668956e-07                  0.0                  0.0              -51.148  -57.618289606265016               -100.0
  4.5                  8.9542425   -2.67563497878e-07                  0.0                  0.0              -45.878   -52.29428960626502               -100.0
  4.5                  9.0000000   -3.23639680068e-07                  0.0                  0.0              -41.737   -48.10828960626502               -100.0
  4.5                  9.1760913   -6.12031474188e-07                  0.0                  0.0              -29.214   -35.40428960626502               -100.0
  4.5                  9.3010300   -7.48216488078e-07                  0.0                  0.0              -22.606  -28.665289606265016               -100.0
  4.5                  9.4771213      -8.01088317e-07                  0.0                  0.0              -15.603  -21.476289606265013               -100.0
  4.5                  9.6020600   -8.10701376804e-07                  0.0                  0.0              -11.929  -17.670289606265015               -100.0
  4.5                  9.6989700   -8.13905730072e-07                  0.0                  0.0   -9.613994932639782  -15.250289606265014               -100.0
  4.5                  9.8750613    -8.1711008334e-07                  0.0                  0.0  -6.2499550466735165  -11.699289606265014               -100.0
  4.5                 10.0000000    -8.1711008334e-07                  0.0                  0.0  -4.3577973796798615   -9.673289606265014               -100.0
  4.5                 10.4771213   -8.18712259974e-07                  0.0                  0.0   1.0349869263378417  -3.5642896062650142               -100.0
  4.5                 11.0000000   -8.18712259974e-07                  0.0                  0.0    4.990050787743457   0.8697103937349858               -100.0
  5.0                  7.0000000     8.4915361602e-08                  0.0                  0.0               -100.0               -100.0               -100.0
  5.0                  8.0000000     8.3313184968e-08                  0.0                  0.0               -100.0               -100.0               -100.0
  5.0                  8.3010300     7.5302301798e-08                  0.0                  0.0               -100.0               -100.0               -100.0
  5.0                  8.4771213     6.0882712092e-08                  0.0                  0.0               -100.0               -100.0               -100.0
  5.0                  8.6020600     4.1656592484e-08                  0.0                  0.0               -100.0               -100.0               -100.0
  5.0                  8.6989700     1.7623942974e-08                  0.0                  0.0              -78.563   -85.24128960626501               -100.0
  5.0                  8.7781513    -1.1215236438e-08                  0.0                  0.0               -66.22   -72.81828960626501               -100.0
  5.0                  8.8450980    -4.3258769118e-08                  0.0                  0.0              -57.232   -63.76028960626502               -100.0
  5.0                  8.9030900    -7.8506655066e-08                  0.0                  0.0              -50.609   -57.07828960626502               -100.0
  5.0                  8.9542425   -1.15356717648e-07                  0.0                  0.0              -45.345   -51.76328960626502               -100.0
  5.0                  9.0000000   -1.57013310132e-07                  0.0                  0.0              -41.211  -47.582289606265014               -100.0
  5.0                  9.1760913   -3.94135451964e-07                  0.0                  0.0              -28.759   -34.94928960626501               -100.0
  5.0                  9.3010300   -6.13633650822e-07                  0.0                  0.0              -22.393  -28.452289606265015               -100.0
  5.0                  9.4771213   -7.62636077784e-07                  0.0                  0.0              -15.563  -21.436289606265014               -100.0
  5.0                  9.6020600    -7.9307743383e-07                  0.0                  0.0              -11.916  -17.656289606265016               -100.0
  5.0                  9.6989700   -8.04292670268e-07                  0.0                  0.0   -9.606995013660804  -15.244289606265014               -100.0
  5.0                  9.8750613   -8.12303553438e-07                  0.0                  0.0   -6.248955046673516  -11.698289606265014               -100.0
  5.0                 10.0000000   -8.15507906706e-07                  0.0                  0.0  -4.3577973796798615   -9.672289606265014               -100.0
  5.0                 10.4771213   -8.18712259974e-07                  0.0                  0.0   1.0349869263378417  -3.5642896062650142               -100.0
  5.0                 11.0000000   -8.18712259974e-07                  0.0                  0.0    4.990050787743457   0.8697103937349858               -100.0
  5.5                  7.0000000    1.74637253106e-07                  0.0                  0.0               -100.0               -100.0               -100.0
  5.5                  8.0000000    1.73035076472e-07                  0.0                  0.0               -100.0               -100.0               -100.0
  5.5                  8.3010300     1.6822854657e-07                  0.0                  0.0               -100.0               -100.0               -100.0
  5.5                  8.4771213    1.61819840034e-07                  0.0                  0.0               -100.0               -100.0               -100.0
  5.5                  8.6020600     1.5220678023e-07                  0.0                  0.0               -100.0               -100.0               -100.0
  5.5                  8.6989700    1.37787190524e-07                  0.0                  0.0              -77.805   -84.48328960626502               -100.0
  5.5                  8.7781513    1.21765424184e-07                  0.0                  0.0              -65.528   -72.12628960626502               -100.0
  5.5                  8.8450980    1.02539304576e-07                  0.0                  0.0              -56.582  -63.112289606265016               -100.0
  5.5                  8.9030900       8.01088317e-08                  0.0                  0.0               -49.99  -56.460289606265015               -100.0
  5.5                  8.9542425     5.4474005556e-08                  0.0                  0.0              -44.749   -51.16628960626502               -100.0
  5.5                  9.0000000     2.7237002778e-08                  0.0                  0.0              -40.632  -47.002289606265016               -100.0
  5.5                  9.1760913   -1.40991543792e-07                  0.0                  0.0              -28.229   -34.41928960626501               -100.0
  5.5                  9.3010300   -3.46070152944e-07                  0.0                  0.0              -21.973  -28.032289606265014               -100.0
  5.5                  9.4771213   -6.44075006868e-07                  0.0                  0.0              -15.438  -21.311289606265014               -100.0
  5.5                  9.6020600   -7.38603428274e-07                  0.0                  0.0              -11.872  -17.612289606265016               -100.0
  5.5                  9.6989700   -7.72249137588e-07                  0.0                  0.0   -9.586995238081805  -15.224289606265014               -100.0
  5.5                  9.8750613   -7.99486140366e-07                  0.0                  0.0   -6.242955663424797  -11.692289606265014               -100.0
  5.5                 10.0000000    -8.0909920017e-07                  0.0                  0.0    -4.35579831041953   -9.670289606265014               -100.0
  5.5                 10.4771213    -8.1711008334e-07                  0.0                  0.0   1.0349869263378417  -3.5642896062650142               -100.0
  5.5                 11.0000000   -8.18712259974e-07                  0.0                  0.0    4.990050787743457   0.8697103937349858               -100.0
  6.0                  7.0000000     3.4446797631e-07                  0.0                  0.0               -100.0               -100.0               -100.0
  6.0                  8.0000000    3.42865799676e-07                  0.0                  0.0               -100.0               -100.0               -100.0
  6.0                  8.3010300    3.39661446408e-07                  0.0                  0.0               -100.0               -100.0               -100.0
  6.0                  8.4771213     3.3645709314e-07                  0.0                  0.0               -100.0               -100.0               -100.0
  6.0                  8.6020600    3.30048386604e-07                  0.0                  0.0               -100.0               -100.0               -100.0
  6.0                  8.6989700    3.22037503434e-07                  0.0                  0.0              -76.643   -83.32128960626501               -100.0
  6.0                  8.7781513    3.14026620264e-07                  0.0                  0.0              -64.522   -71.12028960626502               -100.0
  6.0                  8.8450980    3.02811383826e-07                  0.0                  0.0              -55.682   -62.21228960626502               -100.0
  6.0                  8.9030900     2.8839179412e-07                  0.0                  0.0              -49.166   -55.63628960626502               -100.0
  6.0                  8.9542425    2.73972204414e-07                  0.0                  0.0              -43.982  -50.399289606265015               -100.0
  6.0                  9.0000000    2.57950438074e-07                  0.0                  0.0              -39.908   -46.27928960626502               -100.0
  6.0                  9.1760913    1.47400250328e-07                  0.0                  0.0              -27.622  -33.811289606265014               -100.0
  6.0                  9.3010300      1.602176634e-09                  0.0                  0.0              -21.427  -27.486289606265014               -100.0
  6.0                  9.4771213   -3.39661446408e-07                  0.0                  0.0               -15.12  -20.994289606265014               -100.0
  6.0                  9.6020600    -5.6877270507e-07                  0.0                  0.0              -11.739  -17.479289606265013               -100.0
  6.0                  9.6989700   -6.71312009646e-07                  0.0                  0.0   -9.523995871595458  -15.161289606265013               -100.0
  6.0                  9.8750613   -7.59431724516e-07                  0.0                  0.0   -6.225957365321364  -11.675289606265014               -100.0
  6.0                 10.0000000   -7.86668727294e-07                  0.0                  0.0   -4.348801534476176   -9.663289606265014               -100.0
  6.0                 10.4771213   -8.15507906706e-07                  0.0                  0.0   1.0349869263378417  -3.5642896062650142               -100.0
  6.0                 11.0000000   -8.18712259974e-07                  0.0                  0.0    4.990050787743457   0.8697103937349858               -100.0
  6.5                  7.0000000    6.45677183502e-07                  0.0                  0.0               -100.0               -100.0               -100.0
  6.5                  8.0000000    6.42472830234e-07                  0.0                  0.0               -100.0               -100.0               -100.0
  6.5                  8.3010300      6.408706536e-07                  0.0                  0.0               -100.0               -100.0               -100.0
  6.5                  8.4771213    6.37666300332e-07                  0.0                  0.0               -100.0               -100.0               -100.0
  6.5                  8.6020600    6.34461947064e-07                  0.0                  0.0               -100.0               -100.0               -100.0
  6.5                  8.6989700    6.29655417162e-07                  0.0                  0.0              -74.712   -81.39028960626501               -100.0
  6.5                  8.7781513    6.23246710626e-07                  0.0                  0.0              -62.894   -69.49228960626502               -100.0
  6.5                  8.8450980     6.1683800409e-07                  0.0                  0.0              -54.267   -60.79728960626502               -100.0
  6.5                  8.9030900     6.0882712092e-07                  0.0                  0.0              -47.908  -54.378289606265014               -100.0
  6.5                  8.9542425    5.99214061116e-07                  0.0                  0.0              -42.843   -49.26128960626502               -100.0
  6.5                  9.0000000    5.89601001312e-07                  0.0                  0.0              -38.863  -45.234289606265015               -100.0
  6.5                  9.1760913     5.2070740605e-07                  0.0                  0.0              -26.839   -33.02928960626502               -100.0
  6.5                  9.3010300     4.2457680801e-07                  0.0                  0.0               -20.76  -26.819289606265016               -100.0
  6.5                  9.4771213    1.61819840034e-07                  0.0                  0.0              -14.594  -20.467289606265016               -100.0
  6.5                  9.6020600   -1.39389367158e-07                  0.0                  0.0              -11.401  -17.141289606265016               -100.0
  6.5                  9.6989700   -3.74909332356e-07                  0.0                  0.0   -9.336997303608415  -14.974289606265014               -100.0
  6.5                  9.8750613   -6.34461947064e-07                  0.0                  0.0   -6.172962176179029  -11.623289606265015               -100.0
  6.5                 10.0000000   -7.17775132032e-07                  0.0                  0.0   -4.326810900770947   -9.641289606265014               -100.0
  6.5                 10.4771213   -8.07497023536e-07                  0.0                  0.0   1.0359709851330823   -3.563289606265014               -100.0
  6.5                 11.0000000    -8.1711008334e-07                  0.0                  0.0    4.990050787743457   0.8697103937349858               -100.0
  7.0                  7.0000000   1.142351940042e-06                  0.0                  0.0               -100.0               -100.0               -100.0
  7.0                  8.0000000   1.142351940042e-06                  0.0                  0.0               -100.0               -100.0               -100.0
  7.0                  8.3010300    1.13754541014e-06                  0.0                  0.0               -100.0               -100.0               -100.0
  7.0                  8.4771213   1.134341056872e-06                  0.0                  0.0               -100.0               -100.0               -100.0
  7.0                  8.6020600   1.132738880238e-06                  0.0                  0.0   -88.88399999999668   -95.66028960626501               -100.0
  7.0                  8.6989700    1.12953452697e-06                  0.0                  0.0              -71.568   -78.24528960626502               -100.0
  7.0                  8.7781513   1.126330173702e-06                  0.0                  0.0              -60.263   -66.86128960626502               -100.0
  7.0                  8.8450980     1.1215236438e-06                  0.0                  0.0              -52.002   -58.53228960626502               -100.0
  7.0                  8.9030900   1.115114937264e-06                  0.0                  0.0              -45.915   -52.38528960626502               -100.0
  7.0                  8.9542425   1.110308407362e-06                  0.0                  0.0               -41.06  -47.478289606265015               -100.0
  7.0                  9.0000000   1.102297524192e-06                  0.0                  0.0              -37.247  -43.618289606265016               -100.0
  7.0                  9.1760913   1.059038755074e-06                  0.0                  0.0              -25.713  -31.901289606265017               -100.0
  7.0                  9.3010300    9.96553866348e-07                  0.0                  0.0              -19.862  -25.921289606265017               -100.0
  7.0                  9.4771213     8.1711008334e-07                  0.0                  0.0              -13.906  -19.779289606265014               -100.0
  7.0                  9.6020600     5.7678358824e-07                  0.0                  0.0              -10.838  -16.579289606265014               -100.0
  7.0                  9.6989700    3.01209207192e-07                  0.0                  0.0   -8.911998981915556  -14.549289606265013               -100.0
  7.0                  9.8750613   -2.51541731538e-07                  0.0                  0.0   -6.012973650575359  -11.462289606265013               -100.0
  7.0                 10.0000000   -5.03083463076e-07                  0.0                  0.0   -4.259837181818566   -9.574289606265014               -100.0
  7.0                 10.4771213    -7.8506655066e-07                  0.0                  0.0   1.0379392108850527   -3.561289606265014               -100.0
  7.0                 11.0000000   -8.15507906706e-07                  0.0                  0.0    4.990050787743457   0.8697103937349858               -100.0
  7.5                  7.0000000   1.921009784166e-06                  0.0                  0.0               -100.0               -100.0               -100.0
  7.5                  8.0000000   1.921009784166e-06                  0.0                  0.0               -100.0               -100.0               -100.0
  7.5                  8.3010300    1.91460107763e-06                  0.0                  0.0               -100.0               -100.0               -100.0
  7.5                  8.4771213    1.91460107763e-06                  0.0                  0.0               -100.0               -100.0               -100.0
  7.5                  8.6020600   1.912998900996e-06                  0.0                  0.0               -82.75   -89.52828960626502               -100.0
  7.5                  8.6989700   1.909794547728e-06                  0.0                  0.0              -66.654   -73.33228960626502               -100.0
  7.5                  8.7781513   1.908192371094e-06                  0.0                  0.0              -56.162   -62.76028960626502               -100.0
  7.5                  8.8450980   1.904988017826e-06                  0.0                  0.0               -48.48   -55.01028960626502               -100.0
  7.5                  8.9030900   1.901783664558e-06                  0.0                  0.0              -42.826   -49.29728960626502               -100.0
  7.5                  8.9542425   1.896977134656e-06                  0.0                  0.0              -38.309   -44.72628960626501               -100.0
  7.5                  9.0000000   1.892170604754e-06                  0.0                  0.0              -34.764  -41.134289606265014               -100.0
  7.5                  9.1760913   1.863331425342e-06                  0.0                  0.0              -24.026  -30.215289606265017               -100.0
  7.5                  9.3010300   1.821674832858e-06                  0.0                  0.0              -18.565  -24.623289606265015               -100.0
  7.5                  9.4771213   1.701511585308e-06                  0.0                  0.0               -12.98  -18.853289606265015               -100.0
  7.5                  9.6020600   1.534885215372e-06                  0.0                  0.0              -10.085  -15.826289606265014               -100.0
  7.5                  9.6989700   1.323397899684e-06                  0.0                  0.0   -8.268999767841711  -13.906289606265014               -100.0
  7.5                  9.8750613    6.85731599352e-07                  0.0                  0.0   -5.619989216023836  -11.069289606265015               -100.0
  7.5                 10.0000000     1.3618501389e-07                  0.0                  0.0   -4.058896072053478   -9.373289606265015               -100.0
  7.5                 10.4771213    -7.1296860213e-07                  0.0                  0.0   1.0448604024695898   -3.554289606265014               -100.0
  7.5                 11.0000000    -8.0909920017e-07                  0.0                  0.0    4.991050670941703   0.8707103937349862               -100.0
  8.0                  7.0000000   3.105018316692e-06                  0.0                  0.0               -100.0               -100.0               -100.0
  8.0                  8.0000000   3.105018316692e-06                  0.0                  0.0               -100.0               -100.0               -100.0
  8.0                  8.3010300   3.105018316692e-06                  0.0                  0.0               -100.0               -100.0               -100.0
  8.0                  8.4771213   3.097007433522e-06                  0.0                  0.0               -100.0               -100.0               -100.0
  8.0                  8.6020600   3.097007433522e-06                  0.0                  0.0               -73.44   -80.21628960626502               -100.0
  8.0                  8.6989700   3.095405256888e-06                  0.0                  0.0              -59.201   -65.87928960626502               -100.0
  8.0                  8.7781513   3.093803080254e-06                  0.0                  0.0              -49.947  -56.545289606265015               -100.0
  8.0                  8.8450980   3.090598726986e-06                  0.0                  0.0              -43.149   -49.67828960626502               -100.0
  8.0                  8.9030900   3.088996550352e-06                  0.0                  0.0              -38.157  -44.627289606265016               -100.0
  8.0                  8.9542425   3.085792197084e-06                  0.0                  0.0              -34.154   -40.57128960626502               -100.0
  8.0                  9.0000000   3.082587843816e-06                  0.0                  0.0              -31.019  -37.390289606265014               -100.0
  8.0                  9.1760913   3.063361724208e-06                  0.0                  0.0              -21.509  -27.699289606265015               -100.0
  8.0                  9.3010300   3.034522544796e-06                  0.0                  0.0              -16.656  -22.715289606265017               -100.0
  8.0                  9.4771213   2.952811536462e-06                  0.0                  0.0              -11.667  -17.540289606265013               -100.0
  8.0                  9.6020600   2.839056995448e-06                  0.0                  0.0               -9.059  -14.799289606265013               -100.0
  8.0                  9.6989700   2.693258921754e-06                  0.0                  0.0   -7.406999968100469  -13.043289606265015               -100.0
  8.0                  9.8750613   2.199788518482e-06                  0.0                  0.0   -4.984997489368023  -10.434289606265015               -100.0
  8.0                 10.0000000    1.57814398449e-06                  0.0                  0.0   -3.604962951913061   -8.919289606265014               -100.0
  8.0                 10.4771213   -4.82255166834e-07                  0.0                  0.0   1.0685389906100322   -3.530289606265014               -100.0
  8.0                 11.0000000   -7.88270903928e-07                  0.0                  0.0    4.991050670941703   0.8707103937349862               -100.0
  8.5                  7.0000000   4.873821320628e-06                  0.0                  0.0               -100.0               -100.0               -100.0
  8.5                  8.0000000   4.873821320628e-06                  0.0                  0.0               -100.0               -100.0               -100.0
  8.5                  8.3010300   4.873821320628e-06                  0.0                  0.0               -100.0               -100.0               -100.0
  8.5                  8.4771213   4.873821320628e-06                  0.0                  0.0              -78.035   -84.97528960626502               -100.0
  8.5                  8.6020600    4.86260608419e-06                  0.0                  0.0              -59.548   -66.32428960626501               -100.0
  8.5                  8.6989700    4.86260608419e-06                  0.0                  0.0              -48.085   -54.76328960626502               -100.0
  8.5                  8.7781513   4.861003907556e-06                  0.0                  0.0              -40.681   -47.27928960626502               -100.0
  8.5                  8.8450980   4.859401730922e-06                  0.0                  0.0              -35.203   -41.73228960626501               -100.0
  8.5                  8.9030900   4.857799554288e-06                  0.0                  0.0              -31.201   -37.67228960626501               -100.0
  8.5                  8.9542425   4.856197377654e-06                  0.0                  0.0              -27.967   -34.38528960626501               -100.0
  8.5                  9.0000000   4.852993024386e-06                  0.0                  0.0              -25.449  -31.820289606265014               -100.0
  8.5                  9.1760913   4.840175611314e-06                  0.0                  0.0              -17.782  -23.972289606265015               -100.0
  8.5                  9.3010300   4.820949491706e-06                  0.0                  0.0              -13.846  -19.906289606265016               -100.0
  8.5                  9.4771213   4.764873309516e-06                  0.0                  0.0               -9.767  -15.640289606265014               -100.0
  8.5                  9.6020600   4.687968831084e-06                  0.0                  0.0               -7.605  -13.346289606265014               -100.0
  8.5                  9.6989700   4.588633879776e-06                  0.0                  0.0    -6.21499999794513  -11.852289606265014               -100.0
  8.5                  9.8750613   4.244165903466e-06                  0.0                  0.0   -4.127999650228728   -9.577289606265014               -100.0
  8.5                 10.0000000   3.771523796436e-06                  0.0                  0.0   -2.915992383060557   -8.230289606265014               -100.0
  8.5                 10.4771213    2.37122141832e-07                  0.0                  0.0    1.139700734643778   -3.458289606265014               -100.0
  8.5                 11.0000000   -7.24183838568e-07                  0.0                  0.0    4.993050554408554    0.872710393734986               -100.0
  9.0                  7.0000000    7.49017576395e-06                  0.0                  0.0               -100.0               -100.0               -100.0
  9.0                  8.0000000    7.49017576395e-06                  0.0                  0.0               -100.0               -100.0               -100.0
  9.0                  8.3010300    7.49017576395e-06                  0.0                  0.0              -73.976   -81.05628960626501               -100.0
  9.0                  8.4771213    7.49017576395e-06                  0.0                  0.0              -50.636  -57.539289606265015               -100.0
  9.0                  8.6020600    7.49017576395e-06                  0.0                  0.0              -38.885  -45.661289606265015               -100.0
  9.0                  8.6989700    7.49017576395e-06                  0.0                  0.0              -31.548   -38.22628960626501               -100.0
  9.0                  8.7781513    7.47415399761e-06                  0.0                  0.0               -26.98   -33.57828960626502               -100.0
  9.0                  8.8450980   7.472551820976e-06                  0.0                  0.0              -23.457  -29.987289606265016               -100.0
  9.0                  8.9030900   7.472551820976e-06                  0.0                  0.0              -20.922  -27.392289606265017               -100.0
  9.0                  8.9542425   7.470949644342e-06                  0.0                  0.0               -18.84  -25.236289606265014               -100.0
  9.0                  9.0000000   7.469347467708e-06                  0.0                  0.0              -17.233  -23.598289606265016               -100.0
  9.0                  9.1760913   7.459734407904e-06                  0.0                  0.0              -12.299  -18.483289606265014               -100.0
  9.0                  9.3010300   7.446916994832e-06                  0.0                  0.0               -9.726  -15.780289606265013               -100.0
  9.0                  9.4771213   7.408464755616e-06                  0.0                  0.0               -7.004  -12.873289606265015               -100.0
  9.0                  9.6020600   7.355592926694e-06                  0.0                  0.0               -5.516  -11.252289606265014               -100.0
  9.0                  9.6989700   7.288301508066e-06                  0.0                  0.0   -4.523999999958141  -10.157289606265014               -100.0
  9.0                  9.8750613   7.052781542868e-06                  0.0                  0.0  -2.9549999765153387   -8.401289606265014               -100.0
  9.0                 10.0000000   6.724335332898e-06                  0.0                  0.0  -1.9899990947180555  -7.3032896062650146               -100.0
  9.0                 10.4771213   2.345586592176e-06                  0.0                  0.0   1.3467489400265786   -3.247289606265014               -100.0
  9.0                 11.0000000   -5.17503052782e-07                  0.0                  0.0    4.999050090949678   0.8797103937349857               -100.0
  9.5                  7.0000000  1.1345012745354e-05                  0.0                  0.0               -100.0               -100.0               -100.0
  9.5                  8.0000000  1.1345012745354e-05                  0.0                  0.0               -100.0               -100.0               -100.0
  9.5                  8.3010300  1.1345012745354e-05                  0.0                  0.0               -17.45  -23.909289606265016               -100.0
  9.5                  8.4771213  1.1345012745354e-05                  0.0                  0.0              -13.343  -19.781289606265016               -100.0
  9.5                  8.6020600  1.1345012745354e-05                  0.0                  0.0              -11.251  -17.651289606265014               -100.0
  9.5                  8.6989700  1.1345012745354e-05                  0.0                  0.0               -9.935  -16.282289606265014               -100.0
  9.5                  8.7781513  1.1345012745354e-05                  0.0                  0.0               -8.997  -15.289289606265013               -100.0
  9.5                  8.8450980  1.1345012745354e-05                  0.0                  0.0               -8.278  -14.520289606265013               -100.0
  9.5                  8.9030900  1.1320980095844e-05                  0.0                  0.0               -7.748  -13.955289606265014               -100.0
  9.5                  8.9542425   1.131937791921e-05                  0.0                  0.0               -7.273  -13.442289606265014               -100.0
  9.5                  9.0000000   1.131937791921e-05                  0.0                  0.0               -6.873  -13.006289606265014               -100.0
  9.5                  9.1760913  1.1312969212674e-05                  0.0                  0.0               -5.506  -11.486289606265014               -100.0
  9.5                  9.3010300   1.130335615287e-05                  0.0                  0.0               -4.651  -10.517289606265015               -100.0
  9.5                  9.4771213  1.1277721326726e-05                  0.0                  0.0               -3.559   -9.281289606265014               -100.0
  9.5                  9.6020600  1.1242473440778e-05                  0.0                  0.0               -2.839   -8.469289606265015               -100.0
  9.5                  9.6989700  1.1196010318392e-05                  0.0                  0.0    -2.29999999999975   -7.860289606265014               -100.0
  9.5                  9.8750613  1.1034190478358e-05                  0.0                  0.0  -1.3629999993991246   -6.781289606265014               -100.0
  9.5                 10.0000000  1.0809885749598e-05                  0.0                  0.0  -0.7389999492092898   -6.038289606265014               -100.0
  9.5                 10.4771213   6.967866181266e-06                  0.0                  0.0   1.7884423243964171   -2.798289606265014               -100.0
  9.5                 11.0000000    1.32980660622e-07                  0.0                  0.0    5.019048725908813   0.8997103937349861               -100.0
 10.0                  7.0000000  1.7013513676446e-05                  0.0                  0.0                0.146   -5.535289606265014               -100.0
 10.0                  8.0000000  1.7013513676446e-05                  0.0                  0.0                0.146   -5.534289606265014               -100.0
 10.0                  8.3010300  1.7013513676446e-05                  0.0                  0.0  0.14700000000000002   -5.533289606265014               -100.0
 10.0                  8.4771213  1.7013513676446e-05                  0.0                  0.0  0.14700000000000002   -5.532289606265014               -100.0
 10.0                  8.6020600  1.7013513676446e-05                  0.0                  0.0                0.149   -5.533289606265014               -100.0
 10.0                  8.6989700  1.7013513676446e-05                  0.0                  0.0  0.23499999999999996   -5.528289606265014               -100.0
 10.0                  8.7781513  1.7013513676446e-05                  0.0                  0.0  0.15100000000000002   -5.525289606265014               -100.0
 10.0                  8.8450980  1.7013513676446e-05                  0.0                  0.0  0.15300000000000002   -5.522289606265014               -100.0
 10.0                  8.9030900  1.7013513676446e-05                  0.0                  0.0  0.15500000000000003   -5.518289606265014               -100.0
 10.0                  8.9542425  1.7013513676446e-05                  0.0                  0.0                0.158  -5.5132896062650145               -100.0
 10.0                  9.0000000  1.7013513676446e-05                  0.0                  0.0  0.15999999999999998   -5.509289606265014               -100.0
 10.0                  9.1760913  1.6971857083962e-05                  0.0                  0.0                0.158   -5.503289606265014               -100.0
 10.0                  9.3010300  1.6965448377426e-05                  0.0                  0.0  0.18100000000000002   -5.462289606265014               -100.0
 10.0                  9.4771213  1.6949426611086e-05                  0.0                  0.0  0.24500000000000002   -5.347289606265014               -100.0
 10.0                  9.6020600  1.6923791784942e-05                  0.0                  0.0  0.32799999999999996   -5.205289606265014               -100.0
 10.0                  9.6989700  1.6891748252262e-05                  0.0                  0.0  0.42000000000000043   -5.052289606265014               -100.0
 10.0                  9.8750613   1.678280024115e-05                  0.0                  0.0   0.6570000000057382   -4.685289606265014               -100.0
 10.0                 10.0000000  1.6628991284286e-05                  0.0                  0.0   0.8770000012296579   -4.362289606265014               -100.0
 10.0                 10.4771213  1.3855623530832e-05                  0.0                  0.0    2.402360250152867   -2.172289606265014               -100.0
 10.0                 11.0000000   2.161336279266e-06                  0.0                  0.0   5.0810443365752045   0.9617103937349855               -100.0
 10.5                  7.0000000  2.5341627819978e-05                  0.0                  0.0                2.332   -2.750289606265014               -100.0
 10.5                  8.0000000  2.5341627819978e-05                  0.0                  0.0                2.332  -2.7492896062650143               -100.0
 10.5                  8.3010300  2.5341627819978e-05                  0.0                  0.0                2.332   -2.751289606265014               -100.0
 10.5                  8.4771213  2.5341627819978e-05                  0.0                  0.0                2.332  -2.7452896062650143               -100.0
 10.5                  8.6020600  2.5341627819978e-05                  0.0                  0.0                2.335  -2.7452896062650143               -100.0
 10.5                  8.6989700  2.5341627819978e-05                  0.0                  0.0                2.335  -2.7452896062650143               -100.0
 10.5                  8.7781513  2.5341627819978e-05                  0.0                  0.0                2.336  -2.7452896062650143               -100.0
 10.5                  8.8450980  2.5341627819978e-05                  0.0                  0.0                2.336   -2.744289606265014               -100.0
 10.5                  8.9030900  2.5341627819978e-05                  0.0                  0.0                2.336   -2.744289606265014               -100.0
 10.5                  8.9542425  2.5341627819978e-05                  0.0                  0.0                2.336   -2.744289606265014               -100.0
 10.5                  9.0000000  2.5341627819978e-05                  0.0                  0.0                2.336   -2.743289606265014               -100.0
 10.5                  9.1760913  2.5341627819978e-05                  0.0                  0.0                2.338   -2.740289606265014               -100.0
 10.5                  9.3010300  2.5277540754618e-05                  0.0                  0.0                2.331   -2.748289606265014               -100.0
 10.5                  9.4771213   2.526632551818e-05                  0.0                  0.0                2.336   -2.739289606265014               -100.0
 10.5                  9.6020600  2.5248701575206e-05                  0.0                  0.0                2.345   -2.724289606265014               -100.0
 10.5                  9.6989700  2.5227873278964e-05                  0.0                  0.0                2.355  -2.7052896062650142               -100.0
 10.5                  9.8750613  2.5152570977166e-05                  0.0                  0.0   2.3910000000001057   -2.643289606265014               -100.0
 10.5                 10.0000000  2.5048429495956e-05                  0.0                  0.0   2.4340000000341027  -2.5682896062650142               -100.0
 10.5                 10.4771213  2.3137032771594e-05                  0.0                  0.0    3.141066183726864  -1.4142896062650139               -100.0
 10.5                 11.0000000   8.244800958564e-06                  0.0                  0.0    5.263032943356004   1.1477103937349855               -100.0
 11.0                  7.0000000  3.7569439890666e-05                  0.0                  0.0                3.623  -1.1172896062650144               -100.0
 11.0                  8.0000000  3.7569439890666e-05                  0.0                  0.0                3.623  -1.1162896062650138               -100.0
 11.0                  8.3010300  3.7569439890666e-05                  0.0                  0.0                3.623  -1.1162896062650138               -100.0
 11.0                  8.4771213  3.7569439890666e-05                  0.0                  0.0                3.623  -1.1162896062650138               -100.0
 11.0                  8.6020600  3.7569439890666e-05                  0.0                  0.0                3.624  -1.1162896062650138               -100.0
 11.0                  8.6989700  3.7569439890666e-05                  0.0                  0.0                3.624  -1.1162896062650138               -100.0
 11.0                  8.7781513  3.7569439890666e-05                  0.0                  0.0                3.624  -1.1162896062650138               -100.0
 11.0                  8.8450980  3.7569439890666e-05                  0.0                  0.0                 3.62  -1.1122896062650143               -100.0
 11.0                  8.9030900  3.7569439890666e-05                  0.0                  0.0                 3.62  -1.1122896062650143               -100.0
 11.0                  8.9542425  3.7569439890666e-05                  0.0                  0.0                 3.62  -1.1172896062650144               -100.0
 11.0                  9.0000000  3.7569439890666e-05                  0.0                  0.0                 3.62  -1.1172896062650144               -100.0
 11.0                  9.1760913  3.7569439890666e-05                  0.0                  0.0                3.627  -1.1162896062650138               -100.0
 11.0                  9.3010300  3.7569439890666e-05                  0.0                  0.0                3.626  -1.1132896062650137               -100.0
 11.0                  9.4771213  3.7470104939358e-05                  0.0                  0.0                3.621  -1.1212896062650137               -100.0
 11.0                  9.6020600   3.745888970292e-05                  0.0                  0.0                3.624  -1.1172896062650144               -100.0
 11.0                  9.6989700  3.7444470113214e-05                  0.0                  0.0                3.627   -1.111289606265014               -100.0
 11.0                  9.8750613  3.7393200460926e-05                  0.0                  0.0    3.639000000000006  -1.0922896062650138               -100.0
 11.0                 10.0000000  3.7321102512396e-05                  0.0                  0.0   3.6540000000020547  -1.0682896062650138               -100.0
 11.0                 10.4771213  3.6015328555686e-05                  0.0                  0.0   3.9850094793721076  -0.5132896062650142               -100.0
 11.0                 11.0000000  2.2412848933026e-05                  0.0                  0.0    5.672015162706548   1.5707103937349856               -100.0
 11.5                  7.0000000  5.5520226898002e-05                  0.0                  0.0                 4.68   0.1967103937349858               -100.0
 11.5                  8.0000000  5.5520226898002e-05                  0.0                  0.0                4.681   0.1967103937349858               -100.0
 11.5                  8.3010300  5.5520226898002e-05                  0.0                  0.0                 4.68   0.1967103937349858               -100.0
 11.5                  8.4771213  5.5520226898002e-05                  0.0                  0.0                4.681   0.1967103937349858               -100.0
 11.5                  8.6020600  5.5520226898002e-05                  0.0                  0.0                4.681   0.1967103937349858               -100.0
 11.5                  8.6989700  5.5520226898002e-05                  0.0                  0.0                4.681   0.1967103937349858               -100.0
 11.5                  8.7781513  5.5520226898002e-05                  0.0                  0.0                4.681   0.1967103937349858               -100.0
 11.5                  8.8450980  5.5520226898002e-05                  0.0                  0.0                 4.68   0.1967103937349858               -100.0
 11.5                  8.9030900  5.5520226898002e-05                  0.0                  0.0                4.681   0.1967103937349858               -100.0
 11.5                  8.9542425  5.5520226898002e-05                  0.0                  0.0                4.681   0.1967103937349858               -100.0
 11.5                  9.0000000  5.5520226898002e-05                  0.0                  0.0                4.681   0.1967103937349858               -100.0
 11.5                  9.1760913  5.5520226898002e-05                  0.0                  0.0                4.681  0.19771039373498622               -100.0
 11.5                  9.3010300  5.5520226898002e-05                  0.0                  0.0                4.681  0.19771039373498622               -100.0
 11.5                  9.4771213  5.5520226898002e-05                  0.0                  0.0                4.683   0.1997103937349859               -100.0
 11.5                  9.6020600   5.537122447104e-05                  0.0                  0.0                4.677  0.19371039373498572               -100.0
 11.5                  9.6989700  5.5361611411236e-05                  0.0                  0.0                4.679   0.1957103937349855               -100.0
 11.5                  9.8750613  5.5326363525288e-05                  0.0                  0.0    4.686000000000001  0.20471039373498584               -100.0
 11.5                 10.0000000  5.5278298226268e-05                  0.0                  0.0    4.693000000000188    0.215710393734986               -100.0
 11.5                 10.4771213  5.4387488017764e-05                  0.0                  0.0   4.8720012296561785  0.49671039373498566               -100.0
 11.5                 11.0000000   4.442034717765e-05                  0.0                  0.0    6.255004303107143   2.1877103937349855               -100.0
