!72zn -> 72ga, beta-decay
!Q=-0.443 MeV
!
!Log(rhoY)            Log(temp)            mu                   dQ                   Vs                   Log(beta-decay-rate) Log(nu-energy-loss)  Log(gamma-energy)   
!Log(g/cm^3)          Log(K)               erg                  erg                  erg                  Log(1/s)             Log(erg/s)           Log(erg/s)          
  1.0                  7.0000000     -4.806529902e-09                  0.0                  0.0               -5.368  -11.852289606265014               -100.0
  1.0                  8.0000000    -9.2926244772e-08                  0.0                  0.0               -5.368  -11.852289606265014               -100.0
  1.0                  8.3010300   -2.14691668956e-07                  0.0                  0.0               -5.368  -11.852289606265014               -100.0
  1.0                  8.4771213   -3.49274506212e-07                  0.0                  0.0   -5.367999999999999  -11.852289606265014               -100.0
  1.0                  8.6020600   -4.91868226638e-07                  0.0                  0.0    -5.36799999992418  -11.852289606265014               -100.0
  1.0                  8.6989700   -6.39268476966e-07                  0.0                  0.0    -5.36799992658509  -11.851289606265015               -100.0
  1.0                  8.7781513   -7.65840431052e-07                  0.0                  0.0   -5.367993963554373  -11.851289606265015               -100.0
  1.0                  8.8450980   -8.05894846902e-07                  0.0                  0.0   -5.367938233438144  -11.850289606265013               -100.0
  1.0                  8.9030900   -8.15507906706e-07                  0.0                  0.0   -5.365726065118503  -11.844289606265015               -100.0
  1.0                  8.9542425    -8.1711008334e-07                  0.0                  0.0   -5.362142260577717  -11.828289606265015               -100.0
  1.0                  9.0000000   -8.18712259974e-07                  0.0                  0.0   -5.352853599952508  -11.796289606265015               -100.0
  1.0                  9.1760913   -8.18712259974e-07                  0.0                  0.0   -5.096702694671414  -11.125289606265014               -100.0
  1.0                  9.3010300   -8.18712259974e-07                  0.0                  0.0   -4.276835649704562  -10.029289606265014               -100.0
  1.0                  9.4771213   -8.18712259974e-07                  0.0                  0.0  -2.9200198982727135   -8.605289606265014               -100.0
  1.0                  9.6020600   -8.18712259974e-07                  0.0                  0.0  -2.1087664408676177   -7.744289606265014               -100.0
  1.0                  9.6989700   -8.18712259974e-07                  0.0                  0.0  -1.5470026113658977  -7.1142896062650145               -100.0
  1.0                  9.8750613   -8.18712259974e-07                  0.0                  0.0  -0.6717868485634955  -6.0212896062650145               -100.0
  1.0                 10.0000000   -8.18712259974e-07                  0.0                  0.0 -0.19597415968968104   -5.345289606265014               -100.0
  1.0                 10.4771213   -8.18712259974e-07                  0.0                  0.0   1.3798172889040843   -3.357289606265014               -100.0
  1.0                 11.0000000   -8.18712259974e-07                  0.0                  0.0    4.538001029873294    0.343710393734986               -100.0
  1.5                  7.0000000     -3.204353268e-09                  0.0                  0.0               -5.368  -11.852289606265014               -100.0
  1.5                  8.0000000    -7.6904478432e-08                  0.0                  0.0               -5.368  -11.852289606265014               -100.0
  1.5                  8.3010300    -1.8425031291e-07                  0.0                  0.0               -5.368  -11.852289606265014               -100.0
  1.5                  8.4771213   -3.01209207192e-07                  0.0                  0.0               -5.368  -11.852289606265014               -100.0
  1.5                  8.6020600   -4.27781161278e-07                  0.0                  0.0   -5.367999999976024  -11.852289606265014               -100.0
  1.5                  8.6989700   -5.59159645266e-07                  0.0                  0.0   -5.367999976677006  -11.852289606265014               -100.0
  1.5                  8.7781513   -6.92140305888e-07                  0.0                  0.0   -5.367997489368023  -11.851289606265015               -100.0
  1.5                  8.8450980   -7.80260020758e-07                  0.0                  0.0   -5.367952928203319  -11.850289606265013               -100.0
  1.5                  8.9030900   -8.05894846902e-07                  0.0                  0.0   -5.365746103124338  -11.844289606265015               -100.0
  1.5                  8.9542425   -8.13905730072e-07                  0.0                  0.0   -5.362165613917525  -11.828289606265015               -100.0
  1.5                  9.0000000   -8.15507906706e-07                  0.0                  0.0   -5.352878109667301  -11.796289606265015               -100.0
  1.5                  9.1760913   -8.18712259974e-07                  0.0                  0.0   -5.096759218432518  -11.125289606265014               -100.0
  1.5                  9.3010300   -8.18712259974e-07                  0.0                  0.0   -4.276835649704562  -10.029289606265014               -100.0
  1.5                  9.4771213   -8.18712259974e-07                  0.0                  0.0  -2.9200198982727135   -8.605289606265014               -100.0
  1.5                  9.6020600   -8.18712259974e-07                  0.0                  0.0  -2.1087664408676177   -7.744289606265014               -100.0
  1.5                  9.6989700   -8.18712259974e-07                  0.0                  0.0  -1.5470026113658977  -7.1142896062650145               -100.0
  1.5                  9.8750613   -8.18712259974e-07                  0.0                  0.0  -0.6717868485634955  -6.0212896062650145               -100.0
  1.5                 10.0000000   -8.18712259974e-07                  0.0                  0.0 -0.19597415968968104   -5.345289606265014               -100.0
  1.5                 10.4771213   -8.18712259974e-07                  0.0                  0.0   1.3798172889040843   -3.357289606265014               -100.0
  1.5                 11.0000000   -8.18712259974e-07                  0.0                  0.0    4.538001029873294    0.343710393734986               -100.0
  2.0                  7.0000000     -1.602176634e-09                  0.0                  0.0               -5.369  -11.853289606265013               -100.0
  2.0                  8.0000000    -6.0882712092e-08                  0.0                  0.0               -5.368  -11.852289606265014               -100.0
  2.0                  8.3010300    -1.5220678023e-07                  0.0                  0.0               -5.368  -11.852289606265014               -100.0
  2.0                  8.4771213   -2.53143908172e-07                  0.0                  0.0               -5.368  -11.852289606265014               -100.0
  2.0                  8.6020600   -3.63694095918e-07                  0.0                  0.0    -5.36799999999247  -11.852289606265014               -100.0
  2.0                  8.6989700     -4.806529902e-07                  0.0                  0.0   -5.367999992624622  -11.852289606265014               -100.0
  2.0                  8.7781513    -6.0081623775e-07                  0.0                  0.0   -5.367999170562061  -11.851289606265015               -100.0
  2.0                  8.8450980   -7.14570778764e-07                  0.0                  0.0   -5.367976079384463  -11.850289606265013               -100.0
  2.0                  8.9030900   -7.80260020758e-07                  0.0                  0.0   -5.365800159095351  -11.845289606265014               -100.0
  2.0                  8.9542425   -8.02690493634e-07                  0.0                  0.0   -5.362235456881505  -11.829289606265014               -100.0
  2.0                  9.0000000   -8.10701376804e-07                  0.0                  0.0   -5.352954680071137  -11.797289606265014               -100.0
  2.0                  9.1760913   -8.18712259974e-07                  0.0                  0.0   -5.096815619524782  -11.125289606265014               -100.0
  2.0                  9.3010300   -8.18712259974e-07                  0.0                  0.0   -4.276835649704562  -10.029289606265014               -100.0
  2.0                  9.4771213   -8.18712259974e-07                  0.0                  0.0   -2.920049310959654   -8.605289606265014               -100.0
  2.0                  9.6020600   -8.18712259974e-07                  0.0                  0.0  -2.1087664408676177   -7.744289606265014               -100.0
  2.0                  9.6989700   -8.18712259974e-07                  0.0                  0.0  -1.5470026113658977  -7.1142896062650145               -100.0
  2.0                  9.8750613   -8.18712259974e-07                  0.0                  0.0  -0.6717868485634955  -6.0212896062650145               -100.0
  2.0                 10.0000000   -8.18712259974e-07                  0.0                  0.0 -0.19597415968968104   -5.345289606265014               -100.0
  2.0                 10.4771213   -8.18712259974e-07                  0.0                  0.0   1.3798172889040843   -3.357289606265014               -100.0
  2.0                 11.0000000   -8.18712259974e-07                  0.0                  0.0    4.538001029873294    0.343710393734986               -100.0
  2.5                  7.0000000      1.602176634e-09                  0.0                  0.0               -5.371  -11.856289606265014               -100.0
  2.5                  8.0000000    -4.4860945752e-08                  0.0                  0.0               -5.369  -11.853289606265013               -100.0
  2.5                  8.3010300    -1.2016324755e-07                  0.0                  0.0               -5.369  -11.852289606265014               -100.0
  2.5                  8.4771213   -2.06680785786e-07                  0.0                  0.0               -5.369  -11.852289606265014               -100.0
  2.5                  8.6020600   -3.01209207192e-07                  0.0                  0.0   -5.367999999997603  -11.852289606265014               -100.0
  2.5                  8.6989700     -4.005441585e-07                  0.0                  0.0   -5.367999997667701  -11.852289606265014               -100.0
  2.5                  8.7781513   -5.06287816344e-07                  0.0                  0.0   -5.367999738311776  -11.852289606265014               -100.0
  2.5                  8.8450980   -6.13633650822e-07                  0.0                  0.0   -5.367991570921533  -11.850289606265013               -100.0
  2.5                  8.9030900   -7.11366425496e-07                  0.0                  0.0   -5.365892667648555  -11.845289606265014               -100.0
  2.5                  8.9542425    -7.6904478432e-07                  0.0                  0.0   -5.362414547651823  -11.830289606265014               -100.0
  2.5                  9.0000000   -7.94679610464e-07                  0.0                  0.0   -5.353185000559356  -11.798289606265014               -100.0
  2.5                  9.1760913   -8.15507906706e-07                  0.0                  0.0   -5.096984089289708  -11.125289606265014               -100.0
  2.5                  9.3010300   -8.18712259974e-07                  0.0                  0.0   -4.276885350185998  -10.029289606265014               -100.0
  2.5                  9.4771213   -8.18712259974e-07                  0.0                  0.0   -2.920049310959654   -8.605289606265014               -100.0
  2.5                  9.6020600   -8.18712259974e-07                  0.0                  0.0  -2.1087664408676177   -7.744289606265014               -100.0
  2.5                  9.6989700   -8.18712259974e-07                  0.0                  0.0  -1.5470026113658977  -7.1142896062650145               -100.0
  2.5                  9.8750613   -8.18712259974e-07                  0.0                  0.0  -0.6717868485634955  -6.0212896062650145               -100.0
  2.5                 10.0000000   -8.18712259974e-07                  0.0                  0.0 -0.19597415968968104   -5.345289606265014               -100.0
  2.5                 10.4771213   -8.18712259974e-07                  0.0                  0.0   1.3798172889040843   -3.357289606265014               -100.0
  2.5                 11.0000000   -8.18712259974e-07                  0.0                  0.0    4.538001029873294    0.343710393734986               -100.0
  3.0                  7.0000000      3.204353268e-09                  0.0                  0.0               -5.376  -11.862289606265014               -100.0
  3.0                  8.0000000    -2.8839179412e-08                  0.0                  0.0               -5.371  -11.856289606265014               -100.0
  3.0                  8.3010300     -8.811971487e-08                  0.0                  0.0                -5.37  -11.854289606265015               -100.0
  3.0                  8.4771213   -1.58615486766e-07                  0.0                  0.0                -5.37  -11.854289606265015               -100.0
  3.0                  8.6020600   -2.37122141832e-07                  0.0                  0.0   -5.368999999999243  -11.853289606265013               -100.0
  3.0                  8.6989700     -3.204353268e-07                  0.0                  0.0   -5.368999999262462  -11.853289606265013               -100.0
  3.0                  8.7781513   -4.10157218304e-07                  0.0                  0.0   -5.368999916673284  -11.852289606265014               -100.0
  3.0                  8.8450980   -5.03083463076e-07                  0.0                  0.0   -5.367997303608416  -11.851289606265015               -100.0
  3.0                  8.9030900   -5.99214061116e-07                  0.0                  0.0   -5.366961295188317  -11.846289606265014               -100.0
  3.0                  8.9542425   -6.85731599352e-07                  0.0                  0.0   -5.362703082466587  -11.833289606265014               -100.0
  3.0                  9.0000000   -7.46614311444e-07                  0.0                  0.0  -5.3547289909239835  -11.803289606265015               -100.0
  3.0                  9.1760913   -8.10701376804e-07                  0.0                  0.0   -5.097592493975294  -11.127289606265014               -100.0
  3.0                  9.3010300    -8.1711008334e-07                  0.0                  0.0     -4.2769844254564  -10.029289606265014               -100.0
  3.0                  9.4771213   -8.18712259974e-07                  0.0                  0.0   -2.920049310959654   -8.605289606265014               -100.0
  3.0                  9.6020600   -8.18712259974e-07                  0.0                  0.0  -2.1087664408676177   -7.744289606265014               -100.0
  3.0                  9.6989700   -8.18712259974e-07                  0.0                  0.0  -1.5470026113658977  -7.1142896062650145               -100.0
  3.0                  9.8750613   -8.18712259974e-07                  0.0                  0.0  -0.6717868485634955  -6.0212896062650145               -100.0
  3.0                 10.0000000   -8.18712259974e-07                  0.0                  0.0 -0.19597415968968104   -5.345289606265014               -100.0
  3.0                 10.4771213   -8.18712259974e-07                  0.0                  0.0   1.3798172889040843   -3.357289606265014               -100.0
  3.0                 11.0000000   -8.18712259974e-07                  0.0                  0.0    4.538001029873294    0.343710393734986               -100.0
  3.5                  7.0000000       8.01088317e-09                  0.0                  0.0               -5.386  -11.877289606265014               -100.0
  3.5                  8.0000000    -1.1215236438e-08                  0.0                  0.0               -5.378  -11.865289606265014               -100.0
  3.5                  8.3010300    -5.4474005556e-08                  0.0                  0.0               -5.375  -11.861289606265014               -100.0
  3.5                  8.4771213   -1.10550187746e-07                  0.0                  0.0               -5.373  -11.858289606265014               -100.0
  3.5                  8.6020600   -1.73035076472e-07                  0.0                  0.0   -5.371999999999761  -11.857289606265015               -100.0
  3.5                  8.6989700     -2.403264951e-07                  0.0                  0.0    -5.37199999976677  -11.856289606265014               -100.0
  3.5                  8.7781513   -3.14026620264e-07                  0.0                  0.0   -5.370999973649777  -11.855289606265014               -100.0
  3.5                  8.8450980    -3.9253327533e-07                  0.0                  0.0   -5.369999145358684  -11.853289606265013               -100.0
  3.5                  8.9030900    -4.7264210703e-07                  0.0                  0.0  -5.3679874749909375  -11.848289606265014               -100.0
  3.5                  8.9542425   -5.55955291998e-07                  0.0                  0.0   -5.363894383565515  -11.835289606265015               -100.0
  3.5                  9.0000000   -6.36064123698e-07                  0.0                  0.0   -5.356425226293505  -11.809289606265015               -100.0
  3.5                  9.1760913   -7.94679610464e-07                  0.0                  0.0   -5.099434107692878  -11.132289606265013               -100.0
  3.5                  9.3010300   -8.12303553438e-07                  0.0                  0.0   -4.277376416851514  -10.030289606265015               -100.0
  3.5                  9.4771213    -8.1711008334e-07                  0.0                  0.0    -2.92007865798454   -8.605289606265014               -100.0
  3.5                  9.6020600    -8.1711008334e-07                  0.0                  0.0   -2.108818475507571   -7.744289606265014               -100.0
  3.5                  9.6989700   -8.18712259974e-07                  0.0                  0.0  -1.5470026113658977  -7.1142896062650145               -100.0
  3.5                  9.8750613   -8.18712259974e-07                  0.0                  0.0  -0.6717868485634955  -6.0212896062650145               -100.0
  3.5                 10.0000000   -8.18712259974e-07                  0.0                  0.0 -0.19597415968968104   -5.345289606265014               -100.0
  3.5                 10.4771213   -8.18712259974e-07                  0.0                  0.0   1.3798172889040843   -3.357289606265014               -100.0
  3.5                 11.0000000   -8.18712259974e-07                  0.0                  0.0    4.538001029873294    0.343710393734986               -100.0
  4.0                  7.0000000     1.9226119608e-08                  0.0                  0.0               -5.409  -11.909289606265014               -100.0
  4.0                  8.0000000       8.01088317e-09                  0.0                  0.0               -5.397  -11.892289606265015               -100.0
  4.0                  8.3010300    -2.0828296242e-08                  0.0                  0.0               -5.389  -11.880289606265015               -100.0
  4.0                  8.4771213    -6.0882712092e-08                  0.0                  0.0               -5.385  -11.873289606265015               -100.0
  4.0                  8.6020600   -1.07345834478e-07                  0.0                  0.0   -5.381999999999925  -11.869289606265014               -100.0
  4.0                  8.6989700     -1.602176634e-07                  0.0                  0.0   -5.378999999926753  -11.866289606265013               -100.0
  4.0                  8.7781513   -2.17896022224e-07                  0.0                  0.0   -5.377999991667328  -11.863289606265013               -100.0
  4.0                  8.8450980    -2.8038091095e-07                  0.0                  0.0   -5.375999729115487  -11.860289606265015               -100.0
  4.0                  8.9030900   -3.46070152944e-07                  0.0                  0.0   -5.372996030074779  -11.854289606265015               -100.0
  4.0                  8.9542425   -4.13361571572e-07                  0.0                  0.0   -5.368965977415616  -11.842289606265014               -100.0
  4.0                  9.0000000   -4.85459520102e-07                  0.0                  0.0  -5.3598047070070844  -11.816289606265014               -100.0
  4.0                  9.1760913   -7.43409958176e-07                  0.0                  0.0   -5.105182566866239  -11.147289606265014               -100.0
  4.0                  9.3010300   -7.96281787098e-07                  0.0                  0.0   -4.278465847542753  -10.032289606265014               -100.0
  4.0                  9.4771213   -8.12303553438e-07                  0.0                  0.0  -2.9211663065070708   -8.606289606265014               -100.0
  4.0                  9.6020600   -8.15507906706e-07                  0.0                  0.0  -2.1088703966849134   -7.744289606265014               -100.0
  4.0                  9.6989700    -8.1711008334e-07                  0.0                  0.0  -1.5471050712679213  -7.1142896062650145               -100.0
  4.0                  9.8750613   -8.18712259974e-07                  0.0                  0.0  -0.6717868485634955  -6.0212896062650145               -100.0
  4.0                 10.0000000   -8.18712259974e-07                  0.0                  0.0 -0.19597415968968104   -5.345289606265014               -100.0
  4.0                 10.4771213   -8.18712259974e-07                  0.0                  0.0   1.3798172889040843   -3.357289606265014               -100.0
  4.0                 11.0000000   -8.18712259974e-07                  0.0                  0.0    4.538001029873294    0.343710393734986               -100.0
  4.5                  7.0000000      4.005441585e-08                  0.0                  0.0               -5.457  -11.977289606265014               -100.0
  4.5                  8.0000000     3.5247885948e-08                  0.0                  0.0               -5.446  -11.959289606265013               -100.0
  4.5                  8.3010300     1.9226119608e-08                  0.0                  0.0                -5.43  -11.935289606265014               -100.0
  4.5                  8.4771213     -6.408706536e-09                  0.0                  0.0               -5.419  -11.917289606265014               -100.0
  4.5                  8.6020600    -3.8452239216e-08                  0.0                  0.0   -5.409999999999977  -11.905289606265015               -100.0
  4.5                  8.6989700    -7.5302301798e-08                  0.0                  0.0    -5.40399999997705  -11.896289606265015               -100.0
  4.5                  8.7781513   -1.18561070916e-07                  0.0                  0.0   -5.398999997364978  -11.889289606265015               -100.0
  4.5                  8.8450980   -1.65024193302e-07                  0.0                  0.0   -5.393999913943383  -11.882289606265013               -100.0
  4.5                  8.9030900   -2.14691668956e-07                  0.0                  0.0   -5.388998732979395  -11.873289606265015               -100.0
  4.5                  8.9542425   -2.67563497878e-07                  0.0                  0.0   -5.382989141273818  -11.857289606265015               -100.0
  4.5                  9.0000000   -3.23639680068e-07                  0.0                  0.0   -5.372937085195197  -11.831289606265013               -100.0
  4.5                  9.1760913   -6.12031474188e-07                  0.0                  0.0   -5.117384591559858  -11.175289606265014               -100.0
  4.5                  9.3010300   -7.48216488078e-07                  0.0                  0.0   -4.282619389621558  -10.038289606265014               -100.0
  4.5                  9.4771213      -8.01088317e-07                  0.0                  0.0  -2.9215393954720077   -8.606289606265014               -100.0
  4.5                  9.6020600   -8.10701376804e-07                  0.0                  0.0  -2.1090769514395498   -7.745289606265014               -100.0
  4.5                  9.6989700   -8.13905730072e-07                  0.0                  0.0  -1.5473093567902911   -7.115289606265014               -100.0
  4.5                  9.8750613    -8.1711008334e-07                  0.0                  0.0  -0.6721092880005497  -6.0212896062650145               -100.0
  4.5                 10.0000000    -8.1711008334e-07                  0.0                  0.0 -0.19597415968968104   -5.345289606265014               -100.0
  4.5                 10.4771213   -8.18712259974e-07                  0.0                  0.0   1.3798172889040843   -3.357289606265014               -100.0
  4.5                 11.0000000   -8.18712259974e-07                  0.0                  0.0    4.538001029873294    0.343710393734986               -100.0
  5.0                  7.0000000     8.4915361602e-08                  0.0                  0.0               -5.568  -12.132289606265013               -100.0
  5.0                  8.0000000     8.3313184968e-08                  0.0                  0.0               -5.559  -12.116289606265013               -100.0
  5.0                  8.3010300     7.5302301798e-08                  0.0                  0.0               -5.538  -12.081289606265013               -100.0
  5.0                  8.4771213     6.0882712092e-08                  0.0                  0.0               -5.515  -12.043289606265015               -100.0
  5.0                  8.6020600     4.1656592484e-08                  0.0                  0.0  -5.4939999999999936  -12.012289606265014               -100.0
  5.0                  8.6989700     1.7623942974e-08                  0.0                  0.0   -5.475999999993021  -11.986289606265014               -100.0
  5.0                  8.7781513    -1.1215236438e-08                  0.0                  0.0   -5.461999999170561  -11.966289606265015               -100.0
  5.0                  8.8450980    -4.3258769118e-08                  0.0                  0.0   -5.449999972407929  -11.948289606265014               -100.0
  5.0                  8.9030900    -7.8506655066e-08                  0.0                  0.0   -5.437999590942738  -11.930289606265013               -100.0
  5.0                  8.9542425   -1.15356717648e-07                  0.0                  0.0   -5.425996478055156  -11.907289606265014               -100.0
  5.0                  9.0000000   -1.57013310132e-07                  0.0                  0.0   -5.409979593237603  -11.872289606265014               -100.0
  5.0                  9.1760913   -3.94135451964e-07                  0.0                  0.0    -5.13749224499228  -11.203289606265015               -100.0
  5.0                  9.3010300   -6.13633650822e-07                  0.0                  0.0   -4.291176657514917  -10.051289606265014               -100.0
  5.0                  9.4771213   -7.62636077784e-07                  0.0                  0.0  -2.9226215613904873   -8.610289606265015               -100.0
  5.0                  9.6020600    -7.9307743383e-07                  0.0                  0.0  -2.1106858941678417  -7.7472896062650145               -100.0
  5.0                  9.6989700   -8.04292670268e-07                  0.0                  0.0  -1.5488163886517763   -7.117289606265015               -100.0
  5.0                  9.8750613   -8.12303553438e-07                  0.0                  0.0  -0.6724312245925239   -6.022289606265014               -100.0
  5.0                 10.0000000   -8.15507906706e-07                  0.0                  0.0 -0.19597415968968104   -5.346289606265014               -100.0
  5.0                 10.4771213   -8.18712259974e-07                  0.0                  0.0   1.3798172889040843   -3.357289606265014               -100.0
  5.0                 11.0000000   -8.18712259974e-07                  0.0                  0.0    4.538001029873294    0.343710393734986               -100.0
  5.5                  7.0000000    1.74637253106e-07                  0.0                  0.0               -5.855  -12.527289606265015               -100.0
  5.5                  8.0000000    1.73035076472e-07                  0.0                  0.0               -5.842  -12.503289606265014               -100.0
  5.5                  8.3010300     1.6822854657e-07                  0.0                  0.0               -5.813  -12.450289606265015               -100.0
  5.5                  8.4771213    1.61819840034e-07                  0.0                  0.0               -5.772  -12.379289606265013               -100.0
  5.5                  8.6020600     1.5220678023e-07                  0.0                  0.0  -5.7269999999999985  -12.308289606265014               -100.0
  5.5                  8.6989700    1.37787190524e-07                  0.0                  0.0   -5.684999999998028  -12.244289606265014               -100.0
  5.5                  8.7781513    1.21765424184e-07                  0.0                  0.0   -5.646999999742496  -12.190289606265013               -100.0
  5.5                  8.8450980    1.02539304576e-07                  0.0                  0.0   -5.613999990967992  -12.143289606265014               -100.0
  5.5                  8.9030900       8.01088317e-08                  0.0                  0.0   -5.582999862347456  -12.099289606265014               -100.0
  5.5                  8.9542425     5.4474005556e-08                  0.0                  0.0   -5.553998801097925  -12.052289606265013               -100.0
  5.5                  9.0000000     2.7237002778e-08                  0.0                  0.0  -5.5239930211988835  -11.996289606265014               -100.0
  5.5                  9.1760913   -1.40991543792e-07                  0.0                  0.0   -5.183848646971651  -11.239289606265014               -100.0
  5.5                  9.3010300   -3.46070152944e-07                  0.0                  0.0   -4.306757116157484  -10.073289606265014               -100.0
  5.5                  9.4771213   -6.44075006868e-07                  0.0                  0.0  -2.9283216351757297   -8.620289606265015               -100.0
  5.5                  9.6020600   -7.38603428274e-07                  0.0                  0.0  -2.1136954904661094   -7.754289606265014               -100.0
  5.5                  9.6989700   -7.72249137588e-07                  0.0                  0.0  -1.5515988120931812   -7.123289606265014               -100.0
  5.5                  9.8750613   -7.99486140366e-07                  0.0                  0.0   -0.674713950765354   -6.025289606265014               -100.0
  5.5                 10.0000000    -8.0909920017e-07                  0.0                  0.0 -0.19769784442339552  -5.3482896062650145               -100.0
  5.5                 10.4771213    -8.1711008334e-07                  0.0                  0.0   1.3798172889040843   -3.357289606265014               -100.0
  5.5                 11.0000000   -8.18712259974e-07                  0.0                  0.0    4.538001029873294    0.343710393734986               -100.0
  6.0                  7.0000000     3.4446797631e-07                  0.0                  0.0               -6.866  -13.881289606265014               -100.0
  6.0                  8.0000000    3.42865799676e-07                  0.0                  0.0               -6.805  -13.776289606265014               -100.0
  6.0                  8.3010300    3.39661446408e-07                  0.0                  0.0                -6.69  -13.575289606265015               -100.0
  6.0                  8.4771213     3.3645709314e-07                  0.0                  0.0               -6.549  -13.347289606265013               -100.0
  6.0                  8.6020600    3.30048386604e-07                  0.0                  0.0               -6.409  -13.134289606265014               -100.0
  6.0                  8.6989700    3.22037503434e-07                  0.0                  0.0   -6.282999999999462  -12.952289606265014               -100.0
  6.0                  8.7781513    3.14026620264e-07                  0.0                  0.0   -6.172999999914732  -12.801289606265014               -100.0
  6.0                  8.8450980    3.02811383826e-07                  0.0                  0.0   -6.076999996697945  -12.672289606265014               -100.0
  6.0                  8.9030900     2.8839179412e-07                  0.0                  0.0  -5.9929999469379185  -12.557289606265014               -100.0
  6.0                  8.9542425    2.73972204414e-07                  0.0                  0.0   -5.915999528171604  -12.445289606265014               -100.0
  6.0                  9.0000000    2.57950438074e-07                  0.0                  0.0    -5.84099726609799  -12.326289606265014               -100.0
  6.0                  9.1760913    1.47400250328e-07                  0.0                  0.0   -5.302627095309894  -11.318289606265013               -100.0
  6.0                  9.3010300      1.602176634e-09                  0.0                  0.0   -4.337708369368491  -10.106289606265014               -100.0
  6.0                  9.4771213   -3.39661446408e-07                  0.0                  0.0  -2.9426786262173574   -8.643289606265014               -100.0
  6.0                  9.6020600    -5.6877270507e-07                  0.0                  0.0  -2.1246507526675886   -7.775289606265014               -100.0
  6.0                  9.6989700   -6.71312009646e-07                  0.0                  0.0  -1.5599076715602682   -7.141289606265015               -100.0
  6.0                  9.8750613   -7.59431724516e-07                  0.0                  0.0  -0.6804530323186069   -6.036289606265014               -100.0
  6.0                 10.0000000   -7.86668727294e-07                  0.0                  0.0  -0.2015593871378258   -5.354289606265014               -100.0
  6.0                 10.4771213   -8.15507906706e-07                  0.0                  0.0   1.3798172889040843   -3.357289606265014               -100.0
  6.0                 11.0000000   -8.18712259974e-07                  0.0                  0.0    4.538001029873294    0.343710393734986               -100.0
  6.5                  7.0000000    6.45677183502e-07                  0.0                  0.0               -100.0               -100.0               -100.0
  6.5                  8.0000000    6.42472830234e-07                  0.0                  0.0              -14.161  -21.554289606265016               -100.0
  6.5                  8.3010300      6.408706536e-07                  0.0                  0.0              -10.691  -17.794289606265014               -100.0
  6.5                  8.4771213    6.37666300332e-07                  0.0                  0.0                 -9.3  -16.240289606265016               -100.0
  6.5                  8.6020600    6.34461947064e-07                  0.0                  0.0               -8.501  -15.331289606265013               -100.0
  6.5                  8.6989700    6.29655417162e-07                  0.0                  0.0   -7.964999999999697  -14.717289606265014               -100.0
  6.5                  8.7781513    6.23246710626e-07                  0.0                  0.0   -7.571999999949675  -14.261289606265013               -100.0
  6.5                  8.8450980     6.1683800409e-07                  0.0                  0.0   -7.264999998042128  -13.892289606265013               -100.0
  6.5                  8.9030900     6.0882712092e-07                  0.0                  0.0   -7.008999969745896  -13.574289606265014               -100.0
  6.5                  8.9542425    5.99214061116e-07                  0.0                  0.0   -6.785999746613085  -13.284289606265014               -100.0
  6.5                  9.0000000    5.89601001312e-07                  0.0                  0.0  -6.5839986360965455  -13.008289606265015               -100.0
  6.5                  9.1760913     5.2070740605e-07                  0.0                  0.0    -5.53889389612175  -11.478289606265013               -100.0
  6.5                  9.3010300     4.2457680801e-07                  0.0                  0.0   -4.408672945014644  -10.184289606265015               -100.0
  6.5                  9.4771213    1.61819840034e-07                  0.0                  0.0   -2.981593690318121   -8.698289606265014               -100.0
  6.5                  9.6020600   -1.39389367158e-07                  0.0                  0.0   -2.154431763450774   -7.826289606265014               -100.0
  6.5                  9.6989700   -3.74909332356e-07                  0.0                  0.0  -1.5851891894468362  -7.1912896062650145               -100.0
  6.5                  9.8750613   -6.34461947064e-07                  0.0                  0.0  -0.7000086714665017   -6.070289606265014               -100.0
  6.5                 10.0000000   -7.17775132032e-07                  0.0                  0.0 -0.21474401913252855  -5.3722896062650145               -100.0
  6.5                 10.4771213   -8.07497023536e-07                  0.0                  0.0    1.378819171173848  -3.3582896062650143               -100.0
  6.5                 11.0000000    -8.1711008334e-07                  0.0                  0.0    4.538001029873294    0.343710393734986               -100.0
  7.0                  7.0000000   1.142351940042e-06                  0.0                  0.0               -100.0               -100.0               -100.0
  7.0                  8.0000000   1.142351940042e-06                  0.0                  0.0              -32.286   -40.25728960626502               -100.0
  7.0                  8.3010300    1.13754541014e-06                  0.0                  0.0              -18.494  -25.597289606265015               -100.0
  7.0                  8.4771213   1.134341056872e-06                  0.0                  0.0              -14.493  -21.406289606265016               -100.0
  7.0                  8.6020600   1.132738880238e-06                  0.0                  0.0              -12.336  -19.093289606265014               -100.0
  7.0                  8.6989700    1.12953452697e-06                  0.0                  0.0  -10.934999999999798  -17.579289606265014               -100.0
  7.0                  8.7781513   1.126330173702e-06                  0.0                  0.0   -9.938999999972534  -16.504289606265015               -100.0
  7.0                  8.8450980     1.1215236438e-06                  0.0                  0.0   -9.191999999100949  -15.697289606265013               -100.0
  7.0                  8.9030900   1.115114937264e-06                  0.0                  0.0    -8.60599998778807  -15.054289606265014               -100.0
  7.0                  8.9542425   1.110308407362e-06                  0.0                  0.0   -8.123999908844208  -14.501289606265013               -100.0
  7.0                  9.0000000   1.102297524192e-06                  0.0                  0.0  -7.7039995637011245  -13.985289606265013               -100.0
  7.0                  9.1760913   1.059038755074e-06                  0.0                  0.0   -5.871983026327263  -11.760289606265014               -100.0
  7.0                  9.3010300    9.96553866348e-07                  0.0                  0.0   -4.563941013202583  -10.374289606265014               -100.0
  7.0                  9.4771213     8.1711008334e-07                  0.0                  0.0  -3.0846338987195843   -8.834289606265015               -100.0
  7.0                  9.6020600     5.7678358824e-07                  0.0                  0.0  -2.2335137739918327   -7.934289606265014               -100.0
  7.0                  9.6989700    3.01209207192e-07                  0.0                  0.0  -1.6522804387418235   -7.298289606265014               -100.0
  7.0                  9.8750613   -2.51541731538e-07                  0.0                  0.0  -0.7553151419631104   -6.168289606265014               -100.0
  7.0                 10.0000000   -5.03083463076e-07                  0.0                  0.0 -0.25472180611915995  -5.4282896062650146               -100.0
  7.0                 10.4771213    -7.8506655066e-07                  0.0                  0.0   1.3768210577745055   -3.361289606265014               -100.0
  7.0                 11.0000000   -8.15507906706e-07                  0.0                  0.0    4.538001029873294  0.34271039373498574               -100.0
  7.5                  7.0000000   1.921009784166e-06                  0.0                  0.0               -100.0               -100.0               -100.0
  7.5                  8.0000000   1.921009784166e-06                  0.0                  0.0               -100.0               -100.0               -100.0
  7.5                  8.3010300    1.91460107763e-06                  0.0                  0.0              -62.825   -68.48728960626501               -100.0
  7.5                  8.4771213    1.91460107763e-06                  0.0                  0.0                -22.1  -29.027289606265015               -100.0
  7.5                  8.6020600   1.912998900996e-06                  0.0                  0.0              -17.937  -24.747289606265017               -100.0
  7.5                  8.6989700   1.909794547728e-06                  0.0                  0.0  -15.358999999999934  -22.030289606265015               -100.0
  7.5                  8.7781513   1.908192371094e-06                  0.0                  0.0  -13.535999999991393  -19.992289606265015               -100.0
  7.5                  8.8450980   1.904988017826e-06                  0.0                  0.0  -12.087999999787291  -18.341289606265015               -100.0
  7.5                  8.9030900   1.901783664558e-06                  0.0                  0.0  -10.878999998130245  -17.013289606265015               -100.0
  7.5                  8.9542425   1.896977134656e-06                  0.0                  0.0   -9.869999990988765  -15.943289606265013               -100.0
  7.5                  9.0000000   1.892170604754e-06                  0.0                  0.0   -9.027999969815479  -15.067289606265014               -100.0
  7.5                  9.1760913   1.863331425342e-06                  0.0                  0.0   -6.359998921590334  -12.322289606265015               -100.0
  7.5                  9.3010300   1.821674832858e-06                  0.0                  0.0   -4.928993085180407  -10.836289606265014               -100.0
  7.5                  9.4771213   1.701511585308e-06                  0.0                  0.0   -3.354919138111533   -9.172289606265014               -100.0
  7.5                  9.6020600   1.534885215372e-06                  0.0                  0.0  -2.4402929815385472   -8.189289606265014               -100.0
  7.5                  9.6989700   1.323397899684e-06                  0.0                  0.0  -1.8171109962815468   -7.508289606265015               -100.0
  7.5                  9.8750613    6.85731599352e-07                  0.0                  0.0  -0.8854772389009785   -6.386289606265014               -100.0
  7.5                 10.0000000     1.3618501389e-07                  0.0                  0.0 -0.36830445290922353   -5.593289606265014               -100.0
  7.5                 10.4771213    -7.1296860213e-07                  0.0                  0.0   1.3688324688857942   -3.368289606265014               -100.0
  7.5                 11.0000000    -8.0909920017e-07                  0.0                  0.0    4.538001029873294  0.34271039373498574               -100.0
  8.0                  7.0000000   3.105018316692e-06                  0.0                  0.0               -100.0               -100.0               -100.0
  8.0                  8.0000000   3.105018316692e-06                  0.0                  0.0               -100.0               -100.0               -100.0
  8.0                  8.3010300   3.105018316692e-06                  0.0                  0.0              -81.545   -87.20728960626502               -100.0
  8.0                  8.4771213   3.097007433522e-06                  0.0                  0.0              -34.661  -41.615289606265016               -100.0
  8.0                  8.6020600   3.097007433522e-06                  0.0                  0.0              -27.369   -34.17228960626501               -100.0
  8.0                  8.6989700   3.095405256888e-06                  0.0                  0.0              -19.446  -26.110289606265017               -100.0
  8.0                  8.7781513   3.093803080254e-06                  0.0                  0.0  -16.615999999999993  -23.175289606265014               -100.0
  8.0                  8.8450980   3.090598726986e-06                  0.0                  0.0  -14.600999999999678  -21.095289606265016               -100.0
  8.0                  8.9030900   3.088996550352e-06                  0.0                  0.0  -13.060999999993921  -19.500289606265014               -100.0
  8.0                  8.9542425   3.085792197084e-06                  0.0                  0.0   -11.83999999994128  -18.230289606265014               -100.0
  8.0                  9.0000000   3.082587843816e-06                  0.0                  0.0  -10.843999999643724  -17.190289606265015               -100.0
  8.0                  9.1760913   3.063361724208e-06                  0.0                  0.0   -7.694999929077461  -13.870289606265013               -100.0
  8.0                  9.3010300   3.034522544796e-06                  0.0                  0.0   -5.972999056408892  -12.030289606265015               -100.0
  8.0                  9.4771213   2.952811536462e-06                  0.0                  0.0   -4.055980240569126   -9.959289606265013               -100.0
  8.0                  9.6020600   2.839056995448e-06                  0.0                  0.0  -2.9527833912468706   -8.761289606265015               -100.0
  8.0                  9.6989700   2.693258921754e-06                  0.0                  0.0   -2.213672237920629  -7.9572896062650145               -100.0
  8.0                  9.8750613   2.199788518482e-06                  0.0                  0.0  -1.1513177504175212   -6.742289606265014               -100.0
  8.0                 10.0000000    1.57814398449e-06                  0.0                  0.0  -0.6156782503809072   -5.950289606265014               -100.0
  8.0                 10.4771213   -4.82255166834e-07                  0.0                  0.0    1.344863679079866   -3.392289606265014               -100.0
  8.0                 11.0000000   -7.88270903928e-07                  0.0                  0.0    4.537001032247394  0.34271039373498574               -100.0
  8.5                  7.0000000   4.873821320628e-06                  0.0                  0.0               -100.0               -100.0               -100.0
  8.5                  8.0000000   4.873821320628e-06                  0.0                  0.0               -100.0               -100.0               -100.0
  8.5                  8.3010300   4.873821320628e-06                  0.0                  0.0               -100.0               -100.0               -100.0
  8.5                  8.4771213   4.873821320628e-06                  0.0                  0.0              -74.723   -80.37828960626501               -100.0
  8.5                  8.6020600    4.86260608419e-06                  0.0                  0.0              -57.232  -62.881289606265014               -100.0
  8.5                  8.6989700    4.86260608419e-06                  0.0                  0.0              -30.484  -37.183289606265014               -100.0
  8.5                  8.7781513   4.861003907556e-06                  0.0                  0.0  -25.678999999999995  -32.301289606265016               -100.0
  8.5                  8.8450980   4.859401730922e-06                  0.0                  0.0  -22.169999999999867  -28.728289606265015               -100.0
  8.5                  8.9030900   4.857799554288e-06                  0.0                  0.0   -19.50699999999812  -26.006289606265014               -100.0
  8.5                  8.9542425   4.856197377654e-06                  0.0                  0.0   -17.49599999998267  -23.928289606265015               -100.0
  8.5                  9.0000000   4.852993024386e-06                  0.0                  0.0  -15.893999999892655  -22.283289606265015               -100.0
  8.5                  9.1760913   4.840175611314e-06                  0.0                  0.0  -10.935999976784165  -17.153289606265016               -100.0
  8.5                  9.3010300   4.820949491706e-06                  0.0                  0.0    -8.32899966827046  -14.432289606265014               -100.0
  8.5                  9.4771213   4.764873309516e-06                  0.0                  0.0   -5.553992169664035  -11.506289606265014               -100.0
  8.5                  9.6020600   4.687968831084e-06                  0.0                  0.0    -4.03890715941033   -9.897289606265014               -100.0
  8.5                  9.6989700   4.588633879776e-06                  0.0                  0.0   -3.061399540048646   -8.852289606265014               -100.0
  8.5                  9.8750613   4.244165903466e-06                  0.0                  0.0  -1.6951465679277138   -7.351289606265015               -100.0
  8.5                 10.0000000   3.771523796436e-06                  0.0                  0.0  -1.0504643696005491   -6.500289606265014               -100.0
  8.5                 10.4771213    2.37122141832e-07                  0.0                  0.0   1.2709622835920185  -3.4672896062650143               -100.0
  8.5                 11.0000000   -7.24183838568e-07                  0.0                  0.0    4.535001034626967   0.3407103937349859               -100.0
  9.0                  7.0000000    7.49017576395e-06                  0.0                  0.0               -100.0               -100.0               -100.0
  9.0                  8.0000000    7.49017576395e-06                  0.0                  0.0               -100.0               -100.0               -100.0
  9.0                  8.3010300    7.49017576395e-06                  0.0                  0.0               -100.0               -100.0               -100.0
  9.0                  8.4771213    7.49017576395e-06                  0.0                  0.0               -100.0               -100.0               -100.0
  9.0                  8.6020600    7.49017576395e-06                  0.0                  0.0              -77.895   -83.54428960626501               -100.0
  9.0                  8.6989700    7.49017576395e-06                  0.0                  0.0              -63.284   -68.92628960626502               -100.0
  9.0                  8.7781513    7.47415399761e-06                  0.0                  0.0              -53.422  -59.058289606265014               -100.0
  9.0                  8.8450980   7.472551820976e-06                  0.0                  0.0   -34.21299999999973   -40.82528960626502               -100.0
  9.0                  8.9030900   7.472551820976e-06                  0.0                  0.0  -29.791999999998097  -36.307289606265016               -100.0
  9.0                  8.9542425   7.470949644342e-06                  0.0                  0.0  -26.553999999985685   -33.00728960626501               -100.0
  9.0                  9.0000000   7.469347467708e-06                  0.0                  0.0   -24.04599999990989  -30.454289606265014               -100.0
  9.0                  9.1760913   7.459734407904e-06                  0.0                  0.0   -16.23699998514802  -22.479289606265016               -100.0
  9.0                  9.3010300   7.446916994832e-06                  0.0                  0.0  -12.283999778290553  -18.415289606265013               -100.0
  9.0                  9.4771213   7.408464755616e-06                  0.0                  0.0    -8.17299449469279  -14.157289606265014               -100.0
  9.0                  9.6020600   7.355592926694e-06                  0.0                  0.0   -5.994933049960767  -11.885289606265014               -100.0
  9.0                  9.6989700   7.288301508066e-06                  0.0                  0.0   -4.618565922520681  -10.442289606265014               -100.0
  9.0                  9.8750613   7.052781542868e-06                  0.0                  0.0  -2.7216706145042813   -8.416289606265014               -100.0
  9.0                 10.0000000   6.724335332898e-06                  0.0                  0.0   -1.822046254610241   -7.339289606265014               -100.0
  9.0                 10.4771213   2.345586592176e-06                  0.0                  0.0   1.0512798063214903   -3.687289606265014               -100.0
  9.0                 11.0000000   -5.17503052782e-07                  0.0                  0.0     4.52900104179865  0.33371039373498534               -100.0
  9.5                  7.0000000  1.1345012745354e-05                  0.0                  0.0               -100.0               -100.0               -100.0
  9.5                  8.0000000  1.1345012745354e-05                  0.0                  0.0               -100.0               -100.0               -100.0
  9.5                  8.3010300  1.1345012745354e-05                  0.0                  0.0               -100.0               -100.0               -100.0
  9.5                  8.4771213  1.1345012745354e-05                  0.0                  0.0               -100.0               -100.0               -100.0
  9.5                  8.6020600  1.1345012745354e-05                  0.0                  0.0               -100.0               -100.0               -100.0
  9.5                  8.6989700  1.1345012745354e-05                  0.0                  0.0   -87.53899999999985   -93.18128960626501               -100.0
  9.5                  8.7781513  1.1345012745354e-05                  0.0                  0.0               -73.72   -79.35628960626502               -100.0
  9.5                  8.8450980  1.1345012745354e-05                  0.0                  0.0              -63.824   -69.45328960626502               -100.0
  9.5                  8.9030900  1.1320980095844e-05                  0.0                  0.0              -56.285  -61.908289606265015               -100.0
  9.5                  8.9542425   1.131937791921e-05                  0.0                  0.0              -50.489   -56.10528960626502               -100.0
  9.5                  9.0000000   1.131937791921e-05                  0.0                  0.0   -37.56799999767306  -44.506289606265014               -100.0
  9.5                  9.1760913  1.1312969212674e-05                  0.0                  0.0   -24.31999998507947  -30.570289606265014               -100.0
  9.5                  9.3010300   1.130335615287e-05                  0.0                  0.0   -18.34799977981679  -24.480289606265014               -100.0
  9.5                  9.4771213  1.1277721326726e-05                  0.0                  0.0  -12.225994545165435  -18.212289606265013               -100.0
  9.5                  9.6020600  1.1242473440778e-05                  0.0                  0.0   -9.044933968479912  -14.937289606265013               -100.0
  9.5                  9.6989700  1.1196010318392e-05                  0.0                  0.0    -7.06757579850643  -12.894289606265014               -100.0
  9.5                  9.8750613  1.1034190478358e-05                  0.0                  0.0   -4.369096371765373  -10.070289606265014               -100.0
  9.5                 10.0000000  1.0809885749598e-05                  0.0                  0.0    -3.06941793879324   -8.603289606265013               -100.0
  9.5                 10.4771213   6.967866181266e-06                  0.0                  0.0   0.5689489892882517  -4.1702896062650145               -100.0
  9.5                 11.0000000    1.32980660622e-07                  0.0                  0.0   4.5090010685227595  0.31371039373498577               -100.0
 10.0                  7.0000000  1.7013513676446e-05                  0.0                  0.0               -100.0               -100.0               -100.0
 10.0                  8.0000000  1.7013513676446e-05                  0.0                  0.0               -100.0               -100.0               -100.0
 10.0                  8.3010300  1.7013513676446e-05                  0.0                  0.0               -100.0               -100.0               -100.0
 10.0                  8.4771213  1.7013513676446e-05                  0.0                  0.0               -100.0               -100.0               -100.0
 10.0                  8.6020600  1.7013513676446e-05                  0.0                  0.0               -100.0               -100.0               -100.0
 10.0                  8.6989700  1.7013513676446e-05                  0.0                  0.0               -100.0               -100.0               -100.0
 10.0                  8.7781513  1.7013513676446e-05                  0.0                  0.0               -100.0               -100.0               -100.0
 10.0                  8.8450980  1.7013513676446e-05                  0.0                  0.0   -89.29799999999138   -94.92828960626501               -100.0
 10.0                  8.9030900  1.7013513676446e-05                  0.0                  0.0              -78.672   -84.29528960626502               -100.0
 10.0                  8.9542425  1.7013513676446e-05                  0.0                  0.0              -70.391   -76.00828960626501               -100.0
 10.0                  9.0000000  1.7013513676446e-05                  0.0                  0.0              -63.754   -69.34928960626502               -100.0
 10.0                  9.1760913  1.6971857083962e-05                  0.0                  0.0              -43.652  -49.225289606265015               -100.0
 10.0                  9.3010300  1.6965448377426e-05                  0.0                  0.0  -27.681999410092363   -33.87628960626501               -100.0
 10.0                  9.4771213  1.6949426611086e-05                  0.0                  0.0   -18.17299453259082  -24.158289606265015               -100.0
 10.0                  9.6020600  1.6923791784942e-05                  0.0                  0.0  -13.512934120336677  -19.406289606265016               -100.0
 10.0                  9.6989700  1.6891748252262e-05                  0.0                  0.0   -10.65157579850643  -16.478289606265015               -100.0
 10.0                  9.8750613   1.678280024115e-05                  0.0                  0.0  -6.7800963717653735  -12.481289606265014               -100.0
 10.0                 10.0000000  1.6628991284286e-05                  0.0                  0.0   -4.897715920112869  -10.432289606265014               -100.0
 10.0                 10.4771213  1.3855623530832e-05                  0.0                  0.0 -0.15152516467701055   -4.892289606265014               -100.0
 10.0                 11.0000000   2.161336279266e-06                  0.0                  0.0    4.446001150227472  0.25071039373498605               -100.0
 10.5                  7.0000000  2.5341627819978e-05                  0.0                  0.0               -100.0               -100.0               -100.0
 10.5                  8.0000000  2.5341627819978e-05                  0.0                  0.0               -100.0               -100.0               -100.0
 10.5                  8.3010300  2.5341627819978e-05                  0.0                  0.0               -100.0               -100.0               -100.0
 10.5                  8.4771213  2.5341627819978e-05                  0.0                  0.0               -100.0               -100.0               -100.0
 10.5                  8.6020600  2.5341627819978e-05                  0.0                  0.0               -100.0               -100.0               -100.0
 10.5                  8.6989700  2.5341627819978e-05                  0.0                  0.0               -100.0               -100.0               -100.0
 10.5                  8.7781513  2.5341627819978e-05                  0.0                  0.0               -100.0               -100.0               -100.0
 10.5                  8.8450980  2.5341627819978e-05                  0.0                  0.0               -100.0               -100.0               -100.0
 10.5                  8.9030900  2.5341627819978e-05                  0.0                  0.0               -100.0               -100.0               -100.0
 10.5                  8.9542425  2.5341627819978e-05                  0.0                  0.0               -100.0               -100.0               -100.0
 10.5                  9.0000000  2.5341627819978e-05                  0.0                  0.0   -89.95199999996112   -95.56128960626502               -100.0
 10.5                  9.1760913  2.5341627819978e-05                  0.0                  0.0              -61.204     -66.775289606265               -100.0
 10.5                  9.3010300  2.5277540754618e-05                  0.0                  0.0              -46.623   -52.14528960626502               -100.0
 10.5                  9.4771213   2.526632551818e-05                  0.0                  0.0   -28.99231539201174  -35.530289606265015               -100.0
 10.5                  9.6020600  2.5248701575206e-05                  0.0                  0.0   -20.06093396847991  -25.955289606265016               -100.0
 10.5                  9.6989700  2.5227873278964e-05                  0.0                  0.0  -15.895575798506432  -21.722289606265015               -100.0
 10.5                  9.8750613  2.5152570977166e-05                  0.0                  0.0  -10.290114385571094  -15.992289606265013               -100.0
 10.5                 10.0000000  2.5048429495956e-05                  0.0                  0.0    -7.54661679893492  -13.081289606265013               -100.0
 10.5                 10.4771213  2.3137032771594e-05                  0.0                  0.0  -1.1243729392321464   -5.865289606265014               -100.0
 10.5                 11.0000000   8.244800958564e-06                  0.0                  0.0    4.257001395672796 0.059710393734986246               -100.0
 11.0                  7.0000000  3.7569439890666e-05                  0.0                  0.0               -100.0               -100.0               -100.0
 11.0                  8.0000000  3.7569439890666e-05                  0.0                  0.0               -100.0               -100.0               -100.0
 11.0                  8.3010300  3.7569439890666e-05                  0.0                  0.0               -100.0               -100.0               -100.0
 11.0                  8.4771213  3.7569439890666e-05                  0.0                  0.0               -100.0               -100.0               -100.0
 11.0                  8.6020600  3.7569439890666e-05                  0.0                  0.0               -100.0               -100.0               -100.0
 11.0                  8.6989700  3.7569439890666e-05                  0.0                  0.0               -100.0               -100.0               -100.0
 11.0                  8.7781513  3.7569439890666e-05                  0.0                  0.0               -100.0               -100.0               -100.0
 11.0                  8.8450980  3.7569439890666e-05                  0.0                  0.0               -100.0               -100.0               -100.0
 11.0                  8.9030900  3.7569439890666e-05                  0.0                  0.0               -100.0               -100.0               -100.0
 11.0                  8.9542425  3.7569439890666e-05                  0.0                  0.0               -100.0               -100.0               -100.0
 11.0                  9.0000000  3.7569439890666e-05                  0.0                  0.0               -100.0               -100.0               -100.0
 11.0                  9.1760913  3.7569439890666e-05                  0.0                  0.0   -86.84699999999997   -92.42128960626502               -100.0
 11.0                  9.3010300  3.7569439890666e-05                  0.0                  0.0              -65.955   -71.47828960626502               -100.0
 11.0                  9.4771213  3.7470104939358e-05                  0.0                  0.0              -44.591   -49.92428960626501               -100.0
 11.0                  9.6020600   3.745888970292e-05                  0.0                  0.0               -33.48  -38.689289606265014               -100.0
 11.0                  9.6989700  3.7444470113214e-05                  0.0                  0.0  -25.793732550734724  -31.647289606265016               -100.0
 11.0                  9.8750613  3.7393200460926e-05                  0.0                  0.0  -15.424114385571094  -21.125289606265014               -100.0
 11.0                 10.0000000  3.7321102512396e-05                  0.0                  0.0   -11.40671592011287  -16.941289606265016               -100.0
 11.0                 10.4771213  3.6015328555686e-05                  0.0                  0.0  -2.4753487053858727   -7.216289606265014               -100.0
 11.0                 11.0000000  2.2412848933026e-05                  0.0                  0.0   3.8140018611585886 -0.38428960626501457               -100.0
 11.5                  7.0000000  5.5520226898002e-05                  0.0                  0.0               -100.0               -100.0               -100.0
 11.5                  8.0000000  5.5520226898002e-05                  0.0                  0.0               -100.0               -100.0               -100.0
 11.5                  8.3010300  5.5520226898002e-05                  0.0                  0.0               -100.0               -100.0               -100.0
 11.5                  8.4771213  5.5520226898002e-05                  0.0                  0.0               -100.0               -100.0               -100.0
 11.5                  8.6020600  5.5520226898002e-05                  0.0                  0.0               -100.0               -100.0               -100.0
 11.5                  8.6989700  5.5520226898002e-05                  0.0                  0.0               -100.0               -100.0               -100.0
 11.5                  8.7781513  5.5520226898002e-05                  0.0                  0.0               -100.0               -100.0               -100.0
 11.5                  8.8450980  5.5520226898002e-05                  0.0                  0.0               -100.0               -100.0               -100.0
 11.5                  8.9030900  5.5520226898002e-05                  0.0                  0.0               -100.0               -100.0               -100.0
 11.5                  8.9542425  5.5520226898002e-05                  0.0                  0.0               -100.0               -100.0               -100.0
 11.5                  9.0000000  5.5520226898002e-05                  0.0                  0.0               -100.0               -100.0               -100.0
 11.5                  9.1760913  5.5520226898002e-05                  0.0                  0.0               -100.0               -100.0               -100.0
 11.5                  9.3010300  5.5520226898002e-05                  0.0                  0.0               -100.0               -100.0               -100.0
 11.5                  9.4771213  5.5520226898002e-05                  0.0                  0.0              -63.514   -68.85128960626501               -100.0
 11.5                  9.6020600   5.537122447104e-05                  0.0                  0.0              -47.568   -52.77628960626502               -100.0
 11.5                  9.6989700  5.5361611411236e-05                  0.0                  0.0              -37.864   -43.01628960626501               -100.0
 11.5                  9.8750613  5.5326363525288e-05                  0.0                  0.0              -24.691  -29.752289606265016               -100.0
 11.5                 10.0000000  5.5278298226268e-05                  0.0                  0.0  -17.055715920112867  -22.590289606265017               -100.0
 11.5                 10.4771213  5.4387488017764e-05                  0.0                  0.0   -4.401348705385873   -9.142289606265015               -100.0
 11.5                 11.0000000   4.442034717765e-05                  0.0                  0.0   3.1220021967630394  -1.0762896062650138               -100.0
