!73ge -> 73as, beta-decay
!Q=0.345 MeV
!
!Log(rhoY)            Log(temp)            mu                   dQ                   Vs                   Log(beta-decay-rate) Log(nu-energy-loss)  Log(gamma-energy)   
!Log(g/cm^3)          Log(K)               erg                  erg                  erg                  Log(1/s)             Log(erg/s)           Log(erg/s)          
  1.0                  7.0000000     -4.806529902e-09                  0.0                  0.0               -100.0               -100.0               -100.0
  1.0                  8.0000000    -9.2926244772e-08                  0.0                  0.0                -58.9   -65.24928960626501               -100.0
  1.0                  8.3010300   -2.14691668956e-07                  0.0                  0.0  -18.859999999999935  -26.193289606265015               -100.0
  1.0                  8.4771213   -3.49274506212e-07                  0.0                  0.0  -15.592999907576106  -22.597289606265015               -100.0
  1.0                  8.6020600   -4.91868226638e-07                  0.0                  0.0  -13.593928591714368  -20.259289606265014               -100.0
  1.0                  8.6989700   -6.39268476966e-07                  0.0                  0.0  -12.167026303684475  -18.733289606265014               -100.0
  1.0                  8.7781513   -7.65840431052e-07                  0.0                  0.0  -11.130069195435865  -17.626289606265015               -100.0
  1.0                  8.8450980   -8.05894846902e-07                  0.0                  0.0  -10.347686150598427  -16.772289606265016               -100.0
  1.0                  8.9030900   -8.15507906706e-07                  0.0                  0.0   -9.738366582555017  -16.101289606265013               -100.0
  1.0                  8.9542425    -8.1711008334e-07                  0.0                  0.0   -9.240155517871663  -15.540289606265013               -100.0
  1.0                  9.0000000   -8.18712259974e-07                  0.0                  0.0   -8.816840408686852  -15.057289606265014               -100.0
  1.0                  9.1760913   -8.18712259974e-07                  0.0                  0.0   -7.330796963434575  -13.339289606265014               -100.0
  1.0                  9.3010300   -8.18712259974e-07                  0.0                  0.0   -6.377369511791886  -12.239289606265014               -100.0
  1.0                  9.4771213   -8.18712259974e-07                  0.0                  0.0   -5.141290139707528  -10.823289606265014               -100.0
  1.0                  9.6020600   -8.18712259974e-07                  0.0                  0.0  -4.3259882059948005   -9.882289606265013               -100.0
  1.0                  9.6989700   -8.18712259974e-07                  0.0                  0.0  -3.7173275954701848   -9.169289606265014               -100.0
  1.0                  9.8750613   -8.18712259974e-07                  0.0                  0.0  -2.6334174072285634   -7.882289606265014               -100.0
  1.0                 10.0000000   -8.18712259974e-07                  0.0                  0.0  -1.9035906484342962   -7.014289606265014               -100.0
  1.0                 10.4771213   -8.18712259974e-07                  0.0                  0.0   1.1762628166627649   -3.557289606265014               -100.0
  1.0                 11.0000000   -8.18712259974e-07                  0.0                  0.0    4.376000312452609  0.17771039373498568               -100.0
  1.5                  7.0000000     -3.204353268e-09                  0.0                  0.0               -100.0               -100.0               -100.0
  1.5                  8.0000000    -7.6904478432e-08                  0.0                  0.0                -59.4   -65.74928960626501               -100.0
  1.5                  8.3010300    -1.8425031291e-07                  0.0                  0.0  -18.859999999999978  -26.193289606265015               -100.0
  1.5                  8.4771213   -3.01209207192e-07                  0.0                  0.0  -15.592999970772997  -22.597289606265015               -100.0
  1.5                  8.6020600   -4.27781161278e-07                  0.0                  0.0  -13.593977417447945  -20.259289606265014               -100.0
  1.5                  8.6989700   -5.59159645266e-07                  0.0                  0.0   -12.16905526097343  -18.738289606265013               -100.0
  1.5                  8.7781513   -6.92140305888e-07                  0.0                  0.0  -11.145647391995148  -17.662289606265016               -100.0
  1.5                  8.8450980   -7.80260020758e-07                  0.0                  0.0  -10.360128165333553  -16.800289606265014               -100.0
  1.5                  8.9030900   -8.05894846902e-07                  0.0                  0.0   -9.743561170543138  -16.112289606265016               -100.0
  1.5                  8.9542425   -8.13905730072e-07                  0.0                  0.0   -9.242417457755648  -15.545289606265014               -100.0
  1.5                  9.0000000   -8.15507906706e-07                  0.0                  0.0   -8.818166758617844  -15.059289606265013               -100.0
  1.5                  9.1760913   -8.18712259974e-07                  0.0                  0.0   -7.330796963434575  -13.339289606265014               -100.0
  1.5                  9.3010300   -8.18712259974e-07                  0.0                  0.0   -6.377369511791886  -12.239289606265014               -100.0
  1.5                  9.4771213   -8.18712259974e-07                  0.0                  0.0   -5.141290139707528  -10.823289606265014               -100.0
  1.5                  9.6020600   -8.18712259974e-07                  0.0                  0.0  -4.3259882059948005   -9.882289606265013               -100.0
  1.5                  9.6989700   -8.18712259974e-07                  0.0                  0.0  -3.7173275954701848   -9.169289606265014               -100.0
  1.5                  9.8750613   -8.18712259974e-07                  0.0                  0.0  -2.6334174072285634   -7.882289606265014               -100.0
  1.5                 10.0000000   -8.18712259974e-07                  0.0                  0.0  -1.9035906484342962   -7.014289606265014               -100.0
  1.5                 10.4771213   -8.18712259974e-07                  0.0                  0.0   1.1762628166627649   -3.557289606265014               -100.0
  1.5                 11.0000000   -8.18712259974e-07                  0.0                  0.0    4.376000312452609  0.17771039373498568               -100.0
  2.0                  7.0000000     -1.602176634e-09                  0.0                  0.0               -100.0               -100.0               -100.0
  2.0                  8.0000000    -6.0882712092e-08                  0.0                  0.0              -59.901   -66.25028960626501               -100.0
  2.0                  8.3010300    -1.5220678023e-07                  0.0                  0.0  -18.860999999999994  -26.194289606265016               -100.0
  2.0                  8.4771213   -2.53143908172e-07                  0.0                  0.0  -15.593999990736304  -22.597289606265015               -100.0
  2.0                  8.6020600   -3.63694095918e-07                  0.0                  0.0  -13.593992858643059  -20.259289606265014               -100.0
  2.0                  8.6989700     -4.806529902e-07                  0.0                  0.0  -12.169699645512212  -18.739289606265014               -100.0
  2.0                  8.7781513    -6.0081623775e-07                  0.0                  0.0  -11.153199134579337  -17.680289606265013               -100.0
  2.0                  8.8450980   -7.14570778764e-07                  0.0                  0.0  -10.380635756870307  -16.847289606265015               -100.0
  2.0                  8.9030900   -7.80260020758e-07                  0.0                  0.0   -9.757446489969762  -16.141289606265016               -100.0
  2.0                  8.9542425   -8.02690493634e-07                  0.0                  0.0    -9.24925268115977  -15.559289606265013               -100.0
  2.0                  9.0000000   -8.10701376804e-07                  0.0                  0.0   -8.821634478497286  -15.066289606265014               -100.0
  2.0                  9.1760913   -8.18712259974e-07                  0.0                  0.0   -7.331151347543578  -13.339289606265014               -100.0
  2.0                  9.3010300   -8.18712259974e-07                  0.0                  0.0   -6.377369511791886  -12.239289606265014               -100.0
  2.0                  9.4771213   -8.18712259974e-07                  0.0                  0.0   -5.141804239300577  -10.823289606265014               -100.0
  2.0                  9.6020600   -8.18712259974e-07                  0.0                  0.0  -4.3259882059948005   -9.882289606265013               -100.0
  2.0                  9.6989700   -8.18712259974e-07                  0.0                  0.0  -3.7173275954701848   -9.169289606265014               -100.0
  2.0                  9.8750613   -8.18712259974e-07                  0.0                  0.0  -2.6334174072285634   -7.882289606265014               -100.0
  2.0                 10.0000000   -8.18712259974e-07                  0.0                  0.0  -1.9035906484342962   -7.014289606265014               -100.0
  2.0                 10.4771213   -8.18712259974e-07                  0.0                  0.0   1.1762628166627649   -3.557289606265014               -100.0
  2.0                 11.0000000   -8.18712259974e-07                  0.0                  0.0    4.376000312452609  0.17771039373498568               -100.0
  2.5                  7.0000000      1.602176634e-09                  0.0                  0.0               -100.0               -100.0               -100.0
  2.5                  8.0000000    -4.4860945752e-08                  0.0                  0.0              -60.405   -66.75428960626502               -100.0
  2.5                  8.3010300    -1.2016324755e-07                  0.0                  0.0  -18.862999999999996  -26.196289606265015               -100.0
  2.5                  8.4771213   -2.06680785786e-07                  0.0                  0.0  -15.594999997070563  -22.598289606265016               -100.0
  2.5                  8.6020600   -3.01209207192e-07                  0.0                  0.0  -13.594997736486029  -20.259289606265014               -100.0
  2.5                  8.6989700     -4.005441585e-07                  0.0                  0.0  -12.170904778131435  -18.740289606265016               -100.0
  2.5                  8.7781513   -5.06287816344e-07                  0.0                  0.0  -11.155788903852876  -17.686289606265014               -100.0
  2.5                  8.8450980   -6.13633650822e-07                  0.0                  0.0  -10.394987429449364  -16.882289606265015               -100.0
  2.5                  8.9030900   -7.11366425496e-07                  0.0                  0.0     -9.7822859706966  -16.198289606265014               -100.0
  2.5                  8.9542425    -7.6904478432e-07                  0.0                  0.0   -9.267282213677204  -15.597289606265013               -100.0
  2.5                  9.0000000   -7.94679610464e-07                  0.0                  0.0   -8.832037155759668  -15.087289606265013               -100.0
  2.5                  9.1760913   -8.15507906706e-07                  0.0                  0.0   -7.332563621073751  -13.342289606265014               -100.0
  2.5                  9.3010300   -8.18712259974e-07                  0.0                  0.0   -6.377805111308641  -12.239289606265014               -100.0
  2.5                  9.4771213   -8.18712259974e-07                  0.0                  0.0   -5.141804239300577  -10.823289606265014               -100.0
  2.5                  9.6020600   -8.18712259974e-07                  0.0                  0.0  -4.3259882059948005   -9.883289606265015               -100.0
  2.5                  9.6989700   -8.18712259974e-07                  0.0                  0.0  -3.7173275954701848   -9.169289606265014               -100.0
  2.5                  9.8750613   -8.18712259974e-07                  0.0                  0.0  -2.6334174072285634   -7.882289606265014               -100.0
  2.5                 10.0000000   -8.18712259974e-07                  0.0                  0.0  -1.9035906484342962   -7.014289606265014               -100.0
  2.5                 10.4771213   -8.18712259974e-07                  0.0                  0.0   1.1762628166627649   -3.557289606265014               -100.0
  2.5                 11.0000000   -8.18712259974e-07                  0.0                  0.0    4.376000312452609  0.17771039373498568               -100.0
  3.0                  7.0000000      3.204353268e-09                  0.0                  0.0               -100.0               -100.0               -100.0
  3.0                  8.0000000    -2.8839179412e-08                  0.0                  0.0              -60.918   -67.26728960626501               -100.0
  3.0                  8.3010300     -8.811971487e-08                  0.0                  0.0              -18.871  -26.204289606265014               -100.0
  3.0                  8.4771213   -1.58615486766e-07                  0.0                  0.0  -15.598999999069354  -22.601289606265016               -100.0
  3.0                  8.6020600   -2.37122141832e-07                  0.0                  0.0   -13.59599928585902  -20.261289606265013               -100.0
  3.0                  8.6989700     -3.204353268e-07                  0.0                  0.0  -12.171969885943966  -18.742289606265015               -100.0
  3.0                  8.7781513   -4.10157218304e-07                  0.0                  0.0  -11.157615769194072  -17.689289606265014               -100.0
  3.0                  8.8450980   -5.03083463076e-07                  0.0                  0.0   -10.40140887654596  -16.896289606265015               -100.0
  3.0                  8.9030900   -5.99214061116e-07                  0.0                  0.0   -9.802595672781688  -16.246289606265016               -100.0
  3.0                  8.9542425   -6.85731599352e-07                  0.0                  0.0    -9.29775862912941  -15.667289606265014               -100.0
  3.0                  9.0000000   -7.46614311444e-07                  0.0                  0.0   -8.858024365368635  -15.142289606265013               -100.0
  3.0                  9.1760913   -8.10701376804e-07                  0.0                  0.0  -7.3367105462301465  -13.348289606265014               -100.0
  3.0                  9.3010300    -8.1711008334e-07                  0.0                  0.0   -6.378674612474756  -12.241289606265013               -100.0
  3.0                  9.4771213   -8.18712259974e-07                  0.0                  0.0   -5.141804239300577  -10.824289606265014               -100.0
  3.0                  9.6020600   -8.18712259974e-07                  0.0                  0.0  -4.3259882059948005   -9.883289606265015               -100.0
  3.0                  9.6989700   -8.18712259974e-07                  0.0                  0.0  -3.7173275954701848   -9.169289606265014               -100.0
  3.0                  9.8750613   -8.18712259974e-07                  0.0                  0.0  -2.6334174072285634   -7.882289606265014               -100.0
  3.0                 10.0000000   -8.18712259974e-07                  0.0                  0.0  -1.9035906484342962   -7.014289606265014               -100.0
  3.0                 10.4771213   -8.18712259974e-07                  0.0                  0.0   1.1762628166627649   -3.557289606265014               -100.0
  3.0                 11.0000000   -8.18712259974e-07                  0.0                  0.0    4.376000312452609  0.17771039373498568               -100.0
  3.5                  7.0000000       8.01088317e-09                  0.0                  0.0               -100.0               -100.0               -100.0
  3.5                  8.0000000    -1.1215236438e-08                  0.0                  0.0              -61.457   -67.80628960626501               -100.0
  3.5                  8.3010300    -5.4474005556e-08                  0.0                  0.0              -18.895  -26.228289606265015               -100.0
  3.5                  8.4771213   -1.10550187746e-07                  0.0                  0.0  -15.610999999702297  -22.610289606265017               -100.0
  3.5                  8.6020600   -1.73035076472e-07                  0.0                  0.0  -13.601999773126277  -20.265289606265014               -100.0
  3.5                  8.6989700     -2.403264951e-07                  0.0                  0.0  -12.174990476873578  -18.745289606265015               -100.0
  3.5                  8.7781513   -3.14026620264e-07                  0.0                  0.0  -11.159878458794578  -17.693289606265015               -100.0
  3.5                  8.8450980    -3.9253327533e-07                  0.0                  0.0  -10.405178942225495  -16.903289606265016               -100.0
  3.5                  8.9030900    -4.7264210703e-07                  0.0                  0.0    -9.81130227900626  -16.267289606265013               -100.0
  3.5                  8.9542425   -5.55955291998e-07                  0.0                  0.0   -9.320595836900292  -15.722289606265013               -100.0
  3.5                  9.0000000   -6.36064123698e-07                  0.0                  0.0   -8.894961897479154  -15.225289606265013               -100.0
  3.5                  9.1760913   -7.94679610464e-07                  0.0                  0.0   -7.348549190963259  -13.368289606265014               -100.0
  3.5                  9.3010300   -8.12303553438e-07                  0.0                  0.0   -6.382130004209071  -12.246289606265014               -100.0
  3.5                  9.4771213    -8.1711008334e-07                  0.0                  0.0   -5.142317763686746  -10.824289606265014               -100.0
  3.5                  9.6020600    -8.1711008334e-07                  0.0                  0.0   -4.326559387137826   -9.883289606265015               -100.0
  3.5                  9.6989700   -8.18712259974e-07                  0.0                  0.0  -3.7173275954701848   -9.170289606265014               -100.0
  3.5                  9.8750613   -8.18712259974e-07                  0.0                  0.0  -2.6334174072285634   -7.882289606265014               -100.0
  3.5                 10.0000000   -8.18712259974e-07                  0.0                  0.0  -1.9035906484342962   -7.014289606265014               -100.0
  3.5                 10.4771213   -8.18712259974e-07                  0.0                  0.0   1.1762628166627649   -3.557289606265014               -100.0
  3.5                 11.0000000   -8.18712259974e-07                  0.0                  0.0    4.376000312452609  0.17771039373498568               -100.0
  4.0                  7.0000000     1.9226119608e-08                  0.0                  0.0               -100.0               -100.0               -100.0
  4.0                  8.0000000       8.01088317e-09                  0.0                  0.0              -62.078     -68.427289606265               -100.0
  4.0                  8.3010300    -2.0828296242e-08                  0.0                  0.0              -18.969  -26.304289606265016               -100.0
  4.0                  8.4771213    -6.0882712092e-08                  0.0                  0.0  -15.647999999902549  -22.639289606265017               -100.0
  4.0                  8.6020600   -1.07345834478e-07                  0.0                  0.0  -13.617999927925062  -20.280289606265015               -100.0
  4.0                  8.6989700     -1.602176634e-07                  0.0                  0.0   -12.18499698155823  -18.756289606265014               -100.0
  4.0                  8.7781513   -2.17896022224e-07                  0.0                  0.0  -11.167961473012884  -17.702289606265015               -100.0
  4.0                  8.8450980    -2.8038091095e-07                  0.0                  0.0   -10.41173959213264  -16.911289606265015               -100.0
  4.0                  8.9030900   -3.46070152944e-07                  0.0                  0.0   -9.818821864857924  -16.280289606265015               -100.0
  4.0                  8.9542425   -4.13361571572e-07                  0.0                  0.0    -9.33396572395181  -15.747289606265014               -100.0
  4.0                  9.0000000   -4.85459520102e-07                  0.0                  0.0   -8.919877278041165  -15.280289606265013               -100.0
  4.0                  9.1760913   -7.43409958176e-07                  0.0                  0.0  -7.3814002538729016  -13.424289606265013               -100.0
  4.0                  9.3010300   -7.96281787098e-07                  0.0                  0.0   -6.392863441180032  -12.261289606265015               -100.0
  4.0                  9.4771213   -8.12303553438e-07                  0.0                  0.0   -5.144366108468932  -10.827289606265014               -100.0
  4.0                  9.6020600   -8.15507906706e-07                  0.0                  0.0   -4.327130004209072   -9.883289606265015               -100.0
  4.0                  9.6989700    -8.1711008334e-07                  0.0                  0.0   -3.717963139179694   -9.170289606265014               -100.0
  4.0                  9.8750613   -8.18712259974e-07                  0.0                  0.0  -2.6334174072285634   -7.882289606265014               -100.0
  4.0                 10.0000000   -8.18712259974e-07                  0.0                  0.0  -1.9035906484342962   -7.014289606265014               -100.0
  4.0                 10.4771213   -8.18712259974e-07                  0.0                  0.0   1.1762628166627649   -3.557289606265014               -100.0
  4.0                 11.0000000   -8.18712259974e-07                  0.0                  0.0    4.376000312452609  0.17771039373498568               -100.0
  4.5                  7.0000000      4.005441585e-08                  0.0                  0.0               -100.0               -100.0               -100.0
  4.5                  8.0000000     3.5247885948e-08                  0.0                  0.0              -62.938     -69.287289606265               -100.0
  4.5                  8.3010300     1.9226119608e-08                  0.0                  0.0              -19.189  -26.529289606265017               -100.0
  4.5                  8.4771213     -6.408706536e-09                  0.0                  0.0  -15.758999999965898  -22.722289606265015               -100.0
  4.5                  8.6020600    -3.8452239216e-08                  0.0                  0.0   -13.66699997683756  -20.325289606265013               -100.0
  4.5                  8.6989700    -7.5302301798e-08                  0.0                  0.0  -12.215999041076786  -18.790289606265013               -100.0
  4.5                  8.7781513   -1.18561070916e-07                  0.0                  0.0  -11.191987731875427  -17.729289606265013               -100.0
  4.5                  8.8450980   -1.65024193302e-07                  0.0                  0.0  -10.431916872877558  -16.934289606265015               -100.0
  4.5                  8.9030900   -2.14691668956e-07                  0.0                  0.0   -9.836622779151837  -16.299289606265013               -100.0
  4.5                  8.9542425   -2.67563497878e-07                  0.0                  0.0   -9.349711335633499  -15.769289606265014               -100.0
  4.5                  9.0000000   -3.23639680068e-07                  0.0                  0.0   -8.938410875584767  -15.310289606265014               -100.0
  4.5                  9.1760913   -6.12031474188e-07                  0.0                  0.0   -7.445971068980158  -13.542289606265014               -100.0
  4.5                  9.3010300   -7.48216488078e-07                  0.0                  0.0  -6.4228095452386595  -12.308289606265014               -100.0
  4.5                  9.4771213      -8.01088317e-07                  0.0                  0.0  -5.1514559011549865  -10.836289606265014               -100.0
  4.5                  9.6020600   -8.10701376804e-07                  0.0                  0.0   -4.329838469164488   -9.887289606265014               -100.0
  4.5                  9.6989700   -8.13905730072e-07                  0.0                  0.0  -3.7192326257393797   -9.171289606265015               -100.0
  4.5                  9.8750613    -8.1711008334e-07                  0.0                  0.0  -2.6342104817175875   -7.882289606265014               -100.0
  4.5                 10.0000000    -8.1711008334e-07                  0.0                  0.0   -1.904487124925937   -7.014289606265014               -100.0
  4.5                 10.4771213   -8.18712259974e-07                  0.0                  0.0   1.1762628166627649   -3.557289606265014               -100.0
  4.5                 11.0000000   -8.18712259974e-07                  0.0                  0.0    4.376000312452609  0.17771039373498568               -100.0
  5.0                  7.0000000     8.4915361602e-08                  0.0                  0.0               -100.0               -100.0               -100.0
  5.0                  8.0000000     8.3313184968e-08                  0.0                  0.0              -64.422   -70.77128960626501               -100.0
  5.0                  8.3010300     7.5302301798e-08                  0.0                  0.0              -19.788  -27.144289606265016               -100.0
  5.0                  8.4771213     6.0882712092e-08                  0.0                  0.0   -16.05099999998676  -22.938289606265016               -100.0
  5.0                  8.6020600     4.1656592484e-08                  0.0                  0.0   -13.80399999252202  -20.454289606265014               -100.0
  5.0                  8.6989700     1.7623942974e-08                  0.0                  0.0  -12.307999694659678  -18.891289606265016               -100.0
  5.0                  8.7781513    -1.1215236438e-08                  0.0                  0.0  -11.264996057403428  -17.810289606265016               -100.0
  5.0                  8.8450980    -4.3258769118e-08                  0.0                  0.0  -10.490973160718116  -17.000289606265014               -100.0
  5.0                  8.9030900    -7.8506655066e-08                  0.0                  0.0   -9.885878178652455  -16.353289606265015               -100.0
  5.0                  8.9542425   -1.15356717648e-07                  0.0                  0.0   -9.391583537345136  -15.814289606265014               -100.0
  5.0                  9.0000000   -1.57013310132e-07                  0.0                  0.0    -8.97484067681642  -15.352289606265014               -100.0
  5.0                  9.1760913   -3.94135451964e-07                  0.0                  0.0   -7.509804413462947  -13.664289606265013               -100.0
  5.0                  9.3010300   -6.13633650822e-07                  0.0                  0.0  -6.4954328877522025  -12.424289606265013               -100.0
  5.0                  9.4771213   -7.62636077784e-07                  0.0                  0.0   -5.171675340092342  -10.865289606265014               -100.0
  5.0                  9.6020600    -7.9307743383e-07                  0.0                  0.0   -4.338183018198391   -9.897289606265014               -100.0
  5.0                  9.6989700   -8.04292670268e-07                  0.0                  0.0  -3.7230282547933404   -9.176289606265014               -100.0
  5.0                  9.8750613   -8.12303553438e-07                  0.0                  0.0  -2.6350031780805128   -7.884289606265014               -100.0
  5.0                 10.0000000   -8.15507906706e-07                  0.0                  0.0   -1.904590648434296   -7.015289606265014               -100.0
  5.0                 10.4771213   -8.18712259974e-07                  0.0                  0.0   1.1762628166627649   -3.557289606265014               -100.0
  5.0                 11.0000000   -8.18712259974e-07                  0.0                  0.0    4.376000312452609  0.17771039373498568               -100.0
  5.5                  7.0000000    1.74637253106e-07                  0.0                  0.0               -100.0               -100.0               -100.0
  5.5                  8.0000000    1.73035076472e-07                  0.0                  0.0               -67.26   -73.60928960626501               -100.0
  5.5                  8.3010300     1.6822854657e-07                  0.0                  0.0              -21.184  -28.539289606265015               -100.0
  5.5                  8.4771213    1.61819840034e-07                  0.0                  0.0   -16.63199999999559  -23.414289606265015               -100.0
  5.5                  8.6020600     1.5220678023e-07                  0.0                  0.0  -14.133999997818353  -20.804289606265016               -100.0
  5.5                  8.6989700    1.37787190524e-07                  0.0                  0.0  -12.560999904548169  -19.177289606265013               -100.0
  5.5                  8.7781513    1.21765424184e-07                  0.0                  0.0  -11.472998706448678  -18.044289606265014               -100.0
  5.5                  8.8450980    1.02539304576e-07                  0.0                  0.0  -10.663991030260583  -17.188289606265016               -100.0
  5.5                  8.9030900       8.01088317e-08                  0.0                  0.0   -10.02995909618088  -16.505289606265016               -100.0
  5.5                  8.9542425     5.4474005556e-08                  0.0                  0.0   -9.511860775810808  -15.939289606265014               -100.0
  5.5                  9.0000000     2.7237002778e-08                  0.0                  0.0   -9.076613996453183  -15.456289606265013               -100.0
  5.5                  9.1760913   -1.40991543792e-07                  0.0                  0.0   -7.576515886615568  -13.760289606265014               -100.0
  5.5                  9.3010300   -3.46070152944e-07                  0.0                  0.0   -6.595921652009654  -12.592289606265014               -100.0
  5.5                  9.4771213   -6.44075006868e-07                  0.0                  0.0  -5.2301111385473105  -10.948289606265014               -100.0
  5.5                  9.6020600   -7.38603428274e-07                  0.0                  0.0   -4.362179245529344   -9.931289606265015               -100.0
  5.5                  9.6989700   -7.72249137588e-07                  0.0                  0.0    -3.73567749548225   -9.193289606265015               -100.0
  5.5                  9.8750613   -7.99486140366e-07                  0.0                  0.0  -2.6391701720703113   -7.889289606265014               -100.0
  5.5                 10.0000000    -8.0909920017e-07                  0.0                  0.0  -1.9063833875278031   -7.017289606265014               -100.0
  5.5                 10.4771213    -8.1711008334e-07                  0.0                  0.0   1.1752634223340392   -3.557289606265014               -100.0
  5.5                 11.0000000   -8.18712259974e-07                  0.0                  0.0    4.376000312452609  0.17771039373498568               -100.0
  6.0                  7.0000000     3.4446797631e-07                  0.0                  0.0               -100.0               -100.0               -100.0
  6.0                  8.0000000    3.42865799676e-07                  0.0                  0.0              -72.596   -78.94528960626502               -100.0
  6.0                  8.3010300    3.39661446408e-07                  0.0                  0.0              -23.847  -31.189289606265014               -100.0
  6.0                  8.4771213     3.3645709314e-07                  0.0                  0.0  -17.720999999999194  -24.599289606265014               -100.0
  6.0                  8.6020600    3.30048386604e-07                  0.0                  0.0  -14.968999999412802  -21.742289606265015               -100.0
  6.0                  8.6989700    3.22037503434e-07                  0.0                  0.0  -13.240999968538146  -19.929289606265016               -100.0
  6.0                  8.7781513    3.14026620264e-07                  0.0                  0.0  -12.032999537848804  -18.645289606265013               -100.0
  6.0                  8.8450980    3.02811383826e-07                  0.0                  0.0  -11.126996720688503  -17.669289606265014               -100.0
  6.0                  8.9030900     2.8839179412e-07                  0.0                  0.0  -10.412985182432903  -16.893289606265014               -100.0
  6.0                  8.9542425    2.73972204414e-07                  0.0                  0.0   -9.831950253854247  -16.257289606265015               -100.0
  6.0                  9.0000000    2.57950438074e-07                  0.0                  0.0   -9.344864880898081  -15.723289606265014               -100.0
  6.0                  9.1760913    1.47400250328e-07                  0.0                  0.0   -7.713476119441335  -13.906289606265014               -100.0
  6.0                  9.3010300      1.602176634e-09                  0.0                  0.0   -6.707521651805175  -12.749289606265014               -100.0
  6.0                  9.4771213   -3.39661446408e-07                  0.0                  0.0   -5.353479274183419  -11.132289606265013               -100.0
  6.0                  9.6020600    -5.6877270507e-07                  0.0                  0.0    -4.43313125216884  -10.028289606265014               -100.0
  6.0                  9.6989700   -6.71312009646e-07                  0.0                  0.0  -3.7756430290417606   -9.244289606265014               -100.0
  6.0                  9.8750613   -7.59431724516e-07                  0.0                  0.0  -2.6529918865762334   -7.905289606265014               -100.0
  6.0                 10.0000000   -7.86668727294e-07                  0.0                  0.0   -1.912756449540849   -7.023289606265014               -100.0
  6.0                 10.4771213   -8.15507906706e-07                  0.0                  0.0   1.1752634223340392   -3.557289606265014               -100.0
  6.0                 11.0000000   -8.18712259974e-07                  0.0                  0.0    4.376000312452609  0.17771039373498568               -100.0
  6.5                  7.0000000    6.45677183502e-07                  0.0                  0.0               -100.0               -100.0               -100.0
  6.5                  8.0000000    6.42472830234e-07                  0.0                  0.0              -82.024   -88.37428960626501               -100.0
  6.5                  8.3010300      6.408706536e-07                  0.0                  0.0              -28.573   -35.91628960626501               -100.0
  6.5                  8.4771213    6.37666300332e-07                  0.0                  0.0   -20.64399999999954  -27.567289606265014               -100.0
  6.5                  8.6020600    6.34461947064e-07                  0.0                  0.0   -17.06699999970161  -23.826289606265014               -100.0
  6.5                  8.6989700    6.29655417162e-07                  0.0                  0.0  -14.822999985946506  -21.476289606265013               -100.0
  6.5                  8.7781513    6.23246710626e-07                  0.0                  0.0  -13.266999813024709  -19.843289606265014               -100.0
  6.5                  8.8450980     6.1683800409e-07                  0.0                  0.0  -12.119998758965968  -18.635289606265015               -100.0
  6.5                  8.9030900     6.0882712092e-07                  0.0                  0.0  -11.232994595175347  -17.696289606265015               -100.0
  6.5                  8.9542425    5.99214061116e-07                  0.0                  0.0  -10.522982267276394  -16.940289606265015               -100.0
  6.5                  9.0000000    5.89601001312e-07                  0.0                  0.0   -9.937952273405378  -16.313289606265016               -100.0
  6.5                  9.1760913     5.2070740605e-07                  0.0                  0.0   -8.031794460618276  -14.228289606265013               -100.0
  6.5                  9.3010300     4.2457680801e-07                  0.0                  0.0   -6.910736474146977  -12.973289606265014               -100.0
  6.5                  9.4771213    1.61819840034e-07                  0.0                  0.0  -5.5174529290180105  -11.369289606265014               -100.0
  6.5                  9.6020600   -1.39389367158e-07                  0.0                  0.0   -4.587317434507654  -10.250289606265014               -100.0
  6.5                  9.6989700   -3.74909332356e-07                  0.0                  0.0    -3.88446741393294   -9.391289606265014               -100.0
  6.5                  9.8750613   -6.34461947064e-07                  0.0                  0.0  -2.6941584730008903   -7.952289606265015               -100.0
  6.5                 10.0000000   -7.17775132032e-07                  0.0                  0.0   -1.931937488908408   -7.043289606265014               -100.0
  6.5                 10.4771213   -8.07497023536e-07                  0.0                  0.0   1.1752634223340392   -3.558289606265014               -100.0
  6.5                 11.0000000    -8.1711008334e-07                  0.0                  0.0    4.376000312452609  0.17771039373498568               -100.0
  7.0                  7.0000000   1.142351940042e-06                  0.0                  0.0               -100.0               -100.0               -100.0
  7.0                  8.0000000   1.142351940042e-06                  0.0                  0.0               -100.0               -100.0               -100.0
  7.0                  8.3010300    1.13754541014e-06                  0.0                  0.0              -36.376  -43.719289606265015               -100.0
  7.0                  8.4771213   1.134341056872e-06                  0.0                  0.0  -25.651999999999713  -32.594289606265015               -100.0
  7.0                  8.6020600   1.132738880238e-06                  0.0                  0.0   -20.38799999992453  -27.200289606265017               -100.0
  7.0                  8.6989700    1.12953452697e-06                  0.0                  0.0  -17.429999995918834  -24.132289606265015               -100.0
  7.0                  8.7781513   1.126330173702e-06                  0.0                  0.0  -15.402999940188558  -22.018289606265014               -100.0
  7.0                  8.8450980     1.1215236438e-06                  0.0                  0.0  -13.913999580449635  -20.454289606265014               -100.0
  7.0                  8.9030900   1.115114937264e-06                  0.0                  0.0  -12.765998125940504  -19.243289606265016               -100.0
  7.0                  8.9542425   1.110308407362e-06                  0.0                  0.0   -11.84899380870902  -18.272289606265016               -100.0
  7.0                  9.0000000   1.102297524192e-06                  0.0                  0.0  -11.096983336125762  -17.473289606265016               -100.0
  7.0                  9.1760913   1.059038755074e-06                  0.0                  0.0   -8.690591135068269  -14.887289606265014               -100.0
  7.0                  9.3010300    9.96553866348e-07                  0.0                  0.0   -7.338559025444624  -13.411289606265013               -100.0
  7.0                  9.4771213     8.1711008334e-07                  0.0                  0.0    -5.76814941097448  -11.668289606265015               -100.0
  7.0                  9.6020600     5.7678358824e-07                  0.0                  0.0  -4.8094590323243445  -10.560289606265014               -100.0
  7.0                  9.6989700    3.01209207192e-07                  0.0                  0.0   -4.101076472938086   -9.694289606265015               -100.0
  7.0                  9.8750613   -2.51541731538e-07                  0.0                  0.0   -2.817298842358503   -8.098289606265014               -100.0
  7.0                 10.0000000   -5.03083463076e-07                  0.0                  0.0  -1.9909642459263552   -7.109289606265015               -100.0
  7.0                 10.4771213    -7.8506655066e-07                  0.0                  0.0    1.172264637865907  -3.5602896062650142               -100.0
  7.0                 11.0000000   -8.15507906706e-07                  0.0                  0.0    4.376000312452609   0.1767103937349863               -100.0
  7.5                  7.0000000   1.921009784166e-06                  0.0                  0.0               -100.0               -100.0               -100.0
  7.5                  8.0000000   1.921009784166e-06                  0.0                  0.0               -100.0               -100.0               -100.0
  7.5                  8.3010300    1.91460107763e-06                  0.0                  0.0              -65.195   -71.51128960626501               -100.0
  7.5                  8.4771213    1.91460107763e-06                  0.0                  0.0  -33.830999999999705   -40.76928960626501               -100.0
  7.5                  8.6020600   1.912998900996e-06                  0.0                  0.0  -26.511999999926246   -33.32828960626502               -100.0
  7.5                  8.6989700   1.909794547728e-06                  0.0                  0.0  -21.923999998444806  -28.640289606265014               -100.0
  7.5                  8.7781513   1.908192371094e-06                  0.0                  0.0   -19.02799998001131  -25.624289606265016               -100.0
  7.5                  8.8450980   1.904988017826e-06                  0.0                  0.0   -16.94999986297991  -23.480289606265014               -100.0
  7.5                  8.9030900   1.901783664558e-06                  0.0                  0.0  -15.361999396351662  -21.832289606265014               -100.0
  7.5                  8.9542425   1.896977134656e-06                  0.0                  0.0  -14.106998010319623  -20.527289606265015               -100.0
  7.5                  9.0000000   1.892170604754e-06                  0.0                  0.0   -13.08699464472677  -19.462289606265013               -100.0
  7.5                  9.1760913   1.863331425342e-06                  0.0                  0.0    -9.88986673451725  -16.096289606265014               -100.0
  7.5                  9.3010300   1.821674832858e-06                  0.0                  0.0   -8.162180828826152  -14.251289606265013               -100.0
  7.5                  9.4771213   1.701511585308e-06                  0.0                  0.0   -6.252279221405849  -12.186289606265014               -100.0
  7.5                  9.6020600   1.534885215372e-06                  0.0                  0.0   -5.163646047990691  -10.981289606265014               -100.0
  7.5                  9.6989700   1.323397899684e-06                  0.0                  0.0    -4.41614990171231  -10.111289606265014               -100.0
  7.5                  9.8750613    6.85731599352e-07                  0.0                  0.0  -3.0999823497231875   -8.447289606265015               -100.0
  7.5                 10.0000000     1.3618501389e-07                  0.0                  0.0  -2.1668007543188965   -7.300289606265014               -100.0
  7.5                 10.4771213    -7.1296860213e-07                  0.0                  0.0   1.1652670857771363  -3.5682896062650142               -100.0
  7.5                 11.0000000    -8.0909920017e-07                  0.0                  0.0    4.375000312452609   0.1767103937349863               -100.0
  8.0                  7.0000000   3.105018316692e-06                  0.0                  0.0               -100.0               -100.0               -100.0
  8.0                  8.0000000   3.105018316692e-06                  0.0                  0.0               -100.0               -100.0               -100.0
  8.0                  8.3010300   3.105018316692e-06                  0.0                  0.0              -83.915   -90.23028960626502               -100.0
  8.0                  8.4771213   3.097007433522e-06                  0.0                  0.0              -58.408   -64.68528960626502               -100.0
  8.0                  8.6020600   3.097007433522e-06                  0.0                  0.0  -35.932999999904766   -42.76428960626502               -100.0
  8.0                  8.6989700   3.095405256888e-06                  0.0                  0.0   -29.37499999845195   -36.09228960626501               -100.0
  8.0                  8.7781513   3.093803080254e-06                  0.0                  0.0  -24.984999988964695  -31.622289606265017               -100.0
  8.0                  8.8450980   3.090598726986e-06                  0.0                  0.0  -22.047999920056295  -28.624289606265016               -100.0
  8.0                  8.9030900   3.088996550352e-06                  0.0                  0.0  -19.589999782337205  -26.103289606265015               -100.0
  8.0                  8.9542425   3.085792197084e-06                  0.0                  0.0   -17.79099932735801  -24.230289606265014               -100.0
  8.0                  9.0000000   3.082587843816e-06                  0.0                  0.0   -16.36699816437741  -22.763289606265015               -100.0
  8.0                  9.1760913   3.063361724208e-06                  0.0                  0.0  -11.964951720788175  -18.191289606265016               -100.0
  8.0                  9.3010300   3.034522544796e-06                  0.0                  0.0   -9.649689094181987  -15.764289606265013               -100.0
  8.0                  9.4771213   2.952811536462e-06                  0.0                  0.0   -7.180243200493241  -13.149289606265015               -100.0
  8.0                  9.6020600   2.839056995448e-06                  0.0                  0.0   -5.834003000405732  -11.701289606265014               -100.0
  8.0                  9.6989700   2.693258921754e-06                  0.0                  0.0   -4.953665493284997  -10.724289606265014               -100.0
  8.0                  9.8750613   2.199788518482e-06                  0.0                  0.0  -3.5450549088563963   -8.998289606265015               -100.0
  8.0                 10.0000000    1.57814398449e-06                  0.0                  0.0   -2.554793032677747   -7.733289606265014               -100.0
  8.0                 10.4771213   -4.82255166834e-07                  0.0                  0.0   1.1412764687631356  -3.5922896062650143               -100.0
  8.0                 11.0000000   -7.88270903928e-07                  0.0                  0.0    4.375000312452609   0.1767103937349863               -100.0
  8.5                  7.0000000   4.873821320628e-06                  0.0                  0.0               -100.0               -100.0               -100.0
  8.5                  8.0000000   4.873821320628e-06                  0.0                  0.0               -100.0               -100.0               -100.0
  8.5                  8.3010300   4.873821320628e-06                  0.0                  0.0               -100.0               -100.0               -100.0
  8.5                  8.4771213   4.873821320628e-06                  0.0                  0.0              -77.033   -83.31028960626502               -100.0
  8.5                  8.6020600    4.86260608419e-06                  0.0                  0.0              -59.484   -65.71928960626501               -100.0
  8.5                  8.6989700    4.86260608419e-06                  0.0                  0.0              -48.939  -55.131289606265014               -100.0
  8.5                  8.7781513   4.861003907556e-06                  0.0                  0.0  -34.339999986454835   -40.98028960626502               -100.0
  8.5                  8.8450980   4.859401730922e-06                  0.0                  0.0  -30.012999916288667   -36.59228960626501               -100.0
  8.5                  8.9030900   4.857799554288e-06                  0.0                  0.0  -26.536999786309995  -33.054289606265016               -100.0
  8.5                  8.9542425   4.856197377654e-06                  0.0                  0.0  -23.848999494426785  -30.314289606265014               -100.0
  8.5                  9.0000000   4.852993024386e-06                  0.0                  0.0   -21.81699860753716  -28.241289606265017               -100.0
  8.5                  9.1760913   4.840175611314e-06                  0.0                  0.0  -15.422974071860947  -21.673289606265016               -100.0
  8.5                  9.3010300   4.820949491706e-06                  0.0                  0.0  -12.208825539513931  -18.353289606265015               -100.0
  8.5                  9.4771213   4.764873309516e-06                  0.0                  0.0   -8.854363312706912  -14.858289606265014               -100.0
  8.5                  9.6020600   4.687968831084e-06                  0.0                  0.0   -7.075294560050512  -12.982289606265015               -100.0
  8.5                  9.6989700   4.588633879776e-06                  0.0                  0.0   -5.940719929686657  -11.761289606265015               -100.0
  8.5                  9.8750613   4.244165903466e-06                  0.0                  0.0    -4.23677916275854   -9.776289606265014               -100.0
  8.5                 10.0000000   3.771523796436e-06                  0.0                  0.0  -3.1551075789854583   -8.396289606265015               -100.0
  8.5                 10.4771213    2.37122141832e-07                  0.0                  0.0    1.066307348167557   -3.667289606265014               -100.0
  8.5                 11.0000000   -7.24183838568e-07                  0.0                  0.0    4.373000313172886  0.17471039373498562               -100.0
  9.0                  7.0000000    7.49017576395e-06                  0.0                  0.0               -100.0               -100.0               -100.0
  9.0                  8.0000000    7.49017576395e-06                  0.0                  0.0               -100.0               -100.0               -100.0
  9.0                  8.3010300    7.49017576395e-06                  0.0                  0.0               -100.0               -100.0               -100.0
  9.0                  8.4771213    7.49017576395e-06                  0.0                  0.0               -100.0               -100.0               -100.0
  9.0                  8.6020600    7.49017576395e-06                  0.0                  0.0              -80.147   -86.38228960626502               -100.0
  9.0                  8.6989700    7.49017576395e-06                  0.0                  0.0              -65.476   -71.67028960626502               -100.0
  9.0                  8.7781513    7.47415399761e-06                  0.0                  0.0              -55.549  -61.691289606265016               -100.0
  9.0                  8.8450980   7.472551820976e-06                  0.0                  0.0              -48.474  -54.566289606265016               -100.0
  9.0                  8.9030900   7.472551820976e-06                  0.0                  0.0  -37.287999366445476   -43.91228960626501               -100.0
  9.0                  8.9542425   7.470949644342e-06                  0.0                  0.0   -33.10799934115389   -39.59528960626501               -100.0
  9.0                  9.0000000   7.469347467708e-06                  0.0                  0.0   -30.09299844122464   -36.52628960626502               -100.0
  9.0                  9.1760913   7.459734407904e-06                  0.0                  0.0  -20.883975968974973  -27.143289606265014               -100.0
  9.0                  9.3010300   7.446916994832e-06                  0.0                  0.0  -16.308837181818568  -22.462289606265017               -100.0
  9.0                  9.4771213   7.408464755616e-06                  0.0                  0.0   -11.59348286048256  -17.607289606265013               -100.0
  9.0                  9.6020600   7.355592926694e-06                  0.0                  0.0   -9.134866421713745  -15.054289606265014               -100.0
  9.0                  9.6989700   7.288301508066e-06                  0.0                  0.0   -7.592736690200819  -13.428289606265015               -100.0
  9.0                  9.8750613   7.052781542868e-06                  0.0                  0.0    -5.35412965836678  -10.924289606265013               -100.0
  9.0                 10.0000000   6.724335332898e-06                  0.0                  0.0   -4.033068015601012   -9.311289606265014               -100.0
  9.0                 10.4771213   2.345586592176e-06                  0.0                  0.0    0.847401405753373   -3.887289606265014               -100.0
  9.0                 11.0000000   -5.17503052782e-07                  0.0                  0.0    4.366000316070638  0.16771039373498592               -100.0
  9.5                  7.0000000  1.1345012745354e-05                  0.0                  0.0               -100.0               -100.0               -100.0
  9.5                  8.0000000  1.1345012745354e-05                  0.0                  0.0               -100.0               -100.0               -100.0
  9.5                  8.3010300  1.1345012745354e-05                  0.0                  0.0               -100.0               -100.0               -100.0
  9.5                  8.4771213  1.1345012745354e-05                  0.0                  0.0               -100.0               -100.0               -100.0
  9.5                  8.6020600  1.1345012745354e-05                  0.0                  0.0               -100.0               -100.0               -100.0
  9.5                  8.6989700  1.1345012745354e-05                  0.0                  0.0   -89.72999999997668               -100.0               -100.0
  9.5                  8.7781513  1.1345012745354e-05                  0.0                  0.0              -75.846   -81.98928960626502               -100.0
  9.5                  8.8450980  1.1345012745354e-05                  0.0                  0.0              -65.876   -71.96928960626502               -100.0
  9.5                  8.9030900  1.1320980095844e-05                  0.0                  0.0              -58.259   -64.30028960626501               -100.0
  9.5                  8.9542425   1.131937791921e-05                  0.0                  0.0              -52.383  -58.374289606265016               -100.0
  9.5                  9.0000000   1.131937791921e-05                  0.0                  0.0              -47.649   -53.59928960626502               -100.0
  9.5                  9.1760913  1.1312969212674e-05                  0.0                  0.0   -29.07296911348789  -35.347289606265015               -100.0
  9.5                  9.3010300   1.130335615287e-05                  0.0                  0.0  -22.374837556219966  -28.528289606265016               -100.0
  9.5                  9.4771213  1.1277721326726e-05                  0.0                  0.0  -15.650482860482558  -21.664289606265015               -100.0
  9.5                  9.6020600  1.1242473440778e-05                  0.0                  0.0  -12.189880429629515  -18.110289606265013               -100.0
  9.5                  9.6989700  1.1196010318392e-05                  0.0                  0.0  -10.049775617677188  -15.886289606265013               -100.0
  9.5                  9.8750613  1.1034190478358e-05                  0.0                  0.0  -7.0180609382692625  -12.592289606265014               -100.0
  9.5                 10.0000000  1.0809885749598e-05                  0.0                  0.0   -5.308117516367659  -10.593289606265014               -100.0
  9.5                 10.4771213   6.967866181266e-06                  0.0                  0.0   0.3645868010438662   -4.370289606265014               -100.0
  9.5                 11.0000000    1.32980660622e-07                  0.0                  0.0    4.346000324178456  0.14771039373498546               -100.0
 10.0                  7.0000000  1.7013513676446e-05                  0.0                  0.0               -100.0               -100.0               -100.0
 10.0                  8.0000000  1.7013513676446e-05                  0.0                  0.0               -100.0               -100.0               -100.0
 10.0                  8.3010300  1.7013513676446e-05                  0.0                  0.0               -100.0               -100.0               -100.0
 10.0                  8.4771213  1.7013513676446e-05                  0.0                  0.0               -100.0               -100.0               -100.0
 10.0                  8.6020600  1.7013513676446e-05                  0.0                  0.0               -100.0               -100.0               -100.0
 10.0                  8.6989700  1.7013513676446e-05                  0.0                  0.0               -100.0               -100.0               -100.0
 10.0                  8.7781513  1.7013513676446e-05                  0.0                  0.0               -100.0               -100.0               -100.0
 10.0                  8.8450980  1.7013513676446e-05                  0.0                  0.0               -100.0               -100.0               -100.0
 10.0                  8.9030900  1.7013513676446e-05                  0.0                  0.0              -80.646   -86.68728960626501               -100.0
 10.0                  8.9542425  1.7013513676446e-05                  0.0                  0.0              -72.284   -78.27728960626501               -100.0
 10.0                  9.0000000  1.7013513676446e-05                  0.0                  0.0              -65.565   -71.51528960626501               -100.0
 10.0                  9.1760913  1.6971857083962e-05                  0.0                  0.0               -45.09  -50.881289606265014               -100.0
 10.0                  9.3010300  1.6965448377426e-05                  0.0                  0.0   -32.43766859305236  -38.759289606265014               -100.0
 10.0                  9.4771213  1.6949426611086e-05                  0.0                  0.0  -21.597479369230452  -27.610289606265017               -100.0
 10.0                  9.6020600  1.6923791784942e-05                  0.0                  0.0  -16.658880429629512  -22.578289606265017               -100.0
 10.0                  9.6989700  1.6891748252262e-05                  0.0                  0.0  -13.633775617677188  -19.470289606265016               -100.0
 10.0                  9.8750613   1.678280024115e-05                  0.0                  0.0   -9.428847901527396  -15.003289606265014               -100.0
 10.0                 10.0000000  1.6628991284286e-05                  0.0                  0.0   -7.138637365724574  -12.424289606265013               -100.0
 10.0                 10.4771213  1.3855623530832e-05                  0.0                  0.0 -0.35627818923310084   -5.092289606265014               -100.0
 10.0                 11.0000000   2.161336279266e-06                  0.0                  0.0    4.283000348966821   0.0847103937349857               -100.0
 10.5                  7.0000000  2.5341627819978e-05                  0.0                  0.0               -100.0               -100.0               -100.0
 10.5                  8.0000000  2.5341627819978e-05                  0.0                  0.0               -100.0               -100.0               -100.0
 10.5                  8.3010300  2.5341627819978e-05                  0.0                  0.0               -100.0               -100.0               -100.0
 10.5                  8.4771213  2.5341627819978e-05                  0.0                  0.0               -100.0               -100.0               -100.0
 10.5                  8.6020600  2.5341627819978e-05                  0.0                  0.0               -100.0               -100.0               -100.0
 10.5                  8.6989700  2.5341627819978e-05                  0.0                  0.0               -100.0               -100.0               -100.0
 10.5                  8.7781513  2.5341627819978e-05                  0.0                  0.0               -100.0               -100.0               -100.0
 10.5                  8.8450980  2.5341627819978e-05                  0.0                  0.0               -100.0               -100.0               -100.0
 10.5                  8.9030900  2.5341627819978e-05                  0.0                  0.0               -100.0               -100.0               -100.0
 10.5                  8.9542425  2.5341627819978e-05                  0.0                  0.0               -100.0               -100.0               -100.0
 10.5                  9.0000000  2.5341627819978e-05                  0.0                  0.0               -100.0               -100.0               -100.0
 10.5                  9.1760913  2.5341627819978e-05                  0.0                  0.0              -62.638     -68.433289606265               -100.0
 10.5                  9.3010300  2.5277540754618e-05                  0.0                  0.0              -47.782   -53.47028960626501               -100.0
 10.5                  9.4771213   2.526632551818e-05                  0.0                  0.0              -32.775   -38.31528960626502               -100.0
 10.5                  9.6020600  2.5248701575206e-05                  0.0                  0.0  -23.218695822831666  -29.143289606265014               -100.0
 10.5                  9.6989700  2.5227873278964e-05                  0.0                  0.0  -18.877775617677187  -24.714289606265016               -100.0
 10.5                  9.8750613  2.5152570977166e-05                  0.0                  0.0  -12.939847901527397  -18.514289606265013               -100.0
 10.5                 10.0000000  2.5048429495956e-05                  0.0                  0.0   -9.786637365724575  -15.072289606265013               -100.0
 10.5                 10.4771213  2.3137032771594e-05                  0.0                  0.0  -1.3292424601452915   -6.065289606265014               -100.0
 10.5                 11.0000000   8.244800958564e-06                  0.0                  0.0    4.094000420517527 -0.10628960626501414               -100.0
 11.0                  7.0000000  3.7569439890666e-05                  0.0                  0.0               -100.0               -100.0               -100.0
 11.0                  8.0000000  3.7569439890666e-05                  0.0                  0.0               -100.0               -100.0               -100.0
 11.0                  8.3010300  3.7569439890666e-05                  0.0                  0.0               -100.0               -100.0               -100.0
 11.0                  8.4771213  3.7569439890666e-05                  0.0                  0.0               -100.0               -100.0               -100.0
 11.0                  8.6020600  3.7569439890666e-05                  0.0                  0.0               -100.0               -100.0               -100.0
 11.0                  8.6989700  3.7569439890666e-05                  0.0                  0.0               -100.0               -100.0               -100.0
 11.0                  8.7781513  3.7569439890666e-05                  0.0                  0.0               -100.0               -100.0               -100.0
 11.0                  8.8450980  3.7569439890666e-05                  0.0                  0.0               -100.0               -100.0               -100.0
 11.0                  8.9030900  3.7569439890666e-05                  0.0                  0.0               -100.0               -100.0               -100.0
 11.0                  8.9542425  3.7569439890666e-05                  0.0                  0.0               -100.0               -100.0               -100.0
 11.0                  9.0000000  3.7569439890666e-05                  0.0                  0.0               -100.0               -100.0               -100.0
 11.0                  9.1760913  3.7569439890666e-05                  0.0                  0.0   -88.28499999999916   -94.07728960626501               -100.0
 11.0                  9.3010300  3.7569439890666e-05                  0.0                  0.0              -67.111   -72.80228960626502               -100.0
 11.0                  9.4771213  3.7470104939358e-05                  0.0                  0.0              -45.572  -51.112289606265016               -100.0
 11.0                  9.6020600   3.745888970292e-05                  0.0                  0.0              -34.662   -40.09028960626502               -100.0
 11.0                  9.6989700  3.7444470113214e-05                  0.0                  0.0              -27.974   -33.31528960626501               -100.0
 11.0                  9.8750613  3.7393200460926e-05                  0.0                  0.0   -18.07306093826926  -23.647289606265016               -100.0
 11.0                 10.0000000  3.7321102512396e-05                  0.0                  0.0  -13.647637365724574  -18.933289606265014               -100.0
 11.0                 10.4771213  3.6015328555686e-05                  0.0                  0.0  -2.6792389665620733   -7.415289606265015               -100.0
 11.0                 11.0000000  2.2412848933026e-05                  0.0                  0.0    3.651000556908739   -0.550289606265014               -100.0
 11.5                  7.0000000  5.5520226898002e-05                  0.0                  0.0               -100.0               -100.0               -100.0
 11.5                  8.0000000  5.5520226898002e-05                  0.0                  0.0               -100.0               -100.0               -100.0
 11.5                  8.3010300  5.5520226898002e-05                  0.0                  0.0               -100.0               -100.0               -100.0
 11.5                  8.4771213  5.5520226898002e-05                  0.0                  0.0               -100.0               -100.0               -100.0
 11.5                  8.6020600  5.5520226898002e-05                  0.0                  0.0               -100.0               -100.0               -100.0
 11.5                  8.6989700  5.5520226898002e-05                  0.0                  0.0               -100.0               -100.0               -100.0
 11.5                  8.7781513  5.5520226898002e-05                  0.0                  0.0               -100.0               -100.0               -100.0
 11.5                  8.8450980  5.5520226898002e-05                  0.0                  0.0               -100.0               -100.0               -100.0
 11.5                  8.9030900  5.5520226898002e-05                  0.0                  0.0               -100.0               -100.0               -100.0
 11.5                  8.9542425  5.5520226898002e-05                  0.0                  0.0               -100.0               -100.0               -100.0
 11.5                  9.0000000  5.5520226898002e-05                  0.0                  0.0               -100.0               -100.0               -100.0
 11.5                  9.1760913  5.5520226898002e-05                  0.0                  0.0               -100.0               -100.0               -100.0
 11.5                  9.3010300  5.5520226898002e-05                  0.0                  0.0               -100.0               -100.0               -100.0
 11.5                  9.4771213  5.5520226898002e-05                  0.0                  0.0                -64.5   -70.03928960626502               -100.0
 11.5                  9.6020600   5.537122447104e-05                  0.0                  0.0              -48.749   -54.17728960626501               -100.0
 11.5                  9.6989700  5.5361611411236e-05                  0.0                  0.0              -39.247   -44.58728960626502               -100.0
 11.5                  9.8750613  5.5326363525288e-05                  0.0                  0.0              -26.265  -31.451289606265014               -100.0
 11.5                 10.0000000  5.5278298226268e-05                  0.0                  0.0  -19.296156640316475  -24.581289606265017               -100.0
 11.5                 10.4771213  5.4387488017764e-05                  0.0                  0.0   -4.606237213738577   -9.341289606265015               -100.0
 11.5                 11.0000000   4.442034717765e-05                  0.0                  0.0    2.960000649806403  -1.2422896062650142               -100.0
