!70as -> 70ge, e- capture
!Q=-6.228 MeV
!
!Log(rhoY)            Log(temp)            mu                   dQ                   Vs                   Log(e-cap-rate)      Log(nu-energy-loss)  Log(gamma-energy)   
!Log(g/cm^3)          Log(K)               erg                  erg                  erg                  Log(1/s)             Log(erg/s)           Log(erg/s)          
  1.0                  7.0000000     -4.806529902e-09                  0.0                  0.0  -3.7178781786524557   -9.427289606265015               -100.0
  1.0                  8.0000000    -9.2926244772e-08                  0.0                  0.0  -3.5499717010604304   -9.185289606265014               -100.0
  1.0                  8.3010300   -2.14691668956e-07                  0.0                  0.0  -3.1079905858827237   -8.651289606265014               -100.0
  1.0                  8.4771213   -3.49274506212e-07                  0.0                  0.0   -2.864994507354566   -8.380289606265015               -100.0
  1.0                  8.6020600   -4.91868226638e-07                  0.0                  0.0  -2.7149959933416823   -8.215289606265014               -100.0
  1.0                  8.6989700   -6.39268476966e-07                  0.0                  0.0  -2.6099967357555136   -8.101289606265015               -100.0
  1.0                  8.7781513   -7.65840431052e-07                  0.0                  0.0    -2.52999615600876   -8.016289606265014               -100.0
  1.0                  8.8450980   -8.05894846902e-07                  0.0                  0.0  -2.4669891162421824  -7.9492896062650145               -100.0
  1.0                  8.9030900   -8.15507906706e-07                  0.0                  0.0   -2.416967132408745   -7.895289606265014               -100.0
  1.0                  8.9542425    -8.1711008334e-07                  0.0                  0.0  -2.3749164892170813   -7.851289606265015               -100.0
  1.0                  9.0000000   -8.18712259974e-07                  0.0                  0.0  -2.3398181583400137   -7.814289606265015               -100.0
  1.0                  9.1760913   -8.18712259974e-07                  0.0                  0.0  -2.2267162847431243   -7.692289606265014               -100.0
  1.0                  9.3010300   -8.18712259974e-07                  0.0                  0.0   -2.165095723372874   -7.621289606265014               -100.0
  1.0                  9.4771213   -8.18712259974e-07                  0.0                  0.0  -2.0716051892009557   -7.497289606265014               -100.0
  1.0                  9.6020600   -8.18712259974e-07                  0.0                  0.0  -1.9342008624100526   -7.306289606265014               -100.0
  1.0                  9.6989700   -8.18712259974e-07                  0.0                  0.0  -1.7272712799907879   -7.038289606265014               -100.0
  1.0                  9.8750613   -8.18712259974e-07                  0.0                  0.0  -1.0855884235873339   -6.274289606265014               -100.0
  1.0                 10.0000000   -8.18712259974e-07                  0.0                  0.0  -0.5055606219474148   -5.599289606265014               -100.0
  1.0                 10.4771213   -8.18712259974e-07                  0.0                  0.0   2.5013529151711147  -2.0352896062650143               -100.0
  1.0                 11.0000000   -8.18712259974e-07                  0.0                  0.0     5.19220168958047   1.0857103937349861               -100.0
  1.5                  7.0000000     -3.204353268e-09                  0.0                  0.0   -3.717619290299722   -9.427289606265015               -100.0
  1.5                  8.0000000    -7.6904478432e-08                  0.0                  0.0   -3.549910517199172   -9.185289606265014               -100.0
  1.5                  8.3010300    -1.8425031291e-07                  0.0                  0.0     -3.1079702306449   -8.651289606265014               -100.0
  1.5                  8.4771213   -3.01209207192e-07                  0.0                  0.0  -2.8649826309675417   -8.380289606265015               -100.0
  1.5                  8.6020600   -4.27781161278e-07                  0.0                  0.0  -2.7149873299602834   -8.215289606265014               -100.0
  1.5                  8.6989700   -5.59159645266e-07                  0.0                  0.0   -2.609989725062855   -8.101289606265015               -100.0
  1.5                  8.7781513   -6.92140305888e-07                  0.0                  0.0     -2.5299907577079   -8.016289606265014               -100.0
  1.5                  8.8450980   -7.80260020758e-07                  0.0                  0.0  -2.4669857512362126  -7.9492896062650145               -100.0
  1.5                  8.9030900   -8.05894846902e-07                  0.0                  0.0  -2.4169644559804446   -7.895289606265014               -100.0
  1.5                  8.9542425   -8.13905730072e-07                  0.0                  0.0  -2.3749141497853246   -7.851289606265015               -100.0
  1.5                  9.0000000   -8.15507906706e-07                  0.0                  0.0  -2.3398160531586893   -7.814289606265015               -100.0
  1.5                  9.1760913   -8.18712259974e-07                  0.0                  0.0  -2.2267110340848366   -7.692289606265014               -100.0
  1.5                  9.3010300   -8.18712259974e-07                  0.0                  0.0   -2.165095723372874   -7.621289606265014               -100.0
  1.5                  9.4771213   -8.18712259974e-07                  0.0                  0.0  -2.0716051892009557   -7.497289606265014               -100.0
  1.5                  9.6020600   -8.18712259974e-07                  0.0                  0.0  -1.9342008624100526   -7.306289606265014               -100.0
  1.5                  9.6989700   -8.18712259974e-07                  0.0                  0.0  -1.7272712799907879   -7.038289606265014               -100.0
  1.5                  9.8750613   -8.18712259974e-07                  0.0                  0.0  -1.0855884235873339   -6.274289606265014               -100.0
  1.5                 10.0000000   -8.18712259974e-07                  0.0                  0.0  -0.5055606219474148   -5.599289606265014               -100.0
  1.5                 10.4771213   -8.18712259974e-07                  0.0                  0.0   2.5013529151711147  -2.0352896062650143               -100.0
  1.5                 11.0000000   -8.18712259974e-07                  0.0                  0.0     5.19220168958047   1.0857103937349861               -100.0
  2.0                  7.0000000     -1.602176634e-09                  0.0                  0.0  -3.7168406768164193   -9.426289606265014               -100.0
  2.0                  8.0000000    -6.0882712092e-08                  0.0                  0.0  -3.5497177440045253   -9.185289606265014               -100.0
  2.0                  8.3010300    -1.5220678023e-07                  0.0                  0.0   -3.107906084483199   -8.651289606265014               -100.0
  2.0                  8.4771213   -2.53143908172e-07                  0.0                  0.0  -2.8649450766714266   -8.380289606265015               -100.0
  2.0                  8.6020600   -3.63694095918e-07                  0.0                  0.0  -2.7149599350801115   -8.215289606265014               -100.0
  2.0                  8.6989700     -4.806529902e-07                  0.0                  0.0   -2.609967508626877   -8.101289606265015               -100.0
  2.0                  8.7781513    -6.0081623775e-07                  0.0                  0.0    -2.52997202498528   -8.016289606265014               -100.0
  2.0                  8.8450980   -7.14570778764e-07                  0.0                  0.0   -2.466971960498293  -7.9492896062650145               -100.0
  2.0                  8.9030900   -7.80260020758e-07                  0.0                  0.0  -2.4169549430507717   -7.895289606265014               -100.0
  2.0                  8.9542425   -8.02690493634e-07                  0.0                  0.0  -2.3749063004595943   -7.851289606265015               -100.0
  2.0                  9.0000000   -8.10701376804e-07                  0.0                  0.0   -2.339809151441718   -7.814289606265015               -100.0
  2.0                  9.1760913   -8.18712259974e-07                  0.0                  0.0  -2.2267057713862317   -7.692289606265014               -100.0
  2.0                  9.3010300   -8.18712259974e-07                  0.0                  0.0   -2.165073150619692   -7.621289606265014               -100.0
  2.0                  9.4771213   -8.18712259974e-07                  0.0                  0.0  -2.0716051892009557   -7.497289606265014               -100.0
  2.0                  9.6020600   -8.18712259974e-07                  0.0                  0.0  -1.9342008624100526   -7.306289606265014               -100.0
  2.0                  9.6989700   -8.18712259974e-07                  0.0                  0.0  -1.7272712799907879   -7.038289606265014               -100.0
  2.0                  9.8750613   -8.18712259974e-07                  0.0                  0.0  -1.0855884235873339   -6.274289606265014               -100.0
  2.0                 10.0000000   -8.18712259974e-07                  0.0                  0.0  -0.5055606219474148   -5.599289606265014               -100.0
  2.0                 10.4771213   -8.18712259974e-07                  0.0                  0.0   2.5013529151711147  -2.0352896062650143               -100.0
  2.0                 11.0000000   -8.18712259974e-07                  0.0                  0.0     5.19220168958047   1.0857103937349861               -100.0
  2.5                  7.0000000      1.602176634e-09                  0.0                  0.0  -3.7146724890482257   -9.423289606265014               -100.0
  2.5                  8.0000000    -4.4860945752e-08                  0.0                  0.0   -3.549110103933142   -9.184289606265015               -100.0
  2.5                  8.3010300    -1.2016324755e-07                  0.0                  0.0  -3.1077030824665868   -8.651289606265014               -100.0
  2.5                  8.4771213   -2.06680785786e-07                  0.0                  0.0  -2.8648263409268155   -8.380289606265015               -100.0
  2.5                  8.6020600   -3.01209207192e-07                  0.0                  0.0    -2.71487331623328   -8.215289606265014               -100.0
  2.5                  8.6989700     -4.005441585e-07                  0.0                  0.0  -2.6098972615661404   -8.101289606265015               -100.0
  2.5                  8.7781513   -5.06287816344e-07                  0.0                  0.0   -2.529911947785182   -8.016289606265014               -100.0
  2.5                  8.8450980   -6.13633650822e-07                  0.0                  0.0  -2.4669204308852843  -7.9492896062650145               -100.0
  2.5                  8.9030900   -7.11366425496e-07                  0.0                  0.0   -2.416916103786051   -7.895289606265014               -100.0
  2.5                  8.9542425    -7.6904478432e-07                  0.0                  0.0  -2.3748776164298846   -7.851289606265015               -100.0
  2.5                  9.0000000   -7.94679610464e-07                  0.0                  0.0  -2.3397848820018026   -7.814289606265015               -100.0
  2.5                  9.1760913   -8.15507906706e-07                  0.0                  0.0  -2.2266899107735676   -7.692289606265014               -100.0
  2.5                  9.3010300   -8.18712259974e-07                  0.0                  0.0   -2.165073150619692   -7.621289606265014               -100.0
  2.5                  9.4771213   -8.18712259974e-07                  0.0                  0.0  -2.0716051892009557   -7.497289606265014               -100.0
  2.5                  9.6020600   -8.18712259974e-07                  0.0                  0.0  -1.9342008624100526   -7.306289606265014               -100.0
  2.5                  9.6989700   -8.18712259974e-07                  0.0                  0.0  -1.7272712799907879   -7.038289606265014               -100.0
  2.5                  9.8750613   -8.18712259974e-07                  0.0                  0.0  -1.0855884235873339   -6.274289606265014               -100.0
  2.5                 10.0000000   -8.18712259974e-07                  0.0                  0.0  -0.5055606219474148   -5.599289606265014               -100.0
  2.5                 10.4771213   -8.18712259974e-07                  0.0                  0.0   2.5013529151711147  -2.0352896062650143               -100.0
  2.5                 11.0000000   -8.18712259974e-07                  0.0                  0.0     5.19220168958047   1.0857103937349861               -100.0
  3.0                  7.0000000      3.204353268e-09                  0.0                  0.0  -3.7094395410087593   -9.416289606265014               -100.0
  3.0                  8.0000000    -2.8839179412e-08                  0.0                  0.0   -3.547224152212006   -9.182289606265014               -100.0
  3.0                  8.3010300     -8.811971487e-08                  0.0                  0.0  -3.1070660636920757   -8.650289606265014               -100.0
  3.0                  8.4771213   -1.58615486766e-07                  0.0                  0.0   -2.864452340717775   -8.379289606265015               -100.0
  3.0                  8.6020600   -2.37122141832e-07                  0.0                  0.0  -2.7146004376903985   -8.214289606265014               -100.0
  3.0                  8.6989700     -3.204353268e-07                  0.0                  0.0   -2.609675942354371   -8.101289606265015               -100.0
  3.0                  8.7781513   -4.10157218304e-07                  0.0                  0.0  -2.5297216154610265   -8.016289606265014               -100.0
  3.0                  8.8450980   -5.03083463076e-07                  0.0                  0.0  -2.4667518808722075  -7.9492896062650145               -100.0
  3.0                  8.9030900   -5.99214061116e-07                  0.0                  0.0  -2.4167684373426184   -7.895289606265014               -100.0
  3.0                  8.9542425   -6.85731599352e-07                  0.0                  0.0  -2.3747603019743866   -7.851289606265015               -100.0
  3.0                  9.0000000   -7.46614311444e-07                  0.0                  0.0  -2.3396940634717316   -7.814289606265015               -100.0
  3.0                  9.1760913   -8.10701376804e-07                  0.0                  0.0   -2.226630813879565   -7.692289606265014               -100.0
  3.0                  9.3010300    -8.1711008334e-07                  0.0                  0.0  -2.1650051267621686   -7.621289606265014               -100.0
  3.0                  9.4771213   -8.18712259974e-07                  0.0                  0.0  -2.0716051892009557   -7.497289606265014               -100.0
  3.0                  9.6020600   -8.18712259974e-07                  0.0                  0.0  -1.9342008624100526   -7.306289606265014               -100.0
  3.0                  9.6989700   -8.18712259974e-07                  0.0                  0.0  -1.7272712799907879   -7.038289606265014               -100.0
  3.0                  9.8750613   -8.18712259974e-07                  0.0                  0.0  -1.0855884235873339   -6.274289606265014               -100.0
  3.0                 10.0000000   -8.18712259974e-07                  0.0                  0.0  -0.5055606219474148   -5.599289606265014               -100.0
  3.0                 10.4771213   -8.18712259974e-07                  0.0                  0.0   2.5013529151711147  -2.0352896062650143               -100.0
  3.0                 11.0000000   -8.18712259974e-07                  0.0                  0.0     5.19220168958047   1.0857103937349861               -100.0
  3.5                  7.0000000       8.01088317e-09                  0.0                  0.0   -3.698413613812428   -9.402289606265015               -100.0
  3.5                  8.0000000    -1.1215236438e-08                  0.0                  0.0   -3.541555860475815   -9.175289606265014               -100.0
  3.5                  8.3010300    -5.4474005556e-08                  0.0                  0.0   -3.105087090161962   -8.647289606265014               -100.0
  3.5                  8.4771213   -1.10550187746e-07                  0.0                  0.0  -2.8632823873817075   -8.378289606265014               -100.0
  3.5                  8.6020600   -1.73035076472e-07                  0.0                  0.0   -2.713740626726324   -8.213289606265015               -100.0
  3.5                  8.6989700     -2.403264951e-07                  0.0                  0.0  -2.6089784175582844   -8.100289606265013               -100.0
  3.5                  8.7781513   -3.14026620264e-07                  0.0                  0.0  -2.5291223014353927   -8.015289606265014               -100.0
  3.5                  8.8450980    -3.9253327533e-07                  0.0                  0.0  -2.4662176644150917   -7.948289606265014               -100.0
  3.5                  8.9030900    -4.7264210703e-07                  0.0                  0.0  -2.4162815029104983   -7.894289606265015               -100.0
  3.5                  8.9542425   -5.55955291998e-07                  0.0                  0.0  -2.3743216636363305   -7.850289606265014               -100.0
  3.5                  9.0000000   -6.36064123698e-07                  0.0                  0.0  -2.3393216636363303   -7.813289606265014               -100.0
  3.5                  9.1760913   -7.94679610464e-07                  0.0                  0.0   -2.226438449592439   -7.692289606265014               -100.0
  3.5                  9.3010300   -8.12303553438e-07                  0.0                  0.0  -2.1648446073333534   -7.621289606265014               -100.0
  3.5                  9.4771213    -8.1711008334e-07                  0.0                  0.0   -2.071349031460651   -7.496289606265014               -100.0
  3.5                  9.6020600    -8.1711008334e-07                  0.0                  0.0  -1.9338616034567608   -7.306289606265014               -100.0
  3.5                  9.6989700   -8.18712259974e-07                  0.0                  0.0  -1.7266978444233956   -7.038289606265014               -100.0
  3.5                  9.8750613   -8.18712259974e-07                  0.0                  0.0  -1.0847340235680591   -6.274289606265014               -100.0
  3.5                 10.0000000   -8.18712259974e-07                  0.0                  0.0  -0.5055606219474148   -5.599289606265014               -100.0
  3.5                 10.4771213   -8.18712259974e-07                  0.0                  0.0   2.5013529151711147  -2.0352896062650143               -100.0
  3.5                 11.0000000   -8.18712259974e-07                  0.0                  0.0     5.19220168958047   1.0857103937349861               -100.0
  4.0                  7.0000000     1.9226119608e-08                  0.0                  0.0  -3.6752220674133698   -9.373289606265015               -100.0
  4.0                  8.0000000       8.01088317e-09                  0.0                  0.0  -3.5259721454113637   -9.157289606265014               -100.0
  4.0                  8.3010300    -2.0828296242e-08                  0.0                  0.0   -3.099141755550985   -8.640289606265014               -100.0
  4.0                  8.4771213    -6.0882712092e-08                  0.0                  0.0  -2.8596774430758107   -8.373289606265015               -100.0
  4.0                  8.6020600   -1.07345834478e-07                  0.0                  0.0   -2.711075173887127   -8.210289606265015               -100.0
  4.0                  8.6989700     -1.602176634e-07                  0.0                  0.0  -2.6067997551578777   -8.096289606265014               -100.0
  4.0                  8.7781513   -2.17896022224e-07                  0.0                  0.0   -2.527243200493241   -8.012289606265014               -100.0
  4.0                  8.8450980    -2.8038091095e-07                  0.0                  0.0   -2.464536503323451   -7.945289606265014               -100.0
  4.0                  8.9030900   -3.46070152944e-07                  0.0                  0.0  -2.4147423583866936   -7.892289606265014               -100.0
  4.0                  8.9542425   -4.13361571572e-07                  0.0                  0.0  -2.3728926812764457  -7.8482896062650145               -100.0
  4.0                  9.0000000   -4.85459520102e-07                  0.0                  0.0   -2.337996533003058   -7.811289606265015               -100.0
  4.0                  9.1760913   -7.43409958176e-07                  0.0                  0.0    -2.22573299510756  -7.6912896062650145               -100.0
  4.0                  9.3010300   -7.96281787098e-07                  0.0                  0.0   -2.164274671306506   -7.620289606265014               -100.0
  4.0                  9.4771213   -8.12303553438e-07                  0.0                  0.0   -2.070833621476228   -7.496289606265014               -100.0
  4.0                  9.6020600   -8.15507906706e-07                  0.0                  0.0  -1.9335218281598323   -7.305289606265014               -100.0
  4.0                  9.6989700    -8.1711008334e-07                  0.0                  0.0  -1.7266978444233956  -7.0372896062650145               -100.0
  4.0                  9.8750613   -8.18712259974e-07                  0.0                  0.0  -1.0847340235680591   -6.274289606265014               -100.0
  4.0                 10.0000000   -8.18712259974e-07                  0.0                  0.0  -0.5055606219474148   -5.599289606265014               -100.0
  4.0                 10.4771213   -8.18712259974e-07                  0.0                  0.0   2.5013529151711147  -2.0352896062650143               -100.0
  4.0                 11.0000000   -8.18712259974e-07                  0.0                  0.0     5.19220168958047   1.0857103937349861               -100.0
  4.5                  7.0000000      4.005441585e-08                  0.0                  0.0  -3.6282308952915963   -9.316289606265014               -100.0
  4.5                  8.0000000     3.5247885948e-08                  0.0                  0.0   -3.489052717174745   -9.116289606265015               -100.0
  4.5                  8.3010300     1.9226119608e-08                  0.0                  0.0   -3.082759218432518   -8.621289606265014               -100.0
  4.5                  8.4771213     -6.408706536e-09                  0.0                  0.0    -2.84915695314073   -8.359289606265014               -100.0
  4.5                  8.6020600    -3.8452239216e-08                  0.0                  0.0  -2.7030655225663907   -8.199289606265014               -100.0
  4.5                  8.6989700    -7.5302301798e-08                  0.0                  0.0  -2.6001407167507775   -8.087289606265013               -100.0
  4.5                  8.7781513   -1.18561070916e-07                  0.0                  0.0   -2.521459037182436   -8.004289606265015               -100.0
  4.5                  8.8450980   -1.65024193302e-07                  0.0                  0.0   -2.459344895268991   -7.938289606265014               -100.0
  4.5                  8.9030900   -2.14691668956e-07                  0.0                  0.0  -2.4099489464240036   -7.884289606265014               -100.0
  4.5                  8.9542425   -2.67563497878e-07                  0.0                  0.0  -2.3684160251243114   -7.841289606265014               -100.0
  4.5                  9.0000000   -3.23639680068e-07                  0.0                  0.0   -2.333767470827919   -7.804289606265014               -100.0
  4.5                  9.1760913   -6.12031474188e-07                  0.0                  0.0   -2.222880429629514   -7.686289606265015               -100.0
  4.5                  9.3010300   -7.48216488078e-07                  0.0                  0.0  -2.1623398497783075   -7.617289606265015               -100.0
  4.5                  9.4771213      -8.01088317e-07                  0.0                  0.0    -2.06926238039495   -7.493289606265014               -100.0
  4.5                  9.6020600   -8.10701376804e-07                  0.0                  0.0  -1.9321575559273934  -7.3032896062650146               -100.0
  4.5                  9.6989700   -8.13905730072e-07                  0.0                  0.0  -1.7251238457226015   -7.036289606265014               -100.0
  4.5                  9.8750613    -8.1711008334e-07                  0.0                  0.0  -1.0847340235680591   -6.273289606265014               -100.0
  4.5                 10.0000000    -8.1711008334e-07                  0.0                  0.0  -0.5055606219474148   -5.599289606265014               -100.0
  4.5                 10.4771213   -8.18712259974e-07                  0.0                  0.0   2.5013529151711147  -2.0352896062650143               -100.0
  4.5                 11.0000000   -8.18712259974e-07                  0.0                  0.0     5.19220168958047   1.0857103937349861               -100.0
  5.0                  7.0000000     8.4915361602e-08                  0.0                  0.0   -3.533750112893251   -9.206289606265015               -100.0
  5.0                  8.0000000     8.3313184968e-08                  0.0                  0.0  -3.4136036584379377   -9.032289606265014               -100.0
  5.0                  8.3010300     7.5302301798e-08                  0.0                  0.0  -3.0432822136772026   -8.575289606265015               -100.0
  5.0                  8.4771213     6.0882712092e-08                  0.0                  0.0  -2.8214653394622826   -8.324289606265014               -100.0
  5.0                  8.6020600     4.1656592484e-08                  0.0                  0.0  -2.6808343641228287   -8.169289606265014               -100.0
  5.0                  8.6989700     1.7623942974e-08                  0.0                  0.0  -2.5810770503720306   -8.061289606265014               -100.0
  5.0                  8.7781513    -1.1215236438e-08                  0.0                  0.0  -2.5045323848650485   -7.979289606265015               -100.0
  5.0                  8.8450980    -4.3258769118e-08                  0.0                  0.0  -2.4438703966849133   -7.915289606265015               -100.0
  5.0                  8.9030900    -7.8506655066e-08                  0.0                  0.0   -2.395569851673016   -7.863289606265014               -100.0
  5.0                  8.9542425   -1.15356717648e-07                  0.0                  0.0  -2.3548320700850436   -7.821289606265014               -100.0
  5.0                  9.0000000   -1.57013310132e-07                  0.0                  0.0   -2.320849769226011   -7.785289606265014               -100.0
  5.0                  9.1760913   -3.94135451964e-07                  0.0                  0.0  -2.2122739101264997  -7.6702896062650145               -100.0
  5.0                  9.3010300   -6.13633650822e-07                  0.0                  0.0   -2.154741117096815   -7.605289606265014               -100.0
  5.0                  9.4771213   -7.62636077784e-07                  0.0                  0.0  -2.0630315999464255   -7.485289606265014               -100.0
  5.0                  9.6020600    -7.9307743383e-07                  0.0                  0.0  -1.9273171482157316   -7.297289606265014               -100.0
  5.0                  9.6989700   -8.04292670268e-07                  0.0                  0.0  -1.7216680385585488   -7.032289606265015               -100.0
  5.0                  9.8750613   -8.12303553438e-07                  0.0                  0.0  -1.0830243653686344   -6.272289606265014               -100.0
  5.0                 10.0000000   -8.15507906706e-07                  0.0                  0.0  -0.5046557061260124  -5.5982896062650145               -100.0
  5.0                 10.4771213   -8.18712259974e-07                  0.0                  0.0   2.5013529151711147  -2.0352896062650143               -100.0
  5.0                 11.0000000   -8.18712259974e-07                  0.0                  0.0     5.19220168958047   1.0857103937349861               -100.0
  5.5                  7.0000000    1.74637253106e-07                  0.0                  0.0   -3.353974622116511   -9.008289606265015               -100.0
  5.5                  8.0000000    1.73035076472e-07                  0.0                  0.0   -3.265156640316475   -8.874289606265014               -100.0
  5.5                  8.3010300     1.6822854657e-07                  0.0                  0.0  -2.9572576656905234   -8.478289606265013               -100.0
  5.5                  8.4771213    1.61819840034e-07                  0.0                  0.0  -2.7567262272336306   -8.245289606265015               -100.0
  5.5                  8.6020600     1.5220678023e-07                  0.0                  0.0  -2.6259750520784153   -8.098289606265014               -100.0
  5.5                  8.6989700    1.37787190524e-07                  0.0                  0.0   -2.531982545815464   -7.995289606265015               -100.0
  5.5                  8.7781513    1.21765424184e-07                  0.0                  0.0   -2.459369759952575   -7.917289606265014               -100.0
  5.5                  8.8450980    1.02539304576e-07                  0.0                  0.0   -2.401726225295708   -7.855289606265014               -100.0
  5.5                  8.9030900       8.01088317e-08                  0.0                  0.0  -2.3553947623119105   -7.806289606265015               -100.0
  5.5                  8.9542425     5.4474005556e-08                  0.0                  0.0  -2.3164936782904864   -7.765289606265014               -100.0
  5.5                  9.0000000     2.7237002778e-08                  0.0                  0.0   -2.283843073513959  -7.7312896062650145               -100.0
  5.5                  9.1760913   -1.40991543792e-07                  0.0                  0.0  -2.1793712153113183   -7.620289606265014               -100.0
  5.5                  9.3010300   -3.46070152944e-07                  0.0                  0.0  -2.1256941798247766   -7.562289606265014               -100.0
  5.5                  9.4771213   -6.44075006868e-07                  0.0                  0.0  -2.0437163600606154  -7.4572896062650145               -100.0
  5.5                  9.6020600   -7.38603428274e-07                  0.0                  0.0  -1.9115479558760726   -7.278289606265014               -100.0
  5.5                  9.6989700   -7.72249137588e-07                  0.0                  0.0  -1.7100028765763509   -7.019289606265014               -100.0
  5.5                  9.8750613   -7.99486140366e-07                  0.0                  0.0  -1.0787452357029377   -6.267289606265014               -100.0
  5.5                 10.0000000    -8.0909920017e-07                  0.0                  0.0  -0.5027505923675142   -5.596289606265014               -100.0
  5.5                 10.4771213    -8.1711008334e-07                  0.0                  0.0   2.5013529151711147  -2.0352896062650143               -100.0
  5.5                 11.0000000   -8.18712259974e-07                  0.0                  0.0     5.19220168958047   1.0857103937349861               -100.0
  6.0                  7.0000000     3.4446797631e-07                  0.0                  0.0    -3.04448585492887   -8.685289606265014               -100.0
  6.0                  8.0000000    3.42865799676e-07                  0.0                  0.0  -2.9907856218880995   -8.596289606265014               -100.0
  6.0                  8.3010300    3.39661446408e-07                  0.0                  0.0  -2.7748645504584655   -8.285289606265014               -100.0
  6.0                  8.4771213     3.3645709314e-07                  0.0                  0.0    -2.61286431937061   -8.082289606265014               -100.0
  6.0                  8.6020600    3.30048386604e-07                  0.0                  0.0  -2.5010055720774416  -7.9492896062650145               -100.0
  6.0                  8.6989700    3.22037503434e-07                  0.0                  0.0    -2.41765957951626   -7.853289606265014               -100.0
  6.0                  8.7781513    3.14026620264e-07                  0.0                  0.0  -2.3518894254275473   -7.780289606265014               -100.0
  6.0                  8.8450980    3.02811383826e-07                  0.0                  0.0   -2.299073590890736   -7.721289606265014               -100.0
  6.0                  8.9030900     2.8839179412e-07                  0.0                  0.0   -2.256007932998865   -7.674289606265014               -100.0
  6.0                  8.9542425    2.73972204414e-07                  0.0                  0.0   -2.219804773680302   -7.634289606265014               -100.0
  6.0                  9.0000000    2.57950438074e-07                  0.0                  0.0   -2.189257665690523   -7.601289606265015               -100.0
  6.0                  9.1760913    1.47400250328e-07                  0.0                  0.0  -2.0904328877522023   -7.495289606265014               -100.0
  6.0                  9.3010300      1.602176634e-09                  0.0                  0.0  -2.0391418081161445   -7.439289606265014               -100.0
  6.0                  9.4771213   -3.39661446408e-07                  0.0                  0.0  -1.9720808659724505   -7.357289606265014               -100.0
  6.0                  9.6020600    -5.6877270507e-07                  0.0                  0.0  -1.8594236183602604   -7.210289606265015               -100.0
  6.0                  9.6989700   -6.71312009646e-07                  0.0                  0.0  -1.6732990630391753   -6.975289606265014               -100.0
  6.0                  9.8750613   -7.59431724516e-07                  0.0                  0.0  -1.0650047706182193   -6.252289606265014               -100.0
  6.0                 10.0000000   -7.86668727294e-07                  0.0                  0.0  -0.4964092847454756   -5.589289606265014               -100.0
  6.0                 10.4771213   -8.15507906706e-07                  0.0                  0.0   2.5013529151711147   -2.034289606265014               -100.0
  6.0                 11.0000000   -8.18712259974e-07                  0.0                  0.0     5.19220168958047   1.0857103937349861               -100.0
  6.5                  7.0000000    6.45677183502e-07                  0.0                  0.0   -2.582951241588845   -8.215289606265014               -100.0
  6.5                  8.0000000    6.42472830234e-07                  0.0                  0.0  -2.5574111831844455   -8.162289606265015               -100.0
  6.5                  8.3010300      6.408706536e-07                  0.0                  0.0    -2.42975138704679   -7.938289606265014               -100.0
  6.5                  8.4771213    6.37666300332e-07                  0.0                  0.0  -2.3194595368907063   -7.776289606265014               -100.0
  6.5                  8.6020600    6.34461947064e-07                  0.0                  0.0  -2.2372318350581337   -7.663289606265014               -100.0
  6.5                  8.6989700    6.29655417162e-07                  0.0                  0.0   -2.172598149380029   -7.580289606265014               -100.0
  6.5                  8.7781513    6.23246710626e-07                  0.0                  0.0  -2.1193943486097737   -7.514289606265014               -100.0
  6.5                  8.8450980     6.1683800409e-07                  0.0                  0.0  -2.0750865660950892   -7.460289606265015               -100.0
  6.5                  8.9030900     6.0882712092e-07                  0.0                  0.0  -2.0380288448788804   -7.415289606265015               -100.0
  6.5                  8.9542425    5.99214061116e-07                  0.0                  0.0  -2.0064164609648674   -7.378289606265014               -100.0
  6.5                  9.0000000    5.89601001312e-07                  0.0                  0.0  -1.9793695117918861   -7.346289606265014               -100.0
  6.5                  9.1760913     5.2070740605e-07                  0.0                  0.0  -1.8877657314465996   -7.242289606265015               -100.0
  6.5                  9.3010300     4.2457680801e-07                  0.0                  0.0  -1.8370207008000141   -7.184289606265014               -100.0
  6.5                  9.4771213    1.61819840034e-07                  0.0                  0.0   -1.770621450266115   -7.107289606265014               -100.0
  6.5                  9.6020600   -1.39389367158e-07                  0.0                  0.0  -1.6917799125676332   -7.009289606265014               -100.0
  6.5                  9.6989700   -3.74909332356e-07                  0.0                  0.0  -1.5538777624868196   -6.839289606265014               -100.0
  6.5                  9.8750613   -6.34461947064e-07                  0.0                  0.0   -1.020493678290486   -6.206289606265014               -100.0
  6.5                 10.0000000   -7.17775132032e-07                  0.0                  0.0 -0.47732852859347846   -5.570289606265014               -100.0
  6.5                 10.4771213   -8.07497023536e-07                  0.0                  0.0    2.502298443033725   -2.034289606265014               -100.0
  6.5                 11.0000000    -8.1711008334e-07                  0.0                  0.0     5.19220168958047   1.0857103937349861               -100.0
  7.0                  7.0000000   1.142351940042e-06                  0.0                  0.0  -1.9868584484675553   -7.600289606265014               -100.0
  7.0                  8.0000000   1.142351940042e-06                  0.0                  0.0  -1.9665176576613324  -7.5582896062650144               -100.0
  7.0                  8.3010300    1.13754541014e-06                  0.0                  0.0  -1.8992764525926797   -7.410289606265014               -100.0
  7.0                  8.4771213   1.134341056872e-06                  0.0                  0.0  -1.8335957220775374   -7.289289606265014               -100.0
  7.0                  8.6020600   1.132738880238e-06                  0.0                  0.0  -1.7812204589363225   -7.201289606265014               -100.0
  7.0                  8.6989700    1.12953452697e-06                  0.0                  0.0  -1.7374625146641591   -7.133289606265015               -100.0
  7.0                  8.7781513   1.126330173702e-06                  0.0                  0.0   -1.699561170543137   -7.077289606265015               -100.0
  7.0                  8.8450980     1.1215236438e-06                  0.0                  0.0  -1.6670501808963334   -7.030289606265014               -100.0
  7.0                  8.9030900   1.115114937264e-06                  0.0                  0.0  -1.6388237530858376   -6.991289606265014               -100.0
  7.0                  8.9542425   1.110308407362e-06                  0.0                  0.0  -1.6142526811597706   -6.958289606265014               -100.0
  7.0                  9.0000000   1.102297524192e-06                  0.0                  0.0   -1.593255383886536   -6.929289606265014               -100.0
  7.0                  9.1760913   1.059038755074e-06                  0.0                  0.0  -1.5164255401018467  -6.8322896062650145               -100.0
  7.0                  9.3010300    9.96553866348e-07                  0.0                  0.0  -1.4688633268175384   -6.774289606265014               -100.0
  7.0                  9.4771213     8.1711008334e-07                  0.0                  0.0  -1.4002308952915963   -6.693289606265014               -100.0
  7.0                  9.6020600     5.7678358824e-07                  0.0                  0.0   -1.332656936035458   -6.611289606265014               -100.0
  7.0                  9.6989700    3.01209207192e-07                  0.0                  0.0  -1.2458885590663573  -6.5052896062650145               -100.0
  7.0                  9.8750613   -2.51541731538e-07                  0.0                  0.0  -0.8827813823264294   -6.064289606265014               -100.0
  7.0                 10.0000000   -5.03083463076e-07                  0.0                  0.0 -0.41752471178843736   -5.509289606265014               -100.0
  7.0                 10.4771213    -7.8506655066e-07                  0.0                  0.0   2.5041898539346854  -2.0312896062650143               -100.0
  7.0                 11.0000000   -8.15507906706e-07                  0.0                  0.0     5.19220168958047   1.0857103937349861               -100.0
  7.5                  7.0000000   1.921009784166e-06                  0.0                  0.0  -1.2724404320773814   -6.828289606265014               -100.0
  7.5                  8.0000000   1.921009784166e-06                  0.0                  0.0  -1.2637475373763523   -6.806289606265014               -100.0
  7.5                  8.3010300    1.91460107763e-06                  0.0                  0.0  -1.2282336902684958   -6.717289606265014               -100.0
  7.5                  8.4771213    1.91460107763e-06                  0.0                  0.0  -1.1897287046392455   -6.634289606265014               -100.0
  7.5                  8.6020600   1.912998900996e-06                  0.0                  0.0  -1.1568190931306266   -6.570289606265014               -100.0
  7.5                  8.6989700   1.909794547728e-06                  0.0                  0.0  -1.1284293601731883   -6.518289606265014               -100.0
  7.5                  8.7781513   1.908192371094e-06                  0.0                  0.0  -1.1043868773645351   -6.474289606265014               -100.0
  7.5                  8.8450980   1.904988017826e-06                  0.0                  0.0  -1.0817349947155797   -6.437289606265014               -100.0
  7.5                  8.9030900   1.901783664558e-06                  0.0                  0.0  -1.0623694677842102   -6.406289606265014               -100.0
  7.5                  8.9542425   1.896977134656e-06                  0.0                  0.0   -1.045186926626058   -6.378289606265014               -100.0
  7.5                  9.0000000   1.892170604754e-06                  0.0                  0.0  -1.0292302242357958   -6.354289606265014               -100.0
  7.5                  9.1760913   1.863331425342e-06                  0.0                  0.0  -0.9732070134158898  -6.2712896062650145               -100.0
  7.5                  9.3010300   1.821674832858e-06                  0.0                  0.0   -0.935246058317568   -6.220289606265014               -100.0
  7.5                  9.4771213   1.701511585308e-06                  0.0                  0.0  -0.8779280547037018   -6.147289606265014               -100.0
  7.5                  9.6020600   1.534885215372e-06                  0.0                  0.0  -0.8191283088036734  -6.0742896062650145               -100.0
  7.5                  9.6989700   1.323397899684e-06                  0.0                  0.0  -0.7534658475427524   -5.991289606265014               -100.0
  7.5                  9.8750613    6.85731599352e-07                  0.0                  0.0  -0.5419787533854754   -5.712289606265014               -100.0
  7.5                 10.0000000     1.3618501389e-07                  0.0                  0.0 -0.23766203026221153   -5.325289606265014               -100.0
  7.5                 10.4771213    -7.1296860213e-07                  0.0                  0.0    2.510866910610019   -2.024289606265014               -100.0
  7.5                 11.0000000    -8.0909920017e-07                  0.0                  0.0    5.192202154414777   1.0857103937349861               -100.0
  8.0                  7.0000000   3.105018316692e-06                  0.0                  0.0 -0.49074257211357114  -5.9492896062650145               -100.0
  8.0                  8.0000000   3.105018316692e-06                  0.0                  0.0  -0.4866245115751724   -5.938289606265014               -100.0
  8.0                  8.3010300   3.105018316692e-06                  0.0                  0.0  -0.4630153273348003   -5.884289606265014               -100.0
  8.0                  8.4771213   3.097007433522e-06                  0.0                  0.0  -0.4433519892307768   -5.838289606265014               -100.0
  8.0                  8.6020600   3.097007433522e-06                  0.0                  0.0  -0.4237732551162128  -5.7952896062650145               -100.0
  8.0                  8.6989700   3.095405256888e-06                  0.0                  0.0  -0.4052809070397583   -5.761289606265014               -100.0
  8.0                  8.7781513   3.093803080254e-06                  0.0                  0.0 -0.38984350498428494   -5.730289606265014               -100.0
  8.0                  8.8450980   3.090598726986e-06                  0.0                  0.0  -0.3754680290008006   -5.704289606265014               -100.0
  8.0                  8.9030900   3.088996550352e-06                  0.0                  0.0  -0.3621553168742125   -5.680289606265014               -100.0
  8.0                  8.9542425   3.085792197084e-06                  0.0                  0.0  -0.3508721987714095   -5.660289606265014               -100.0
  8.0                  9.0000000   3.082587843816e-06                  0.0                  0.0 -0.34062883805068284   -5.642289606265014               -100.0
  8.0                  9.1760913   3.063361724208e-06                  0.0                  0.0  -0.3018334755600947   -5.579289606265014               -100.0
  8.0                  9.3010300   3.034522544796e-06                  0.0                  0.0  -0.2764789603382828   -5.540289606265014               -100.0
  8.0                  9.4771213   2.952811536462e-06                  0.0                  0.0 -0.23640264786876744   -5.483289606265014               -100.0
  8.0                  9.6020600   2.839056995448e-06                  0.0                  0.0 -0.19467744307581072   -5.427289606265014               -100.0
  8.0                  9.6989700   2.693258921754e-06                  0.0                  0.0  -0.1479849602638451   -5.361289606265014               -100.0
  8.0                  9.8750613   2.199788518482e-06                  0.0                  0.0 -0.00650416738366198   -5.159289606265014               -100.0
  8.0                 10.0000000    1.57814398449e-06                  0.0                  0.0  0.16716627981003795   -4.910289606265014               -100.0
  8.0                 10.4771213   -4.82255166834e-07                  0.0                  0.0   2.5328204458978343   -2.001289606265014               -100.0
  8.0                 11.0000000   -7.88270903928e-07                  0.0                  0.0    5.193201689580469   1.0867103937349856               -100.0
  8.5                  7.0000000   4.873821320628e-06                  0.0                  0.0   0.3320387048116829   -4.996289606265014               -100.0
  8.5                  8.0000000   4.873821320628e-06                  0.0                  0.0  0.33505659212671923   -4.990289606265014               -100.0
  8.5                  8.3010300   4.873821320628e-06                  0.0                  0.0    0.349151603248559   -4.960289606265015               -100.0
  8.5                  8.4771213   4.873821320628e-06                  0.0                  0.0  0.36425624546159396   -4.931289606265014               -100.0
  8.5                  8.6020600    4.86260608419e-06                  0.0                  0.0   0.3723553093568469   -4.911289606265014               -100.0
  8.5                  8.6989700    4.86260608419e-06                  0.0                  0.0   0.3834411270900864   -4.890289606265014               -100.0
  8.5                  8.7781513   4.861003907556e-06                  0.0                  0.0   0.3935182331246636   -4.871289606265014               -100.0
  8.5                  8.8450980   4.859401730922e-06                  0.0                  0.0  0.40258680104386624   -4.854289606265014               -100.0
  8.5                  8.9030900   4.857799554288e-06                  0.0                  0.0  0.41064634010010415   -4.839289606265014               -100.0
  8.5                  8.9542425   4.856197377654e-06                  0.0                  0.0   0.4186989317969101   -4.825289606265014               -100.0
  8.5                  9.0000000   4.852993024386e-06                  0.0                  0.0   0.4247471549538015   -4.814289606265014               -100.0
  8.5                  9.1760913   4.840175611314e-06                  0.0                  0.0   0.4499106026931073   -4.769289606265014               -100.0
  8.5                  9.3010300   4.820949491706e-06                  0.0                  0.0  0.46599377331291864   -4.743289606265014               -100.0
  8.5                  9.4771213   4.764873309516e-06                  0.0                  0.0  0.49004534953813333   -4.705289606265014               -100.0
  8.5                  9.6020600   4.687968831084e-06                  0.0                  0.0   0.5150333977460563   -4.667289606265014               -100.0
  8.5                  9.6989700   4.588633879776e-06                  0.0                  0.0   0.5430168941876261   -4.624289606265014               -100.0
  8.5                  9.8750613   4.244165903466e-06                  0.0                  0.0   0.6342507162805351   -4.483289606265014               -100.0
  8.5                 10.0000000   3.771523796436e-06                  0.0                  0.0   0.7454186577662283   -4.307289606265014               -100.0
  8.5                 10.4771213    2.37122141832e-07                  0.0                  0.0    2.600808091020075   -1.930289606265014               -100.0
  8.5                 11.0000000   -7.24183838568e-07                  0.0                  0.0     5.19520076311518   1.0887103937349862               -100.0
  9.0                  7.0000000    7.49017576395e-06                  0.0                  0.0    1.172005594760679   -4.004289606265014               -100.0
  9.0                  8.0000000    7.49017576395e-06                  0.0                  0.0   1.1750081805070083   -4.000289606265015               -100.0
  9.0                  8.3010300    7.49017576395e-06                  0.0                  0.0   1.1830222214912547   -3.984289606265014               -100.0
  9.0                  8.4771213    7.49017576395e-06                  0.0                  0.0   1.1930379984001587  -3.9672896062650143               -100.0
  9.0                  8.6020600    7.49017576395e-06                  0.0                  0.0   1.2010526936113886   -3.953289606265014               -100.0
  9.0                  8.6989700    7.49017576395e-06                  0.0                  0.0   1.2080660315200873   -3.940289606265014               -100.0
  9.0                  8.7781513    7.47415399761e-06                  0.0                  0.0   1.2110788396868974   -3.933289606265014               -100.0
  9.0                  8.8450980   7.472551820976e-06                  0.0                  0.0   1.2170898957919252   -3.923289606265014               -100.0
  9.0                  8.9030900   7.472551820976e-06                  0.0                  0.0   1.2220997090218517  -3.9142896062650143               -100.0
  9.0                  8.9542425   7.470949644342e-06                  0.0                  0.0   1.2271085750461537  -3.9052896062650144               -100.0
  9.0                  9.0000000   7.469347467708e-06                  0.0                  0.0   1.2311166073716289  -3.8982896062650143               -100.0
  9.0                  9.1760913   7.459734407904e-06                  0.0                  0.0   1.2471451148147876   -3.871289606265014               -100.0
  9.0                  9.3010300   7.446916994832e-06                  0.0                  0.0   1.2571605846451972   -3.855289606265014               -100.0
  9.0                  9.4771213   7.408464755616e-06                  0.0                  0.0   1.2701732597480593   -3.832289606265014               -100.0
  9.0                  9.6020600   7.355592926694e-06                  0.0                  0.0   1.2831760744218816   -3.811289606265014               -100.0
  9.0                  9.6989700   7.288301508066e-06                  0.0                  0.0   1.2981785233577117  -3.7852896062650143               -100.0
  9.0                  9.8750613   7.052781542868e-06                  0.0                  0.0   1.3492413590713452   -3.700289606265014               -100.0
  9.0                 10.0000000   6.724335332898e-06                  0.0                  0.0   1.4175134847424729   -3.585289606265014               -100.0
  9.0                 10.4771213   2.345586592176e-06                  0.0                  0.0   2.7989506890403457   -1.723289606265014               -100.0
  9.0                 11.0000000   -5.17503052782e-07                  0.0                  0.0    5.201198922929344   1.0947103937349856               -100.0
  9.5                  7.0000000  1.1345012745354e-05                  0.0                  0.0   2.0160008012792763   -2.996289606265014               -100.0
  9.5                  8.0000000  1.1345012745354e-05                  0.0                  0.0   2.0170011770196754   -2.994289606265014               -100.0
  9.5                  8.3010300  1.1345012745354e-05                  0.0                  0.0   2.0230032120530193   -2.985289606265014               -100.0
  9.5                  8.4771213  1.1345012745354e-05                  0.0                  0.0    2.029005543467932  -2.9752896062650143               -100.0
  9.5                  8.6020600  1.1345012745354e-05                  0.0                  0.0   2.0340077407036494   -2.966289606265014               -100.0
  9.5                  8.6989700  1.1345012745354e-05                  0.0                  0.0     2.04000972253354   -2.958289606265014               -100.0
  9.5                  8.7781513  1.1345012745354e-05                  0.0                  0.0    2.044011581865585  -2.9512896062650142               -100.0
  9.5                  8.8450980  1.1345012745354e-05                  0.0                  0.0    2.049013236638036   -2.945289606265014               -100.0
  9.5                  8.9030900  1.1320980095844e-05                  0.0                  0.0   2.0480148859607072   -2.944289606265014               -100.0
  9.5                  8.9542425   1.131937791921e-05                  0.0                  0.0    2.051016284565262  -2.9392896062650142               -100.0
  9.5                  9.0000000   1.131937791921e-05                  0.0                  0.0   2.0550174894264157   -2.934289606265014               -100.0
  9.5                  9.1760913  1.1312969212674e-05                  0.0                  0.0   2.0650220685234713   -2.917289606265014               -100.0
  9.5                  9.3010300   1.130335615287e-05                  0.0                  0.0   2.0710246474496166   -2.908289606265014               -100.0
  9.5                  9.4771213  1.1277721326726e-05                  0.0                  0.0    2.078026963162534   -2.896289606265014               -100.0
  9.5                  9.6020600  1.1242473440778e-05                  0.0                  0.0   2.0840278464853235   -2.884289606265014               -100.0
  9.5                  9.6989700  1.1196010318392e-05                  0.0                  0.0   2.0920286926040297   -2.871289606265014               -100.0
  9.5                  9.8750613  1.1034190478358e-05                  0.0                  0.0   2.1170411873374038   -2.825289606265014               -100.0
  9.5                 10.0000000  1.0809885749598e-05                  0.0                  0.0    2.155093915516801   -2.759289606265014               -100.0
  9.5                 10.4771213   6.967866181266e-06                  0.0                  0.0   3.2191077301329765  -1.2862896062650138               -100.0
  9.5                 11.0000000    1.32980660622e-07                  0.0                  0.0    5.221193057989314    1.114710393734986               -100.0
 10.0                  7.0000000  1.7013513676446e-05                  0.0                  0.0   2.8550001160871776  -1.9882896062650142               -100.0
 10.0                  8.0000000  1.7013513676446e-05                  0.0                  0.0   2.8570001701313026   -1.986289606265014               -100.0
 10.0                  8.3010300  1.7013513676446e-05                  0.0                  0.0   2.8610004664274253  -1.9802896062650142               -100.0
 10.0                  8.4771213  1.7013513676446e-05                  0.0                  0.0   2.8650008086934156   -1.974289606265014               -100.0
 10.0                  8.6020600  1.7013513676446e-05                  0.0                  0.0    2.869001131836631  -1.9682896062650141               -100.0
 10.0                  8.6989700  1.7013513676446e-05                  0.0                  0.0   2.8730014281821386  -1.9632896062650143               -100.0
 10.0                  8.7781513  1.7013513676446e-05                  0.0                  0.0    2.877001701310023   -1.958289606265014               -100.0
 10.0                  8.8450980  1.7013513676446e-05                  0.0                  0.0   2.8800019533646974   -1.954289606265014               -100.0
 10.0                  8.9030900  1.7013513676446e-05                  0.0                  0.0   2.8830021766230454   -1.950289606265014               -100.0
 10.0                  8.9542425  1.7013513676446e-05                  0.0                  0.0    2.885002386619133   -1.946289606265014               -100.0
 10.0                  9.0000000  1.7013513676446e-05                  0.0                  0.0   2.8870025750343324  -1.9432896062650142               -100.0
 10.0                  9.1760913  1.6971857083962e-05                  0.0                  0.0    2.890003302042512   -1.938289606265014               -100.0
 10.0                  9.3010300  1.6965448377426e-05                  0.0                  0.0    2.894003704950917  -1.9322896062650141               -100.0
 10.0                  9.4771213  1.6949426611086e-05                  0.0                  0.0   2.8980040811473073   -1.925289606265014               -100.0
 10.0                  9.6020600  1.6923791784942e-05                  0.0                  0.0    2.901004244066588   -1.920289606265014               -100.0
 10.0                  9.6989700  1.6891748252262e-05                  0.0                  0.0    2.904004423663662  -1.9142896062650143               -100.0
 10.0                  9.8750613   1.678280024115e-05                  0.0                  0.0   2.9170065280135513  -1.8912896062650142               -100.0
 10.0                 10.0000000  1.6628991284286e-05                  0.0                  0.0   2.9360155516522144   -1.856289606265014               -100.0
 10.0                 10.4771213  1.3855623530832e-05                  0.0                  0.0   3.7834127903656363  -0.6902896062650138               -100.0
 10.0                 11.0000000   2.161336279266e-06                  0.0                  0.0    5.282175265596615   1.1767103937349863               -100.0
 10.5                  7.0000000  2.5341627819978e-05                  0.0                  0.0    3.692000016896016  -0.9812896062650142               -100.0
 10.5                  8.0000000  2.5341627819978e-05                  0.0                  0.0    3.693000024819001  -0.9802896062650138               -100.0
 10.5                  8.3010300  2.5341627819978e-05                  0.0                  0.0    3.697000068043129  -0.9762896062650142               -100.0
 10.5                  8.4771213  2.5341627819978e-05                  0.0                  0.0    3.699000118517983  -0.9722896062650138               -100.0
 10.5                  8.6020600  2.5341627819978e-05                  0.0                  0.0   3.7030001658762575  -0.9682896062650143               -100.0
 10.5                  8.6989700  2.5341627819978e-05                  0.0                  0.0   3.7060002097897216  -0.9642896062650137               -100.0
 10.5                  8.7781513  2.5341627819978e-05                  0.0                  0.0   3.7080002510638512  -0.9612896062650146               -100.0
 10.5                  8.8450980  2.5341627819978e-05                  0.0                  0.0    3.711000288259857   -0.957289606265014               -100.0
 10.5                  8.9030900  2.5341627819978e-05                  0.0                  0.0    3.713000321946828   -0.954289606265014               -100.0
 10.5                  8.9542425  2.5341627819978e-05                  0.0                  0.0   3.7150003530076643  -0.9522896062650142               -100.0
 10.5                  9.0000000  2.5341627819978e-05                  0.0                  0.0   3.7170003808764505  -0.9502896062650145               -100.0
 10.5                  9.1760913  2.5341627819978e-05                  0.0                  0.0   3.7230004850472747  -0.9422896062650143               -100.0
 10.5                  9.3010300  2.5277540754618e-05                  0.0                  0.0   3.7210005518029723  -0.9442896062650142               -100.0
 10.5                  9.4771213   2.526632551818e-05                  0.0                  0.0    3.723000610638252  -0.9402896062650138               -100.0
 10.5                  9.6020600  2.5248701575206e-05                  0.0                  0.0    3.724000637946108  -0.9382896062650139               -100.0
 10.5                  9.6989700  2.5227873278964e-05                  0.0                  0.0    3.725000668011559  -0.9352896062650139               -100.0
 10.5                  9.8750613  2.5152570977166e-05                  0.0                  0.0   3.7310010018064195  -0.9252896062650141               -100.0
 10.5                 10.0000000  2.5048429495956e-05                  0.0                  0.0   3.7410024365935657  -0.9072896062650143               -100.0
 10.5                 10.4771213  2.3137032771594e-05                  0.0                  0.0    4.416330080038154 -0.002289606265014012               -100.0
 10.5                 11.0000000   8.244800958564e-06                  0.0                  0.0    5.463128150479195    1.361710393734986               -100.0
 11.0                  7.0000000  3.7569439890666e-05                  0.0                  0.0    4.524000002487622 0.019710393734986207               -100.0
 11.0                  8.0000000  3.7569439890666e-05                  0.0                  0.0    4.525000003654133 0.020710393734985625               -100.0
 11.0                  8.3010300  3.7569439890666e-05                  0.0                  0.0    4.528000010041169  0.02471039373498609               -100.0
 11.0                  8.4771213  3.7569439890666e-05                  0.0                  0.0    4.531000017449553   0.0277103937349863               -100.0
 11.0                  8.6020600  3.7569439890666e-05                  0.0                  0.0   4.5340000244784715   0.0307103937349854               -100.0
 11.0                  8.6989700  3.7569439890666e-05                  0.0                  0.0     4.53600003103018  0.03371039373498554               -100.0
 11.0                  8.7781513  3.7569439890666e-05                  0.0                  0.0    4.538000037135074  0.03671039373498568               -100.0
 11.0                  8.8450980  3.7569439890666e-05                  0.0                  0.0    4.540000042735057 0.038710393734985485               -100.0
 11.0                  8.9030900  3.7569439890666e-05                  0.0                  0.0    4.542000047729214  0.04171039373498557               -100.0
 11.0                  8.9542425  3.7569439890666e-05                  0.0                  0.0   4.5440000523340425 0.043710393734986225               -100.0
 11.0                  9.0000000  3.7569439890666e-05                  0.0                  0.0    4.545000056595811  0.04571039373498598               -100.0
 11.0                  9.1760913  3.7569439890666e-05                  0.0                  0.0    4.550000072241088  0.05171039373498624               -100.0
 11.0                  9.3010300  3.7569439890666e-05                  0.0                  0.0    4.553000081242685  0.05471039373498552               -100.0
 11.0                  9.4771213  3.7470104939358e-05                  0.0                  0.0    4.549000091155792  0.04971039373498558               -100.0
 11.0                  9.6020600   3.745888970292e-05                  0.0                  0.0    4.549000095451832  0.05071039373498587               -100.0
 11.0                  9.6989700  3.7444470113214e-05                  0.0                  0.0    4.550000099950337  0.05171039373498624               -100.0
 11.0                  9.8750613  3.7393200460926e-05                  0.0                  0.0    4.552000151280947 0.056710393734986174               -100.0
 11.0                 10.0000000  3.7321102512396e-05                  0.0                  0.0    4.557000372206648  0.06571039373498559               -100.0
 11.0                 10.4771213  3.6015328555686e-05                  0.0                  0.0   5.1040677252237066   0.7667103937349861               -100.0
 11.0                 11.0000000  2.2412848933026e-05                  0.0                  0.0    5.871057644183087   1.7827103937349862               -100.0
 11.5                  7.0000000  5.5520226898002e-05                  0.0                  0.0   5.3530000003687945   1.0177103937349856               -100.0
 11.5                  8.0000000  5.5520226898002e-05                  0.0                  0.0    5.355000000540486   1.0197103937349863               -100.0
 11.5                  8.3010300  5.5520226898002e-05                  0.0                  0.0    5.357000001488622    1.021710393734986               -100.0
 11.5                  8.4771213  5.5520226898002e-05                  0.0                  0.0    5.360000002586928   1.0257103937349856               -100.0
 11.5                  8.6020600  5.5520226898002e-05                  0.0                  0.0    5.362000003637344   1.0277103937349863               -100.0
 11.5                  8.6989700  5.5520226898002e-05                  0.0                  0.0    5.364000004610885   1.0307103937349855               -100.0
 11.5                  8.7781513  5.5520226898002e-05                  0.0                  0.0    5.365000005530754   1.0317103937349859               -100.0
 11.5                  8.8450980  5.5520226898002e-05                  0.0                  0.0    5.367000006364793   1.0337103937349856               -100.0
 11.5                  8.9030900  5.5520226898002e-05                  0.0                  0.0    5.369000007108603   1.0357103937349863               -100.0
 11.5                  8.9542425  5.5520226898002e-05                  0.0                  0.0    5.370000007812397   1.0367103937349857               -100.0
 11.5                  9.0000000  5.5520226898002e-05                  0.0                  0.0     5.37200000842916   1.0387103937349855               -100.0
 11.5                  9.1760913  5.5520226898002e-05                  0.0                  0.0    5.377000010759307   1.0447103937349858               -100.0
 11.5                  9.3010300  5.5520226898002e-05                  0.0                  0.0    5.379000012127864   1.0477103937349859               -100.0
 11.5                  9.4771213  5.5520226898002e-05                  0.0                  0.0     5.38000001345192   1.0487103937349862               -100.0
 11.5                  9.6020600   5.537122447104e-05                  0.0                  0.0   5.3750000142489975    1.042710393734986               -100.0
 11.5                  9.6989700  5.5361611411236e-05                  0.0                  0.0    5.375000014954927    1.042710393734986               -100.0
 11.5                  9.8750613  5.5326363525288e-05                  0.0                  0.0    5.376000022687378   1.0447103937349858               -100.0
 11.5                 10.0000000  5.5278298226268e-05                  0.0                  0.0    5.378000056206208   1.0487103937349862               -100.0
 11.5                 10.4771213  5.4387488017764e-05                  0.0                  0.0     5.83501258282104   1.6057103937349857               -100.0
 11.5                 11.0000000   4.442034717765e-05                  0.0                  0.0    6.448016397442346   2.3957103937349866               -100.0
