!77se -> 77as, e- capture
!Q=0.683 MeV
!
!Log(rhoY)            Log(temp)            mu                   dQ                   Vs                   Log(e-cap-rate)      Log(nu-energy-loss)  Log(gamma-energy)   
!Log(g/cm^3)          Log(K)               erg                  erg                  erg                  Log(1/s)             Log(erg/s)           Log(erg/s)          
  1.0                  7.0000000     -4.806529902e-09                  0.0                  0.0               -100.0               -100.0               -100.0
  1.0                  8.0000000    -9.2926244772e-08                  0.0                  0.0              -46.718   -54.09528960626501               -100.0
  1.0                  8.3010300   -2.14691668956e-07                  0.0                  0.0               -28.96  -36.027289606265015               -100.0
  1.0                  8.4771213   -3.49274506212e-07                  0.0                  0.0              -22.956  -29.840289606265017               -100.0
  1.0                  8.6020600   -4.91868226638e-07                  0.0                  0.0              -19.906  -26.659289606265016               -100.0
  1.0                  8.6989700   -6.39268476966e-07                  0.0                  0.0              -18.047  -24.698289606265014               -100.0
  1.0                  8.7781513   -7.65840431052e-07                  0.0                  0.0              -16.649  -23.214289606265016               -100.0
  1.0                  8.8450980   -8.05894846902e-07                  0.0                  0.0              -15.221  -21.713289606265015               -100.0
  1.0                  8.9030900   -8.15507906706e-07                  0.0                  0.0              -13.982  -20.411289606265015               -100.0
  1.0                  8.9542425    -8.1711008334e-07                  0.0                  0.0              -12.964  -19.335289606265015               -100.0
  1.0                  9.0000000   -8.18712259974e-07                  0.0                  0.0              -12.116  -18.436289606265014               -100.0
  1.0                  9.1760913   -8.18712259974e-07                  0.0                  0.0               -9.344  -15.469289606265013               -100.0
  1.0                  9.3010300   -8.18712259974e-07                  0.0                  0.0               -7.753  -13.743289606265014               -100.0
  1.0                  9.4771213   -8.18712259974e-07                  0.0                  0.0     -5.8779999954103  -11.679289606265014               -100.0
  1.0                  9.6020600   -8.18712259974e-07                  0.0                  0.0   -4.726999166733553  -10.396289606265015               -100.0
  1.0                  9.6989700   -8.18712259974e-07                  0.0                  0.0   -3.907981854236829   -9.474289606265014               -100.0
  1.0                  9.8750613   -8.18712259974e-07                  0.0                  0.0   -2.542949831176754   -7.919289606265014               -100.0
  1.0                 10.0000000   -8.18712259974e-07                  0.0                  0.0   -1.649155252330311   -6.884289606265014               -100.0
  1.0                 10.4771213   -8.18712259974e-07                  0.0                  0.0   1.7315823660025687  -2.8422896062650143               -100.0
  1.0                 11.0000000   -8.18712259974e-07                  0.0                  0.0    5.050120982852083   0.9397103937349861               -100.0
  1.5                  7.0000000     -3.204353268e-09                  0.0                  0.0               -100.0               -100.0               -100.0
  1.5                  8.0000000    -7.6904478432e-08                  0.0                  0.0              -46.218  -53.594289606265015               -100.0
  1.5                  8.3010300    -1.8425031291e-07                  0.0                  0.0               -28.46  -35.527289606265015               -100.0
  1.5                  8.4771213   -3.01209207192e-07                  0.0                  0.0              -22.456  -29.340289606265017               -100.0
  1.5                  8.6020600   -4.27781161278e-07                  0.0                  0.0              -19.406  -26.159289606265016               -100.0
  1.5                  8.6989700   -5.59159645266e-07                  0.0                  0.0              -17.551  -24.200289606265017               -100.0
  1.5                  8.7781513   -6.92140305888e-07                  0.0                  0.0              -16.269  -22.833289606265016               -100.0
  1.5                  8.8450980   -7.80260020758e-07                  0.0                  0.0              -15.103  -21.596289606265014               -100.0
  1.5                  8.9030900   -8.05894846902e-07                  0.0                  0.0              -13.949  -20.377289606265016               -100.0
  1.5                  8.9542425   -8.13905730072e-07                  0.0                  0.0              -12.952  -19.323289606265014               -100.0
  1.5                  9.0000000   -8.15507906706e-07                  0.0                  0.0              -12.111  -18.431289606265015               -100.0
  1.5                  9.1760913   -8.18712259974e-07                  0.0                  0.0               -9.343  -15.469289606265013               -100.0
  1.5                  9.3010300   -8.18712259974e-07                  0.0                  0.0               -7.753  -13.743289606265014               -100.0
  1.5                  9.4771213   -8.18712259974e-07                  0.0                  0.0     -5.8779999954103  -11.679289606265014               -100.0
  1.5                  9.6020600   -8.18712259974e-07                  0.0                  0.0   -4.726999166733553  -10.396289606265015               -100.0
  1.5                  9.6989700   -8.18712259974e-07                  0.0                  0.0   -3.907981854236829   -9.474289606265014               -100.0
  1.5                  9.8750613   -8.18712259974e-07                  0.0                  0.0   -2.542949831176754   -7.919289606265014               -100.0
  1.5                 10.0000000   -8.18712259974e-07                  0.0                  0.0   -1.649155252330311   -6.884289606265014               -100.0
  1.5                 10.4771213   -8.18712259974e-07                  0.0                  0.0   1.7315823660025687  -2.8422896062650143               -100.0
  1.5                 11.0000000   -8.18712259974e-07                  0.0                  0.0    5.050120982852083   0.9397103937349861               -100.0
  2.0                  7.0000000     -1.602176634e-09                  0.0                  0.0               -100.0               -100.0               -100.0
  2.0                  8.0000000    -6.0882712092e-08                  0.0                  0.0              -45.717   -53.09328960626502               -100.0
  2.0                  8.3010300    -1.5220678023e-07                  0.0                  0.0              -27.959  -35.027289606265015               -100.0
  2.0                  8.4771213   -2.53143908172e-07                  0.0                  0.0              -21.957  -28.840289606265017               -100.0
  2.0                  8.6020600   -3.63694095918e-07                  0.0                  0.0              -18.905  -25.659289606265016               -100.0
  2.0                  8.6989700     -4.806529902e-07                  0.0                  0.0               -17.05  -23.700289606265017               -100.0
  2.0                  8.7781513    -6.0081623775e-07                  0.0                  0.0              -15.787  -22.352289606265014               -100.0
  2.0                  8.8450980   -7.14570778764e-07                  0.0                  0.0              -14.809  -21.302289606265013               -100.0
  2.0                  8.9030900   -7.80260020758e-07                  0.0                  0.0              -13.845  -20.274289606265015               -100.0
  2.0                  8.9542425   -8.02690493634e-07                  0.0                  0.0              -12.914  -19.285289606265014               -100.0
  2.0                  9.0000000   -8.10701376804e-07                  0.0                  0.0              -12.094  -18.415289606265013               -100.0
  2.0                  9.1760913   -8.18712259974e-07                  0.0                  0.0               -9.342  -15.468289606265014               -100.0
  2.0                  9.3010300   -8.18712259974e-07                  0.0                  0.0               -7.753  -13.742289606265015               -100.0
  2.0                  9.4771213   -8.18712259974e-07                  0.0                  0.0     -5.8779999954103  -11.679289606265014               -100.0
  2.0                  9.6020600   -8.18712259974e-07                  0.0                  0.0   -4.726999166733553  -10.396289606265015               -100.0
  2.0                  9.6989700   -8.18712259974e-07                  0.0                  0.0   -3.907981854236829   -9.474289606265014               -100.0
  2.0                  9.8750613   -8.18712259974e-07                  0.0                  0.0   -2.542949831176754   -7.919289606265014               -100.0
  2.0                 10.0000000   -8.18712259974e-07                  0.0                  0.0   -1.649155252330311   -6.884289606265014               -100.0
  2.0                 10.4771213   -8.18712259974e-07                  0.0                  0.0   1.7315823660025687  -2.8422896062650143               -100.0
  2.0                 11.0000000   -8.18712259974e-07                  0.0                  0.0    5.050120982852083   0.9397103937349861               -100.0
  2.5                  7.0000000      1.602176634e-09                  0.0                  0.0               -100.0               -100.0               -100.0
  2.5                  8.0000000    -4.4860945752e-08                  0.0                  0.0              -45.213   -52.58928960626501               -100.0
  2.5                  8.3010300    -1.2016324755e-07                  0.0                  0.0              -27.458   -34.52528960626501               -100.0
  2.5                  8.4771213   -2.06680785786e-07                  0.0                  0.0              -21.455  -28.339289606265016               -100.0
  2.5                  8.6020600   -3.01209207192e-07                  0.0                  0.0              -18.405  -25.158289606265015               -100.0
  2.5                  8.6989700     -4.005441585e-07                  0.0                  0.0              -16.549  -23.200289606265017               -100.0
  2.5                  8.7781513   -5.06287816344e-07                  0.0                  0.0              -15.289  -21.854289606265016               -100.0
  2.5                  8.8450980   -6.13633650822e-07                  0.0                  0.0              -14.356  -20.849289606265014               -100.0
  2.5                  8.9030900   -7.11366425496e-07                  0.0                  0.0              -13.575  -20.004289606265015               -100.0
  2.5                  8.9542425    -7.6904478432e-07                  0.0                  0.0              -12.797  -19.169289606265014               -100.0
  2.5                  9.0000000   -7.94679610464e-07                  0.0                  0.0              -12.043  -18.363289606265013               -100.0
  2.5                  9.1760913   -8.15507906706e-07                  0.0                  0.0               -9.339  -15.464289606265014               -100.0
  2.5                  9.3010300   -8.18712259974e-07                  0.0                  0.0               -7.752  -13.742289606265015               -100.0
  2.5                  9.4771213   -8.18712259974e-07                  0.0                  0.0     -5.8779999954103  -11.679289606265014               -100.0
  2.5                  9.6020600   -8.18712259974e-07                  0.0                  0.0   -4.726999166733553  -10.396289606265015               -100.0
  2.5                  9.6989700   -8.18712259974e-07                  0.0                  0.0   -3.907981854236829   -9.474289606265014               -100.0
  2.5                  9.8750613   -8.18712259974e-07                  0.0                  0.0   -2.542949831176754   -7.919289606265014               -100.0
  2.5                 10.0000000   -8.18712259974e-07                  0.0                  0.0   -1.649155252330311   -6.884289606265014               -100.0
  2.5                 10.4771213   -8.18712259974e-07                  0.0                  0.0   1.7315823660025687  -2.8422896062650143               -100.0
  2.5                 11.0000000   -8.18712259974e-07                  0.0                  0.0    5.050120982852083   0.9397103937349861               -100.0
  3.0                  7.0000000      3.204353268e-09                  0.0                  0.0               -100.0               -100.0               -100.0
  3.0                  8.0000000    -2.8839179412e-08                  0.0                  0.0                -44.7  -52.076289606265014               -100.0
  3.0                  8.3010300     -8.811971487e-08                  0.0                  0.0              -26.955  -34.021289606265015               -100.0
  3.0                  8.4771213   -1.58615486766e-07                  0.0                  0.0              -20.953  -27.837289606265017               -100.0
  3.0                  8.6020600   -2.37122141832e-07                  0.0                  0.0              -17.904  -24.657289606265014               -100.0
  3.0                  8.6989700     -3.204353268e-07                  0.0                  0.0              -16.048  -22.699289606265015               -100.0
  3.0                  8.7781513   -4.10157218304e-07                  0.0                  0.0              -14.788  -21.353289606265015               -100.0
  3.0                  8.8450980   -5.03083463076e-07                  0.0                  0.0              -13.861  -20.354289606265013               -100.0
  3.0                  8.9030900   -5.99214061116e-07                  0.0                  0.0              -13.134  -19.562289606265015               -100.0
  3.0                  8.9542425   -6.85731599352e-07                  0.0                  0.0              -12.505  -18.877289606265016               -100.0
  3.0                  9.0000000   -7.46614311444e-07                  0.0                  0.0              -11.889  -18.210289606265015               -100.0
  3.0                  9.1760913   -8.10701376804e-07                  0.0                  0.0               -9.328  -15.453289606265013               -100.0
  3.0                  9.3010300    -8.1711008334e-07                  0.0                  0.0               -7.749  -13.739289606265014               -100.0
  3.0                  9.4771213   -8.18712259974e-07                  0.0                  0.0   -5.876999995420856  -11.679289606265014               -100.0
  3.0                  9.6020600   -8.18712259974e-07                  0.0                  0.0   -4.726999166733553  -10.396289606265015               -100.0
  3.0                  9.6989700   -8.18712259974e-07                  0.0                  0.0   -3.907981854236829   -9.474289606265014               -100.0
  3.0                  9.8750613   -8.18712259974e-07                  0.0                  0.0   -2.542949831176754   -7.919289606265014               -100.0
  3.0                 10.0000000   -8.18712259974e-07                  0.0                  0.0   -1.649155252330311   -6.884289606265014               -100.0
  3.0                 10.4771213   -8.18712259974e-07                  0.0                  0.0   1.7315823660025687  -2.8422896062650143               -100.0
  3.0                 11.0000000   -8.18712259974e-07                  0.0                  0.0    5.050120982852083   0.9397103937349861               -100.0
  3.5                  7.0000000       8.01088317e-09                  0.0                  0.0               -100.0               -100.0               -100.0
  3.5                  8.0000000    -1.1215236438e-08                  0.0                  0.0              -44.161   -51.53728960626501               -100.0
  3.5                  8.3010300    -5.4474005556e-08                  0.0                  0.0               -26.44  -33.508289606265016               -100.0
  3.5                  8.4771213   -1.10550187746e-07                  0.0                  0.0              -20.446  -27.330289606265016               -100.0
  3.5                  8.6020600   -1.73035076472e-07                  0.0                  0.0              -17.399  -24.153289606265016               -100.0
  3.5                  8.6989700     -2.403264951e-07                  0.0                  0.0              -15.545  -22.196289606265015               -100.0
  3.5                  8.7781513   -3.14026620264e-07                  0.0                  0.0              -14.286  -20.851289606265013               -100.0
  3.5                  8.8450980    -3.9253327533e-07                  0.0                  0.0               -13.36  -19.853289606265015               -100.0
  3.5                  8.9030900    -4.7264210703e-07                  0.0                  0.0               -12.64  -19.068289606265015               -100.0
  3.5                  8.9542425   -5.55955291998e-07                  0.0                  0.0              -12.052  -18.424289606265013               -100.0
  3.5                  9.0000000   -6.36064123698e-07                  0.0                  0.0              -11.542  -17.863289606265013               -100.0
  3.5                  9.1760913   -7.94679610464e-07                  0.0                  0.0               -9.293  -15.419289606265014               -100.0
  3.5                  9.3010300   -8.12303553438e-07                  0.0                  0.0               -7.742  -13.732289606265015               -100.0
  3.5                  9.4771213    -8.1711008334e-07                  0.0                  0.0   -5.875999995431388  -11.677289606265013               -100.0
  3.5                  9.6020600    -8.1711008334e-07                  0.0                  0.0   -4.726999166733553  -10.396289606265015               -100.0
  3.5                  9.6989700   -8.18712259974e-07                  0.0                  0.0   -3.906981895970057   -9.474289606265014               -100.0
  3.5                  9.8750613   -8.18712259974e-07                  0.0                  0.0   -2.542949831176754   -7.919289606265014               -100.0
  3.5                 10.0000000   -8.18712259974e-07                  0.0                  0.0   -1.649155252330311   -6.884289606265014               -100.0
  3.5                 10.4771213   -8.18712259974e-07                  0.0                  0.0   1.7315823660025687  -2.8422896062650143               -100.0
  3.5                 11.0000000   -8.18712259974e-07                  0.0                  0.0    5.050120982852083   0.9397103937349861               -100.0
  4.0                  7.0000000     1.9226119608e-08                  0.0                  0.0               -100.0               -100.0               -100.0
  4.0                  8.0000000       8.01088317e-09                  0.0                  0.0               -43.54  -50.917289606265015               -100.0
  4.0                  8.3010300    -2.0828296242e-08                  0.0                  0.0              -25.899  -32.966289606265015               -100.0
  4.0                  8.4771213    -6.0882712092e-08                  0.0                  0.0              -19.924  -26.809289606265015               -100.0
  4.0                  8.6020600   -1.07345834478e-07                  0.0                  0.0              -16.886  -23.639289606265017               -100.0
  4.0                  8.6989700     -1.602176634e-07                  0.0                  0.0              -15.036  -21.687289606265015               -100.0
  4.0                  8.7781513   -2.17896022224e-07                  0.0                  0.0              -13.779  -20.345289606265016               -100.0
  4.0                  8.8450980    -2.8038091095e-07                  0.0                  0.0              -12.855  -19.348289606265016               -100.0
  4.0                  8.9030900   -3.46070152944e-07                  0.0                  0.0              -12.137  -18.565289606265015               -100.0
  4.0                  8.9542425   -4.13361571572e-07                  0.0                  0.0              -11.555  -17.926289606265016               -100.0
  4.0                  9.0000000   -4.85459520102e-07                  0.0                  0.0              -11.068  -17.389289606265013               -100.0
  4.0                  9.1760913   -7.43409958176e-07                  0.0                  0.0               -9.187  -15.312289606265013               -100.0
  4.0                  9.3010300   -7.96281787098e-07                  0.0                  0.0               -7.718  -13.708289606265014               -100.0
  4.0                  9.4771213   -8.12303553438e-07                  0.0                  0.0  -5.8719999954732724  -11.673289606265014               -100.0
  4.0                  9.6020600   -8.15507906706e-07                  0.0                  0.0    -4.72499917056206  -10.394289606265014               -100.0
  4.0                  9.6989700    -8.1711008334e-07                  0.0                  0.0   -3.906981895970057   -9.473289606265014               -100.0
  4.0                  9.8750613   -8.18712259974e-07                  0.0                  0.0   -2.542949831176754   -7.919289606265014               -100.0
  4.0                 10.0000000   -8.18712259974e-07                  0.0                  0.0   -1.649155252330311   -6.884289606265014               -100.0
  4.0                 10.4771213   -8.18712259974e-07                  0.0                  0.0   1.7315823660025687  -2.8422896062650143               -100.0
  4.0                 11.0000000   -8.18712259974e-07                  0.0                  0.0    5.050120982852083   0.9397103937349861               -100.0
  4.5                  7.0000000      4.005441585e-08                  0.0                  0.0               -100.0               -100.0               -100.0
  4.5                  8.0000000     3.5247885948e-08                  0.0                  0.0               -42.68   -50.05628960626502               -100.0
  4.5                  8.3010300     1.9226119608e-08                  0.0                  0.0              -25.271  -32.338289606265015               -100.0
  4.5                  8.4771213     -6.408706536e-09                  0.0                  0.0              -19.357  -26.241289606265017               -100.0
  4.5                  8.6020600    -3.8452239216e-08                  0.0                  0.0              -16.344  -23.097289606265015               -100.0
  4.5                  8.6989700    -7.5302301798e-08                  0.0                  0.0              -14.507  -21.158289606265015               -100.0
  4.5                  8.7781513   -1.18561070916e-07                  0.0                  0.0              -13.258  -19.824289606265015               -100.0
  4.5                  8.8450980   -1.65024193302e-07                  0.0                  0.0              -12.339  -18.832289606265014               -100.0
  4.5                  8.9030900   -2.14691668956e-07                  0.0                  0.0              -11.624  -18.053289606265015               -100.0
  4.5                  8.9542425   -2.67563497878e-07                  0.0                  0.0              -11.045  -17.417289606265015               -100.0
  4.5                  9.0000000   -3.23639680068e-07                  0.0                  0.0              -10.563  -16.884289606265014               -100.0
  4.5                  9.1760913   -6.12031474188e-07                  0.0                  0.0               -8.909  -15.035289606265014               -100.0
  4.5                  9.3010300   -7.48216488078e-07                  0.0                  0.0               -7.643  -13.633289606265015               -100.0
  4.5                  9.4771213      -8.01088317e-07                  0.0                  0.0   -5.858999995606767  -11.660289606265014               -100.0
  4.5                  9.6020600   -8.10701376804e-07                  0.0                  0.0  -4.7209991781663865  -10.390289606265014               -100.0
  4.5                  9.6989700   -8.13905730072e-07                  0.0                  0.0  -3.9049819791487925   -9.471289606265014               -100.0
  4.5                  9.8750613    -8.1711008334e-07                  0.0                  0.0   -2.541952243586828   -7.918289606265015               -100.0
  4.5                 10.0000000    -8.1711008334e-07                  0.0                  0.0   -1.649155252330311   -6.884289606265014               -100.0
  4.5                 10.4771213   -8.18712259974e-07                  0.0                  0.0   1.7315823660025687  -2.8422896062650143               -100.0
  4.5                 11.0000000   -8.18712259974e-07                  0.0                  0.0    5.050120982852083   0.9397103937349861               -100.0
  5.0                  7.0000000     8.4915361602e-08                  0.0                  0.0               -100.0               -100.0               -100.0
  5.0                  8.0000000     8.3313184968e-08                  0.0                  0.0              -41.196  -48.573289606265014               -100.0
  5.0                  8.3010300     7.5302301798e-08                  0.0                  0.0              -24.397  -31.465289606265017               -100.0
  5.0                  8.4771213     6.0882712092e-08                  0.0                  0.0              -18.654  -25.539289606265015               -100.0
  5.0                  8.6020600     4.1656592484e-08                  0.0                  0.0              -15.715  -22.469289606265015               -100.0
  5.0                  8.6989700     1.7623942974e-08                  0.0                  0.0              -13.919  -20.569289606265013               -100.0
  5.0                  8.7781513    -1.1215236438e-08                  0.0                  0.0              -12.693  -19.258289606265013               -100.0
  5.0                  8.8450980    -4.3258769118e-08                  0.0                  0.0               -11.79  -18.282289606265014               -100.0
  5.0                  8.9030900    -7.8506655066e-08                  0.0                  0.0              -11.086  -17.514289606265013               -100.0
  5.0                  8.9542425   -1.15356717648e-07                  0.0                  0.0              -10.514  -16.886289606265013               -100.0
  5.0                  9.0000000   -1.57013310132e-07                  0.0                  0.0              -10.038  -16.359289606265015               -100.0
  5.0                  9.1760913   -3.94135451964e-07                  0.0                  0.0               -8.455  -14.580289606265014               -100.0
  5.0                  9.3010300   -6.13633650822e-07                  0.0                  0.0                -7.43  -13.420289606265014               -100.0
  5.0                  9.4771213   -7.62636077784e-07                  0.0                  0.0   -5.817999996002538  -11.620289606265015               -100.0
  5.0                  9.6020600    -7.9307743383e-07                  0.0                  0.0   -4.706999204236686  -10.376289606265015               -100.0
  5.0                  9.6989700   -8.04292670268e-07                  0.0                  0.0  -3.8979822672763946   -9.465289606265014               -100.0
  5.0                  9.8750613   -8.12303553438e-07                  0.0                  0.0  -2.5399570518145396   -7.917289606265014               -100.0
  5.0                 10.0000000   -8.15507906706e-07                  0.0                  0.0  -1.6481708716875472   -6.883289606265015               -100.0
  5.0                 10.4771213   -8.18712259974e-07                  0.0                  0.0   1.7315823660025687  -2.8422896062650143               -100.0
  5.0                 11.0000000   -8.18712259974e-07                  0.0                  0.0    5.050120982852083   0.9397103937349861               -100.0
  5.5                  7.0000000    1.74637253106e-07                  0.0                  0.0               -100.0               -100.0               -100.0
  5.5                  8.0000000    1.73035076472e-07                  0.0                  0.0              -38.358  -45.734289606265015               -100.0
  5.5                  8.3010300     1.6822854657e-07                  0.0                  0.0              -22.918  -29.985289606265017               -100.0
  5.5                  8.4771213    1.61819840034e-07                  0.0                  0.0              -17.597  -24.481289606265015               -100.0
  5.5                  8.6020600     1.5220678023e-07                  0.0                  0.0              -14.852  -21.605289606265014               -100.0
  5.5                  8.6989700    1.37787190524e-07                  0.0                  0.0              -13.162  -19.812289606265015               -100.0
  5.5                  8.7781513    1.21765424184e-07                  0.0                  0.0              -12.003  -18.568289606265015               -100.0
  5.5                  8.8450980    1.02539304576e-07                  0.0                  0.0              -11.143  -17.635289606265015               -100.0
  5.5                  8.9030900       8.01088317e-08                  0.0                  0.0              -10.469  -16.898289606265013               -100.0
  5.5                  8.9542425     5.4474005556e-08                  0.0                  0.0                -9.92  -16.292289606265015               -100.0
  5.5                  9.0000000     2.7237002778e-08                  0.0                  0.0               -9.461  -15.781289606265014               -100.0
  5.5                  9.1760913   -1.40991543792e-07                  0.0                  0.0               -7.927  -14.052289606265013               -100.0
  5.5                  9.3010300   -3.46070152944e-07                  0.0                  0.0               -7.011  -13.001289606265015               -100.0
  5.5                  9.4771213   -6.44075006868e-07                  0.0                  0.0   -5.693999996995417  -11.496289606265014               -100.0
  5.5                  9.6020600   -7.38603428274e-07                  0.0                  0.0   -4.663999279251161  -10.333289606265014               -100.0
  5.5                  9.6989700   -7.72249137588e-07                  0.0                  0.0  -3.8789830263272638   -9.445289606265014               -100.0
  5.5                  9.8750613   -7.99486140366e-07                  0.0                  0.0   -2.534968976183815   -7.911289606265014               -100.0
  5.5                 10.0000000    -8.0909920017e-07                  0.0                  0.0  -1.6462020043897434   -6.881289606265014               -100.0
  5.5                 10.4771213    -8.1711008334e-07                  0.0                  0.0   1.7315823660025687  -2.8422896062650143               -100.0
  5.5                 11.0000000   -8.18712259974e-07                  0.0                  0.0    5.050120982852083   0.9397103937349861               -100.0
  6.0                  7.0000000     3.4446797631e-07                  0.0                  0.0               -100.0               -100.0               -100.0
  6.0                  8.0000000    3.42865799676e-07                  0.0                  0.0              -33.022   -40.39828960626502               -100.0
  6.0                  8.3010300    3.39661446408e-07                  0.0                  0.0              -20.268  -27.321289606265015               -100.0
  6.0                  8.4771213     3.3645709314e-07                  0.0                  0.0              -15.796  -22.670289606265015               -100.0
  6.0                  8.6020600    3.30048386604e-07                  0.0                  0.0              -13.465  -20.210289606265015               -100.0
  6.0                  8.6989700    3.22037503434e-07                  0.0                  0.0              -12.014  -18.658289606265015               -100.0
  6.0                  8.7781513    3.14026620264e-07                  0.0                  0.0              -11.008  -17.568289606265015               -100.0
  6.0                  8.8450980    3.02811383826e-07                  0.0                  0.0              -10.253  -16.742289606265015               -100.0
  6.0                  8.9030900     2.8839179412e-07                  0.0                  0.0               -9.654  -16.080289606265016               -100.0
  6.0                  8.9542425    2.73972204414e-07                  0.0                  0.0               -9.161  -15.531289606265014               -100.0
  6.0                  9.0000000    2.57950438074e-07                  0.0                  0.0               -8.744  -15.064289606265014               -100.0
  6.0                  9.1760913    1.47400250328e-07                  0.0                  0.0               -7.325  -13.449289606265014               -100.0
  6.0                  9.3010300      1.602176634e-09                  0.0                  0.0               -6.468  -12.457289606265014               -100.0
  6.0                  9.4771213   -3.39661446408e-07                  0.0                  0.0   -5.376999998551947  -11.178289606265015               -100.0
  6.0                  9.6020600    -5.6877270507e-07                  0.0                  0.0   -4.530999468156268  -10.200289606265015               -100.0
  6.0                  9.6989700   -6.71312009646e-07                  0.0                  0.0  -3.8159853182788783   -9.382289606265015               -100.0
  6.0                  9.8750613   -7.59431724516e-07                  0.0                  0.0  -2.5180062266870813   -7.895289606265014               -100.0
  6.0                 10.0000000   -7.86668727294e-07                  0.0                  0.0  -1.6392945600505118   -6.874289606265014               -100.0
  6.0                 10.4771213   -8.15507906706e-07                  0.0                  0.0   1.7315823660025687  -2.8422896062650143               -100.0
  6.0                 11.0000000   -8.18712259974e-07                  0.0                  0.0    5.050120982852083   0.9397103937349861               -100.0
  6.5                  7.0000000    6.45677183502e-07                  0.0                  0.0               -100.0               -100.0               -100.0
  6.5                  8.0000000    6.42472830234e-07                  0.0                  0.0              -23.593  -30.970289606265016               -100.0
  6.5                  8.3010300      6.408706536e-07                  0.0                  0.0              -15.592  -22.661289606265015               -100.0
  6.5                  8.4771213    6.37666300332e-07                  0.0                  0.0              -12.698  -19.582289606265014               -100.0
  6.5                  8.6020600    6.34461947064e-07                  0.0                  0.0              -11.143  -17.889289606265013               -100.0
  6.5                  8.6989700    6.29655417162e-07                  0.0                  0.0              -10.145  -16.783289606265015               -100.0
  6.5                  8.7781513    6.23246710626e-07                  0.0                  0.0               -9.431  -15.983289606265014               -100.0
  6.5                  8.8450980     6.1683800409e-07                  0.0                  0.0               -8.879  -15.360289606265013               -100.0
  6.5                  8.9030900     6.0882712092e-07                  0.0                  0.0                -8.43  -14.849289606265014               -100.0
  6.5                  8.9542425    5.99214061116e-07                  0.0                  0.0               -8.051  -14.415289606265013               -100.0
  6.5                  9.0000000    5.89601001312e-07                  0.0                  0.0               -7.724  -14.039289606265013               -100.0
  6.5                  9.1760913     5.2070740605e-07                  0.0                  0.0               -6.557  -12.680289606265013               -100.0
  6.5                  9.3010300     4.2457680801e-07                  0.0                  0.0               -5.811  -11.798289606265014               -100.0
  6.5                  9.4771213    1.61819840034e-07                  0.0                  0.0   -4.854999999564705  -10.654289606265014               -100.0
  6.5                  9.6020600   -1.39389367158e-07                  0.0                  0.0   -4.194999754651059   -9.863289606265013               -100.0
  6.5                  9.6989700   -3.74909332356e-07                  0.0                  0.0   -3.628990432917308   -9.195289606265014               -100.0
  6.5                  9.8750613   -6.34461947064e-07                  0.0                  0.0   -2.466118254272754   -7.843289606265015               -100.0
  6.5                 10.0000000   -7.17775132032e-07                  0.0                  0.0   -1.618608765170093   -6.852289606265014               -100.0
  6.5                 10.4771213   -8.07497023536e-07                  0.0                  0.0   1.7325516097720026   -2.841289606265014               -100.0
  6.5                 11.0000000    -8.1711008334e-07                  0.0                  0.0    5.050120982852083   0.9407103937349856               -100.0
  7.0                  7.0000000   1.142351940042e-06                  0.0                  0.0               -8.571  -16.011289606265013               -100.0
  7.0                  8.0000000   1.142351940042e-06                  0.0                  0.0               -8.303  -15.534289606265014               -100.0
  7.0                  8.3010300    1.13754541014e-06                  0.0                  0.0               -7.957  -14.966289606265013               -100.0
  7.0                  8.4771213   1.134341056872e-06                  0.0                  0.0               -7.612  -14.456289606265013               -100.0
  7.0                  8.6020600   1.132738880238e-06                  0.0                  0.0               -7.339  -14.060289606265014               -100.0
  7.0                  8.6989700    1.12953452697e-06                  0.0                  0.0               -7.116  -13.737289606265014               -100.0
  7.0                  8.7781513   1.126330173702e-06                  0.0                  0.0               -6.918  -13.455289606265014               -100.0
  7.0                  8.8450980     1.1215236438e-06                  0.0                  0.0               -6.731  -13.194289606265015               -100.0
  7.0                  8.9030900   1.115114937264e-06                  0.0                  0.0               -6.545  -12.947289606265015               -100.0
  7.0                  8.9542425   1.110308407362e-06                  0.0                  0.0               -6.367  -12.714289606265014               -100.0
  7.0                  9.0000000   1.102297524192e-06                  0.0                  0.0               -6.196  -12.494289606265014               -100.0
  7.0                  9.1760913   1.059038755074e-06                  0.0                  0.0               -5.479  -11.592289606265014               -100.0
  7.0                  9.3010300    9.96553866348e-07                  0.0                  0.0               -4.944  -10.924289606265013               -100.0
  7.0                  9.4771213     8.1711008334e-07                  0.0                  0.0   -4.180999999907576   -9.976289606265015               -100.0
  7.0                  9.6020600     5.7678358824e-07                  0.0                  0.0   -3.637999931956871   -9.304289606265014               -100.0
  7.0                  9.6989700    3.01209207192e-07                  0.0                  0.0   -3.206996371037363   -8.772289606265014               -100.0
  7.0                  9.8750613   -2.51541731538e-07                  0.0                  0.0  -2.3063869755970248  -7.6832896062650144               -100.0
  7.0                 10.0000000   -5.03083463076e-07                  0.0                  0.0  -1.5525041673836621   -6.786289606265014               -100.0
  7.0                 10.4771213    -7.8506655066e-07                  0.0                  0.0   1.7345209221080382   -2.839289606265014               -100.0
  7.0                 11.0000000   -8.15507906706e-07                  0.0                  0.0    5.050120982852083   0.9407103937349856               -100.0
  7.5                  7.0000000   1.921009784166e-06                  0.0                  0.0               -4.391  -10.665289606265015               -100.0
  7.5                  8.0000000   1.921009784166e-06                  0.0                  0.0               -4.389  -10.661289606265013               -100.0
  7.5                  8.3010300    1.91460107763e-06                  0.0                  0.0               -4.393  -10.663289606265014               -100.0
  7.5                  8.4771213    1.91460107763e-06                  0.0                  0.0               -4.385  -10.647289606265014               -100.0
  7.5                  8.6020600   1.912998900996e-06                  0.0                  0.0               -4.381  -10.635289606265014               -100.0
  7.5                  8.6989700   1.909794547728e-06                  0.0                  0.0               -4.381  -10.625289606265014               -100.0
  7.5                  8.7781513   1.908192371094e-06                  0.0                  0.0               -4.377  -10.609289606265014               -100.0
  7.5                  8.8450980   1.904988017826e-06                  0.0                  0.0               -4.366  -10.583289606265014               -100.0
  7.5                  8.9030900   1.901783664558e-06                  0.0                  0.0               -4.345  -10.544289606265014               -100.0
  7.5                  8.9542425   1.896977134656e-06                  0.0                  0.0               -4.314  -10.494289606265014               -100.0
  7.5                  9.0000000   1.892170604754e-06                  0.0                  0.0               -4.277  -10.435289606265014               -100.0
  7.5                  9.1760913   1.863331425342e-06                  0.0                  0.0                -4.04  -10.084289606265013               -100.0
  7.5                  9.3010300   1.821674832858e-06                  0.0                  0.0               -3.782   -9.722289606265015               -100.0
  7.5                  9.4771213   1.701511585308e-06                  0.0                  0.0  -3.3069999999876467   -9.085289606265015               -100.0
  7.5                  9.6020600   1.534885215372e-06                  0.0                  0.0    -2.91099998724195   -8.566289606265014               -100.0
  7.5                  9.6989700   1.323397899684e-06                  0.0                  0.0  -2.5779991473243027   -8.136289606265015               -100.0
  7.5                  9.8750613    6.85731599352e-07                  0.0                  0.0  -1.9177484301908323   -7.293289606265014               -100.0
  7.5                 10.0000000     1.3618501389e-07                  0.0                  0.0  -1.3545002801861274   -6.589289606265014               -100.0
  7.5                 10.4771213    -7.1296860213e-07                  0.0                  0.0   1.7413382277540248   -2.831289606265014               -100.0
  7.5                 11.0000000    -8.0909920017e-07                  0.0                  0.0    5.050120982852083   0.9407103937349856               -100.0
  8.0                  7.0000000   3.105018316692e-06                  0.0                  0.0               -2.632   -8.533289606265015               -100.0
  8.0                  8.0000000   3.105018316692e-06                  0.0                  0.0               -2.631   -8.531289606265014               -100.0
  8.0                  8.3010300   3.105018316692e-06                  0.0                  0.0               -2.629   -8.528289606265014               -100.0
  8.0                  8.4771213   3.097007433522e-06                  0.0                  0.0               -2.635   -8.535289606265014               -100.0
  8.0                  8.6020600   3.097007433522e-06                  0.0                  0.0               -2.635   -8.535289606265014               -100.0
  8.0                  8.6989700   3.095405256888e-06                  0.0                  0.0               -2.637   -8.537289606265015               -100.0
  8.0                  8.7781513   3.093803080254e-06                  0.0                  0.0               -2.641   -8.538289606265014               -100.0
  8.0                  8.8450980   3.090598726986e-06                  0.0                  0.0               -2.635   -8.534289606265014               -100.0
  8.0                  8.9030900   3.088996550352e-06                  0.0                  0.0                -2.63   -8.527289606265015               -100.0
  8.0                  8.9542425   3.085792197084e-06                  0.0                  0.0               -2.621   -8.515289606265014               -100.0
  8.0                  9.0000000   3.082587843816e-06                  0.0                  0.0               -2.611   -8.500289606265014               -100.0
  8.0                  9.1760913   3.063361724208e-06                  0.0                  0.0               -2.535   -8.390289606265014               -100.0
  8.0                  9.3010300   3.034522544796e-06                  0.0                  0.0               -2.438   -8.248289606265015               -100.0
  8.0                  9.4771213   2.952811536462e-06                  0.0                  0.0   -2.216999999998996  -7.9282896062650146               -100.0
  8.0                  9.6020600   2.839056995448e-06                  0.0                  0.0  -1.9889999984731925   -7.608289606265014               -100.0
  8.0                  9.6989700   2.693258921754e-06                  0.0                  0.0   -1.771999866714089  -7.3082896062650144               -100.0
  8.0                  9.8750613   2.199788518482e-06                  0.0                  0.0  -1.3009390808477082   -6.668289606265014               -100.0
  8.0                 10.0000000    1.57814398449e-06                  0.0                  0.0   -0.911728990923984   -6.143289606265014               -100.0
  8.0                 10.4771213   -4.82255166834e-07                  0.0                  0.0   1.7637466308282372   -2.808289606265014               -100.0
  8.0                 11.0000000   -7.88270903928e-07                  0.0                  0.0    5.051120704637909   0.9407103937349856               -100.0
  8.5                  7.0000000   4.873821320628e-06                  0.0                  0.0                -1.17   -6.831289606265014               -100.0
  8.5                  8.0000000   4.873821320628e-06                  0.0                  0.0               -1.167   -6.829289606265014               -100.0
  8.5                  8.3010300   4.873821320628e-06                  0.0                  0.0               -1.176  -6.8162896062650145               -100.0
  8.5                  8.4771213   4.873821320628e-06                  0.0                  0.0               -1.175   -6.826289606265014               -100.0
  8.5                  8.6020600    4.86260608419e-06                  0.0                  0.0               -1.181   -6.834289606265014               -100.0
  8.5                  8.6989700    4.86260608419e-06                  0.0                  0.0               -1.181   -6.835289606265015               -100.0
  8.5                  8.7781513   4.861003907556e-06                  0.0                  0.0                -1.18   -6.834289606265014               -100.0
  8.5                  8.8450980   4.859401730922e-06                  0.0                  0.0               -1.178  -6.8322896062650145               -100.0
  8.5                  8.9030900   4.857799554288e-06                  0.0                  0.0               -1.176   -6.828289606265014               -100.0
  8.5                  8.9542425   4.856197377654e-06                  0.0                  0.0               -1.171   -6.823289606265014               -100.0
  8.5                  9.0000000   4.852993024386e-06                  0.0                  0.0               -1.166   -6.817289606265014               -100.0
  8.5                  9.1760913   4.840175611314e-06                  0.0                  0.0               -1.136   -6.774289606265014               -100.0
  8.5                  9.3010300   4.820949491706e-06                  0.0                  0.0               -1.098   -6.719289606265014               -100.0
  8.5                  9.4771213   4.764873309516e-06                  0.0                  0.0  -1.0089999999999377   -6.585289606265015               -100.0
  8.5                  9.6020600   4.687968831084e-06                  0.0                  0.0  -0.9069999998735891   -6.431289606265014               -100.0
  8.5                  9.6989700   4.588633879776e-06                  0.0                  0.0  -0.7969999858816383   -6.266289606265014               -100.0
  8.5                  9.8750613   4.244165903466e-06                  0.0                  0.0  -0.5179899589462756   -5.855289606265014               -100.0
  8.5                 10.0000000   3.771523796436e-06                  0.0                  0.0 -0.25771774400452546   -5.476289606265015               -100.0
  8.5                 10.4771213    2.37122141832e-07                  0.0                  0.0   1.8340471192777599   -2.736289606265014               -100.0
  8.5                 11.0000000   -7.24183838568e-07                  0.0                  0.0   5.0531204270634325   0.9427103937349863               -100.0
  9.0                  7.0000000    7.49017576395e-06                  0.0                  0.0  0.12199999999999997   -5.301289606265014               -100.0
  9.0                  8.0000000    7.49017576395e-06                  0.0                  0.0  0.12299999999999997   -5.301289606265014               -100.0
  9.0                  8.3010300    7.49017576395e-06                  0.0                  0.0  0.12299999999999997   -5.301289606265014               -100.0
  9.0                  8.4771213    7.49017576395e-06                  0.0                  0.0  0.12299999999999997   -5.300289606265014               -100.0
  9.0                  8.6020600    7.49017576395e-06                  0.0                  0.0  0.12399999999999999   -5.299289606265014               -100.0
  9.0                  8.6989700    7.49017576395e-06                  0.0                  0.0  0.12499999999999999   -5.299289606265014               -100.0
  9.0                  8.7781513    7.47415399761e-06                  0.0                  0.0  0.11999999999999997   -5.305289606265014               -100.0
  9.0                  8.8450980   7.472551820976e-06                  0.0                  0.0                0.121  -5.3032896062650146               -100.0
  9.0                  8.9030900   7.472551820976e-06                  0.0                  0.0  0.12299999999999997   -5.301289606265014               -100.0
  9.0                  8.9542425   7.470949644342e-06                  0.0                  0.0  0.12499999999999999   -5.298289606265014               -100.0
  9.0                  9.0000000   7.469347467708e-06                  0.0                  0.0                0.128  -5.2952896062650145               -100.0
  9.0                  9.1760913   7.459734407904e-06                  0.0                  0.0  0.13999999999999999   -5.277289606265014               -100.0
  9.0                  9.3010300   7.446916994832e-06                  0.0                  0.0  0.15500000000000003   -5.254289606265014               -100.0
  9.0                  9.4771213   7.408464755616e-06                  0.0                  0.0  0.18700000000000397   -5.203289606265014               -100.0
  9.0                  9.6020600   7.355592926694e-06                  0.0                  0.0  0.22600000000930642   -5.140289606265014               -100.0
  9.0                  9.6989700   7.288301508066e-06                  0.0                  0.0  0.27000000120999706   -5.067289606265014               -100.0
  9.0                  9.8750613   7.052781542868e-06                  0.0                  0.0   0.3990012155804409   -4.858289606265014               -100.0
  9.0                 10.0000000   6.724335332898e-06                  0.0                  0.0   0.5420448499420399  -4.6302896062650145               -100.0
  9.0                 10.4771213   2.345586592176e-06                  0.0                  0.0   2.0381974822099043  -2.5272896062650143               -100.0
  9.0                 11.0000000   -5.17503052782e-07                  0.0                  0.0    5.059119323133139   0.9497103937349859               -100.0
  9.5                  7.0000000  1.1345012745354e-05                  0.0                  0.0                 1.26  -3.9262896062650143               -100.0
  9.5                  8.0000000  1.1345012745354e-05                  0.0                  0.0                1.261   -3.924289606265014               -100.0
  9.5                  8.3010300  1.1345012745354e-05                  0.0                  0.0                1.262   -3.924289606265014               -100.0
  9.5                  8.4771213  1.1345012745354e-05                  0.0                  0.0                1.261   -3.925289606265014               -100.0
  9.5                  8.6020600  1.1345012745354e-05                  0.0                  0.0                1.262   -3.925289606265014               -100.0
  9.5                  8.6989700  1.1345012745354e-05                  0.0                  0.0                1.263   -3.924289606265014               -100.0
  9.5                  8.7781513  1.1345012745354e-05                  0.0                  0.0                1.266   -3.923289606265014               -100.0
  9.5                  8.8450980  1.1345012745354e-05                  0.0                  0.0                1.267  -3.9222896062650143               -100.0
  9.5                  8.9030900  1.1320980095844e-05                  0.0                  0.0                1.263   -3.927289606265014               -100.0
  9.5                  8.9542425   1.131937791921e-05                  0.0                  0.0                1.264   -3.925289606265014               -100.0
  9.5                  9.0000000   1.131937791921e-05                  0.0                  0.0                1.266   -3.923289606265014               -100.0
  9.5                  9.1760913  1.1312969212674e-05                  0.0                  0.0                1.272   -3.915289606265014               -100.0
  9.5                  9.3010300   1.130335615287e-05                  0.0                  0.0                1.278   -3.906289606265014               -100.0
  9.5                  9.4771213  1.1277721326726e-05                  0.0                  0.0   1.2910000000000001  -3.8852896062650144               -100.0
  9.5                  9.6020600  1.1242473440778e-05                  0.0                  0.0   1.3040000000007776  -3.8612896062650144               -100.0
  9.5                  9.6989700  1.1196010318392e-05                  0.0                  0.0   1.3200000001078411  -3.8332896062650144               -100.0
  9.5                  9.8750613  1.1034190478358e-05                  0.0                  0.0   1.3710001296535004   -3.743289606265014               -100.0
  9.5                 10.0000000  1.0809885749598e-05                  0.0                  0.0   1.4350057382761192  -3.6322896062650143               -100.0
  9.5                 10.4771213   6.967866181266e-06                  0.0                  0.0    2.470788619471441   -2.082289606265014               -100.0
  9.5                 11.0000000    1.32980660622e-07                  0.0                  0.0    5.079115804759142   0.9697103937349856               -100.0
 10.0                  7.0000000  1.7013513676446e-05                  0.0                  0.0                2.279  -2.6852896062650142               -100.0
 10.0                  8.0000000  1.7013513676446e-05                  0.0                  0.0                2.279   -2.684289606265014               -100.0
 10.0                  8.3010300  1.7013513676446e-05                  0.0                  0.0                2.279   -2.684289606265014               -100.0
 10.0                  8.4771213  1.7013513676446e-05                  0.0                  0.0                 2.28   -2.683289606265014               -100.0
 10.0                  8.6020600  1.7013513676446e-05                  0.0                  0.0                2.281   -2.682289606265014               -100.0
 10.0                  8.6989700  1.7013513676446e-05                  0.0                  0.0                2.281   -2.682289606265014               -100.0
 10.0                  8.7781513  1.7013513676446e-05                  0.0                  0.0                2.282  -2.6812896062650142               -100.0
 10.0                  8.8450980  1.7013513676446e-05                  0.0                  0.0                2.283   -2.680289606265014               -100.0
 10.0                  8.9030900  1.7013513676446e-05                  0.0                  0.0                2.284   -2.678289606265014               -100.0
 10.0                  8.9542425  1.7013513676446e-05                  0.0                  0.0                2.285   -2.677289606265014               -100.0
 10.0                  9.0000000  1.7013513676446e-05                  0.0                  0.0                2.286   -2.676289606265014               -100.0
 10.0                  9.1760913  1.6971857083962e-05                  0.0                  0.0                2.285   -2.677289606265014               -100.0
 10.0                  9.3010300  1.6965448377426e-05                  0.0                  0.0                2.288   -2.674289606265014               -100.0
 10.0                  9.4771213  1.6949426611086e-05                  0.0                  0.0                2.294  -2.6642896062650143               -100.0
 10.0                  9.6020600  1.6923791784942e-05                  0.0                  0.0   2.2990000000000785   -2.654289606265014               -100.0
 10.0                  9.6989700  1.6891748252262e-05                  0.0                  0.0   2.3050000000111632   -2.643289606265014               -100.0
 10.0                  9.8750613   1.678280024115e-05                  0.0                  0.0   2.3250000144139933   -2.607289606265014               -100.0
 10.0                 10.0000000  1.6628991284286e-05                  0.0                  0.0   2.3510006962800682  -2.5602896062650142               -100.0
 10.0                 10.4771213  1.3855623530832e-05                  0.0                  0.0   3.0587335293491074   -1.470289606265014               -100.0
 10.0                 11.0000000   2.161336279266e-06                  0.0                  0.0    5.140105131229777   1.0317103937349859               -100.0
 10.5                  7.0000000  2.5341627819978e-05                  0.0                  0.0                 3.22   -1.534289606265014               -100.0
 10.5                  8.0000000  2.5341627819978e-05                  0.0                  0.0                3.221  -1.5322896062650142               -100.0
 10.5                  8.3010300  2.5341627819978e-05                  0.0                  0.0                3.221  -1.5322896062650142               -100.0
 10.5                  8.4771213  2.5341627819978e-05                  0.0                  0.0                3.222  -1.5312896062650139               -100.0
 10.5                  8.6020600  2.5341627819978e-05                  0.0                  0.0                3.222  -1.5312896062650139               -100.0
 10.5                  8.6989700  2.5341627819978e-05                  0.0                  0.0                3.223  -1.5302896062650144               -100.0
 10.5                  8.7781513  2.5341627819978e-05                  0.0                  0.0                3.224  -1.5302896062650144               -100.0
 10.5                  8.8450980  2.5341627819978e-05                  0.0                  0.0                3.224   -1.529289606265014               -100.0
 10.5                  8.9030900  2.5341627819978e-05                  0.0                  0.0                3.225  -1.5282896062650138               -100.0
 10.5                  8.9542425  2.5341627819978e-05                  0.0                  0.0                3.226  -1.5272896062650143               -100.0
 10.5                  9.0000000  2.5341627819978e-05                  0.0                  0.0                3.227   -1.526289606265014               -100.0
 10.5                  9.1760913  2.5341627819978e-05                  0.0                  0.0                3.231  -1.5222896062650144               -100.0
 10.5                  9.3010300  2.5277540754618e-05                  0.0                  0.0                3.228   -1.526289606265014               -100.0
 10.5                  9.4771213   2.526632551818e-05                  0.0                  0.0                3.231  -1.5212896062650143               -100.0
 10.5                  9.6020600  2.5248701575206e-05                  0.0                  0.0   3.2330000000000094  -1.5172896062650145               -100.0
 10.5                  9.6989700  2.5227873278964e-05                  0.0                  0.0    3.236000000001309   -1.513289606265014               -100.0
 10.5                  9.8750613  2.5152570977166e-05                  0.0                  0.0    3.243000001740942  -1.4982896062650144               -100.0
 10.5                 10.0000000  2.5048429495956e-05                  0.0                  0.0    3.254000087053105   -1.478289606265014               -100.0
 10.5                 10.4771213  2.3137032771594e-05                  0.0                  0.0    3.729157291648141  -0.7512896062650145               -100.0
 10.5                 11.0000000   8.244800958564e-06                  0.0                  0.0    5.322077400828662   1.2167103937349855               -100.0
 11.0                  7.0000000  3.7569439890666e-05                  0.0                  0.0                4.122 -0.43528960626501384               -100.0
 11.0                  8.0000000  3.7569439890666e-05                  0.0                  0.0                4.122 -0.43528960626501384               -100.0
 11.0                  8.3010300  3.7569439890666e-05                  0.0                  0.0                4.122 -0.43528960626501384               -100.0
 11.0                  8.4771213  3.7569439890666e-05                  0.0                  0.0                 4.12  -0.4372896062650145               -100.0
 11.0                  8.6020600  3.7569439890666e-05                  0.0                  0.0                 4.12  -0.4372896062650145               -100.0
 11.0                  8.6989700  3.7569439890666e-05                  0.0                  0.0                4.121  -0.4362896062650142               -100.0
 11.0                  8.7781513  3.7569439890666e-05                  0.0                  0.0                4.121  -0.4362896062650142               -100.0
 11.0                  8.8450980  3.7569439890666e-05                  0.0                  0.0                4.122 -0.43528960626501384               -100.0
 11.0                  8.9030900  3.7569439890666e-05                  0.0                  0.0                4.123  -0.4342896062650144               -100.0
 11.0                  8.9542425  3.7569439890666e-05                  0.0                  0.0                4.124   -0.433289606265014               -100.0
 11.0                  9.0000000  3.7569439890666e-05                  0.0                  0.0                4.125  -0.4322896062650137               -100.0
 11.0                  9.1760913  3.7569439890666e-05                  0.0                  0.0                4.128 -0.42928960626501445               -100.0
 11.0                  9.3010300  3.7569439890666e-05                  0.0                  0.0                4.129 -0.42728960626501383               -100.0
 11.0                  9.4771213  3.7470104939358e-05                  0.0                  0.0                4.127   -0.430289606265014               -100.0
 11.0                  9.6020600   3.745888970292e-05                  0.0                  0.0    4.128000000000001 -0.42928960626501445               -100.0
 11.0                  9.6989700  3.7444470113214e-05                  0.0                  0.0    4.129000000000167 -0.42728960626501383               -100.0
 11.0                  9.8750613  3.7393200460926e-05                  0.0                  0.0    4.131000000225312 -0.42228960626501394               -100.0
 11.0                 10.0000000  3.7321102512396e-05                  0.0                  0.0    4.136000011423109  -0.4122896062650142               -100.0
 11.0                 10.4771213  3.6015328555686e-05                  0.0                  0.0   4.4610292260214175  0.06371039373498583               -100.0
 11.0                 11.0000000  2.2412848933026e-05                  0.0                  0.0    5.729035218163238    1.638710393734986               -100.0
 11.5                  7.0000000  5.5520226898002e-05                  0.0                  0.0                4.991   0.6207103937349863               -100.0
 11.5                  8.0000000  5.5520226898002e-05                  0.0                  0.0                4.991   0.6207103937349863               -100.0
 11.5                  8.3010300  5.5520226898002e-05                  0.0                  0.0                4.991   0.6207103937349863               -100.0
 11.5                  8.4771213  5.5520226898002e-05                  0.0                  0.0                4.992   0.6207103937349863               -100.0
 11.5                  8.6020600  5.5520226898002e-05                  0.0                  0.0                4.992   0.6207103937349863               -100.0
 11.5                  8.6989700  5.5520226898002e-05                  0.0                  0.0                 4.99   0.6187103937349855               -100.0
 11.5                  8.7781513  5.5520226898002e-05                  0.0                  0.0                4.991   0.6197103937349858               -100.0
 11.5                  8.8450980  5.5520226898002e-05                  0.0                  0.0                4.992   0.6207103937349863               -100.0
 11.5                  8.9030900  5.5520226898002e-05                  0.0                  0.0                4.993   0.6237103937349854               -100.0
 11.5                  8.9542425  5.5520226898002e-05                  0.0                  0.0                4.995   0.6247103937349858               -100.0
 11.5                  9.0000000  5.5520226898002e-05                  0.0                  0.0                4.996   0.6247103937349858               -100.0
 11.5                  9.1760913  5.5520226898002e-05                  0.0                  0.0                4.999   0.6277103937349858               -100.0
 11.5                  9.3010300  5.5520226898002e-05                  0.0                  0.0                5.001   0.6297103937349857               -100.0
 11.5                  9.4771213  5.5520226898002e-05                  0.0                  0.0                5.003   0.6327103937349858               -100.0
 11.5                  9.6020600   5.537122447104e-05                  0.0                  0.0                4.998   0.6267103937349856               -100.0
 11.5                  9.6989700  5.5361611411236e-05                  0.0                  0.0    4.998000000000023   0.6277103937349858               -100.0
 11.5                  9.8750613  5.5326363525288e-05                  0.0                  0.0   4.9990000000305335   0.6297103937349857               -100.0
 11.5                 10.0000000  5.5278298226268e-05                  0.0                  0.0    5.001000001558778   0.6327103937349858               -100.0
 11.5                 10.4771213  5.4387488017764e-05                  0.0                  0.0    5.236004906613597   0.9547103937349858               -100.0
 11.5                 11.0000000   4.442034717765e-05                  0.0                  0.0    6.307010041053725   2.2517103937349865               -100.0
