!79kr -> 79br, e- capture
!Q=-1.626 MeV
!
!Log(rhoY)            Log(temp)            mu                   dQ                   Vs                   Log(e-cap-rate)      Log(nu-energy-loss)  Log(gamma-energy)   
!Log(g/cm^3)          Log(K)               erg                  erg                  erg                  Log(1/s)             Log(erg/s)           Log(erg/s)          
  1.0                  7.0000000     -4.806529902e-09                  0.0                  0.0     -6.4256039358825  -12.672289606265014               -100.0
  1.0                  8.0000000    -9.2926244772e-08                  0.0                  0.0   -6.439248439591832  -12.702289606265014               -100.0
  1.0                  8.3010300   -2.14691668956e-07                  0.0                  0.0   -6.441053378815017  -12.706289606265013               -100.0
  1.0                  8.4771213   -3.49274506212e-07                  0.0                  0.0   -6.439805450263002  -12.704289606265014               -100.0
  1.0                  8.6020600   -4.91868226638e-07                  0.0                  0.0   -6.426276757186562  -12.689289606265014               -100.0
  1.0                  8.6989700   -6.39268476966e-07                  0.0                  0.0   -6.404610866762304  -12.663289606265014               -100.0
  1.0                  8.7781513   -7.65840431052e-07                  0.0                  0.0   -6.377747383031485  -12.629289606265013               -100.0
  1.0                  8.8450980   -8.05894846902e-07                  0.0                  0.0  -6.3426239630313335  -12.576289606265014               -100.0
  1.0                  8.9030900   -8.15507906706e-07                  0.0                  0.0   -6.290922235549281  -12.483289606265014               -100.0
  1.0                  8.9542425    -8.1711008334e-07                  0.0                  0.0   -6.210603671038685  -12.336289606265014               -100.0
  1.0                  9.0000000   -8.18712259974e-07                  0.0                  0.0   -6.095228047506532  -12.143289606265014               -100.0
  1.0                  9.1760913   -8.18712259974e-07                  0.0                  0.0   -5.284854031965809  -11.101289606265015               -100.0
  1.0                  9.3010300   -8.18712259974e-07                  0.0                  0.0   -4.601140081587599  -10.334289606265013               -100.0
  1.0                  9.4771213   -8.18712259974e-07                  0.0                  0.0  -3.6708532363804274   -9.291289606265014               -100.0
  1.0                  9.6020600   -8.18712259974e-07                  0.0                  0.0   -3.024763580190042   -8.553289606265015               -100.0
  1.0                  9.6989700   -8.18712259974e-07                  0.0                  0.0   -2.523507350594197  -7.9732896062650145               -100.0
  1.0                  9.8750613   -8.18712259974e-07                  0.0                  0.0  -1.6067004966198455  -6.8962896062650145               -100.0
  1.0                 10.0000000   -8.18712259974e-07                  0.0                  0.0  -0.9416011458379407   -6.101289606265015               -100.0
  1.0                 10.4771213   -8.18712259974e-07                  0.0                  0.0    1.970500903968959   -2.586289606265014               -100.0
  1.0                 11.0000000   -8.18712259974e-07                  0.0                  0.0    5.080149868159916   0.9737103937349859               -100.0
  1.5                  7.0000000     -3.204353268e-09                  0.0                  0.0   -6.385314061914023  -12.588289606265015               -100.0
  1.5                  8.0000000    -7.6904478432e-08                  0.0                  0.0   -6.424998928097392  -12.671289606265015               -100.0
  1.5                  8.3010300    -1.8425031291e-07                  0.0                  0.0   -6.430546227563848  -12.683289606265014               -100.0
  1.5                  8.4771213   -3.01209207192e-07                  0.0                  0.0   -6.430871844911212  -12.684289606265015               -100.0
  1.5                  8.6020600   -4.27781161278e-07                  0.0                  0.0    -6.41833356844416  -12.671289606265015               -100.0
  1.5                  8.6989700   -5.59159645266e-07                  0.0                  0.0  -6.3974440903085315  -12.646289606265015               -100.0
  1.5                  8.7781513   -6.92140305888e-07                  0.0                  0.0   -6.371844607333354  -12.614289606265014               -100.0
  1.5                  8.8450980   -7.80260020758e-07                  0.0                  0.0   -6.338831308150653  -12.567289606265014               -100.0
  1.5                  8.9030900   -8.05894846902e-07                  0.0                  0.0   -6.288037745722436  -12.477289606265014               -100.0
  1.5                  8.9542425   -8.13905730072e-07                  0.0                  0.0    -6.20834595465128  -12.332289606265014               -100.0
  1.5                  9.0000000   -8.15507906706e-07                  0.0                  0.0   -6.093565137563514  -12.140289606265014               -100.0
  1.5                  9.1760913   -8.18712259974e-07                  0.0                  0.0   -5.284854031965809  -11.101289606265015               -100.0
  1.5                  9.3010300   -8.18712259974e-07                  0.0                  0.0   -4.601140081587599  -10.334289606265013               -100.0
  1.5                  9.4771213   -8.18712259974e-07                  0.0                  0.0  -3.6708532363804274   -9.291289606265014               -100.0
  1.5                  9.6020600   -8.18712259974e-07                  0.0                  0.0   -3.024763580190042   -8.553289606265015               -100.0
  1.5                  9.6989700   -8.18712259974e-07                  0.0                  0.0   -2.523507350594197  -7.9732896062650145               -100.0
  1.5                  9.8750613   -8.18712259974e-07                  0.0                  0.0  -1.6067004966198455  -6.8962896062650145               -100.0
  1.5                 10.0000000   -8.18712259974e-07                  0.0                  0.0  -0.9416011458379407   -6.101289606265015               -100.0
  1.5                 10.4771213   -8.18712259974e-07                  0.0                  0.0    1.970500903968959   -2.586289606265014               -100.0
  1.5                 11.0000000   -8.18712259974e-07                  0.0                  0.0    5.080149868159916   0.9737103937349859               -100.0
  2.0                  7.0000000     -1.602176634e-09                  0.0                  0.0  -6.2822002142765925  -12.404289606265014               -100.0
  2.0                  8.0000000    -6.0882712092e-08                  0.0                  0.0   -6.382923929085492  -12.583289606265014               -100.0
  2.0                  8.3010300    -1.5220678023e-07                  0.0                  0.0   -6.398899939519937  -12.615289606265014               -100.0
  2.0                  8.4771213   -2.53143908172e-07                  0.0                  0.0   -6.403773183654741  -12.624289606265014               -100.0
  2.0                  8.6020600   -3.63694095918e-07                  0.0                  0.0   -6.394130436133425  -12.616289606265013               -100.0
  2.0                  8.6989700     -4.806529902e-07                  0.0                  0.0   -6.375460347935394  -12.596289606265014               -100.0
  2.0                  8.7781513    -6.0081623775e-07                  0.0                  0.0   -6.351961483021335  -12.569289606265015               -100.0
  2.0                  8.8450980   -7.14570778764e-07                  0.0                  0.0    -6.32373502778818  -12.532289606265014               -100.0
  2.0                  8.9030900   -7.80260020758e-07                  0.0                  0.0  -6.2779374889084085  -12.455289606265014               -100.0
  2.0                  8.9542425   -8.02690493634e-07                  0.0                  0.0   -6.200855341109933  -12.318289606265013               -100.0
  2.0                  9.0000000   -8.10701376804e-07                  0.0                  0.0   -6.087815193214355  -12.131289606265014               -100.0
  2.0                  9.1760913   -8.18712259974e-07                  0.0                  0.0   -5.284006940096732  -11.099289606265014               -100.0
  2.0                  9.3010300   -8.18712259974e-07                  0.0                  0.0   -4.601140081587599  -10.334289606265013               -100.0
  2.0                  9.4771213   -8.18712259974e-07                  0.0                  0.0  -3.6708532363804274   -9.291289606265014               -100.0
  2.0                  9.6020600   -8.18712259974e-07                  0.0                  0.0   -3.024763580190042   -8.553289606265015               -100.0
  2.0                  9.6989700   -8.18712259974e-07                  0.0                  0.0   -2.523507350594197  -7.9732896062650145               -100.0
  2.0                  9.8750613   -8.18712259974e-07                  0.0                  0.0  -1.6067004966198455  -6.8962896062650145               -100.0
  2.0                 10.0000000   -8.18712259974e-07                  0.0                  0.0  -0.9416011458379407   -6.101289606265015               -100.0
  2.0                 10.4771213   -8.18712259974e-07                  0.0                  0.0    1.970500903968959   -2.586289606265014               -100.0
  2.0                 11.0000000   -8.18712259974e-07                  0.0                  0.0    5.080149868159916   0.9737103937349859               -100.0
  2.5                  7.0000000      1.602176634e-09                  0.0                  0.0   -6.080838469164488  -12.110289606265015               -100.0
  2.5                  8.0000000    -4.4860945752e-08                  0.0                  0.0   -6.271889637884238  -12.386289606265015               -100.0
  2.5                  8.3010300    -1.2016324755e-07                  0.0                  0.0    -6.31201110750368  -12.451289606265014               -100.0
  2.5                  8.4771213   -2.06680785786e-07                  0.0                  0.0   -6.327756911343505  -12.477289606265014               -100.0
  2.5                  8.6020600   -3.01209207192e-07                  0.0                  0.0   -6.325634478497285  -12.480289606265014               -100.0
  2.5                  8.6989700     -4.005441585e-07                  0.0                  0.0   -6.312469144988419  -12.467289606265014               -100.0
  2.5                  8.7781513   -5.06287816344e-07                  0.0                  0.0   -6.293713646159785  -12.447289606265015               -100.0
  2.5                  8.8450980   -6.13633650822e-07                  0.0                  0.0   -6.271556109381272  -12.422289606265014               -100.0
  2.5                  8.9030900   -7.11366425496e-07                  0.0                  0.0   -6.238975052078415  -12.375289606265014               -100.0
  2.5                  8.9542425    -7.6904478432e-07                  0.0                  0.0   -6.174529977578309  -12.269289606265014               -100.0
  2.5                  9.0000000   -7.94679610464e-07                  0.0                  0.0   -6.069658985068504  -12.101289606265015               -100.0
  2.5                  9.1760913   -8.15507906706e-07                  0.0                  0.0   -5.280615597290766  -11.096289606265014               -100.0
  2.5                  9.3010300   -8.18712259974e-07                  0.0                  0.0   -4.600186926626058  -10.333289606265014               -100.0
  2.5                  9.4771213   -8.18712259974e-07                  0.0                  0.0  -3.6708532363804274   -9.291289606265014               -100.0
  2.5                  9.6020600   -8.18712259974e-07                  0.0                  0.0   -3.024763580190042   -8.553289606265015               -100.0
  2.5                  9.6989700   -8.18712259974e-07                  0.0                  0.0   -2.523507350594197  -7.9732896062650145               -100.0
  2.5                  9.8750613   -8.18712259974e-07                  0.0                  0.0  -1.6067004966198455  -6.8962896062650145               -100.0
  2.5                 10.0000000   -8.18712259974e-07                  0.0                  0.0  -0.9416011458379407   -6.101289606265015               -100.0
  2.5                 10.4771213   -8.18712259974e-07                  0.0                  0.0    1.970500903968959   -2.586289606265014               -100.0
  2.5                 11.0000000   -8.18712259974e-07                  0.0                  0.0    5.080149868159916   0.9737103937349859               -100.0
  3.0                  7.0000000      3.204353268e-09                  0.0                  0.0  -5.8013714737209945  -11.768289606265014               -100.0
  3.0                  8.0000000    -2.8839179412e-08                  0.0                  0.0   -6.040875633678399  -12.055289606265013               -100.0
  3.0                  8.3010300     -8.811971487e-08                  0.0                  0.0   -6.115535537385009  -12.153289606265014               -100.0
  3.0                  8.4771213   -1.58615486766e-07                  0.0                  0.0   -6.149913593443703  -12.197289606265015               -100.0
  3.0                  8.6020600   -2.37122141832e-07                  0.0                  0.0    -6.16071745138258  -12.212289606265013               -100.0
  3.0                  8.6989700     -3.204353268e-07                  0.0                  0.0  -6.1580593154964385  -12.210289606265015               -100.0
  3.0                  8.7781513   -4.10157218304e-07                  0.0                  0.0   -6.148279899698437  -12.199289606265014               -100.0
  3.0                  8.8450980   -5.03083463076e-07                  0.0                  0.0   -6.134710527768794  -12.184289606265015               -100.0
  3.0                  8.9030900   -5.99214061116e-07                  0.0                  0.0   -6.116330031598945  -12.161289606265013               -100.0
  3.0                  8.9542425   -6.85731599352e-07                  0.0                  0.0   -6.080901572390011  -12.112289606265014               -100.0
  3.0                  9.0000000   -7.46614311444e-07                  0.0                  0.0  -6.0066761712813115  -12.004289606265013               -100.0
  3.0                  9.1760913   -8.10701376804e-07                  0.0                  0.0    -5.27211657922863  -11.086289606265014               -100.0
  3.0                  9.3010300    -8.1711008334e-07                  0.0                  0.0   -4.598280308803482  -10.331289606265013               -100.0
  3.0                  9.4771213   -8.18712259974e-07                  0.0                  0.0    -3.66986272838805   -9.290289606265015               -100.0
  3.0                  9.6020600   -8.18712259974e-07                  0.0                  0.0   -3.024763580190042   -8.553289606265015               -100.0
  3.0                  9.6989700   -8.18712259974e-07                  0.0                  0.0   -2.523507350594197   -7.972289606265014               -100.0
  3.0                  9.8750613   -8.18712259974e-07                  0.0                  0.0  -1.6067004966198455  -6.8962896062650145               -100.0
  3.0                 10.0000000   -8.18712259974e-07                  0.0                  0.0  -0.9416011458379407   -6.101289606265015               -100.0
  3.0                 10.4771213   -8.18712259974e-07                  0.0                  0.0    1.970500903968959   -2.586289606265014               -100.0
  3.0                 11.0000000   -8.18712259974e-07                  0.0                  0.0    5.080149868159916   0.9737103937349859               -100.0
  3.5                  7.0000000       8.01088317e-09                  0.0                  0.0   -5.495391127798518  -11.431289606265015               -100.0
  3.5                  8.0000000    -1.1215236438e-08                  0.0                  0.0   -5.688556109381273  -11.638289606265014               -100.0
  3.5                  8.3010300    -5.4474005556e-08                  0.0                  0.0   -5.786605710176353  -11.746289606265014               -100.0
  3.5                  8.4771213   -1.10550187746e-07                  0.0                  0.0   -5.836770762476719  -11.800289606265014               -100.0
  3.5                  8.6020600   -1.73035076472e-07                  0.0                  0.0   -5.860603658437938  -11.823289606265014               -100.0
  3.5                  8.6989700     -2.403264951e-07                  0.0                  0.0   -5.869588539212317  -11.828289606265015               -100.0
  3.5                  8.7781513   -3.14026620264e-07                  0.0                  0.0    -5.87024298954333  -11.824289606265014               -100.0
  3.5                  8.8450980    -3.9253327533e-07                  0.0                  0.0   -5.865816509072585  -11.815289606265013               -100.0
  3.5                  8.9030900    -4.7264210703e-07                  0.0                  0.0   -5.858200862410053  -11.802289606265013               -100.0
  3.5                  8.9542425   -5.55955291998e-07                  0.0                  0.0   -5.843967491073402  -11.782289606265014               -100.0
  3.5                  9.0000000   -6.36064123698e-07                  0.0                  0.0   -5.815266605081124  -11.743289606265014               -100.0
  3.5                  9.1760913   -7.94679610464e-07                  0.0                  0.0   -5.242143629701642  -11.054289606265014               -100.0
  3.5                  9.3010300   -8.12303553438e-07                  0.0                  0.0   -4.590649763464736  -10.323289606265014               -100.0
  3.5                  9.4771213    -8.1711008334e-07                  0.0                  0.0  -3.6688721987714095   -9.289289606265015               -100.0
  3.5                  9.6020600    -8.1711008334e-07                  0.0                  0.0   -3.023766419841882   -8.553289606265015               -100.0
  3.5                  9.6989700   -8.18712259974e-07                  0.0                  0.0   -2.523507350594197   -7.972289606265014               -100.0
  3.5                  9.8750613   -8.18712259974e-07                  0.0                  0.0  -1.6067004966198455  -6.8962896062650145               -100.0
  3.5                 10.0000000   -8.18712259974e-07                  0.0                  0.0  -0.9416011458379407   -6.101289606265015               -100.0
  3.5                 10.4771213   -8.18712259974e-07                  0.0                  0.0    1.970500903968959   -2.586289606265014               -100.0
  3.5                 11.0000000   -8.18712259974e-07                  0.0                  0.0    5.080149868159916   0.9737103937349859               -100.0
  4.0                  7.0000000     1.9226119608e-08                  0.0                  0.0   -5.172239802265859  -11.091289606265015               -100.0
  4.0                  8.0000000       8.01088317e-09                  0.0                  0.0     -5.2784222357469  -11.200289606265015               -100.0
  4.0                  8.3010300    -2.0828296242e-08                  0.0                  0.0  -5.3690115444240005  -11.291289606265014               -100.0
  4.0                  8.4771213    -6.0882712092e-08                  0.0                  0.0  -5.4234653394622825  -11.344289606265015               -100.0
  4.0                  8.6020600   -1.07345834478e-07                  0.0                  0.0   -5.452651203947326  -11.367289606265015               -100.0
  4.0                  8.6989700     -1.602176634e-07                  0.0                  0.0  -5.4671446858639134  -11.374289606265014               -100.0
  4.0                  8.7781513   -2.17896022224e-07                  0.0                  0.0   -5.473741426620127  -11.373289606265015               -100.0
  4.0                  8.8450980    -2.8038091095e-07                  0.0                  0.0   -5.475526879984788  -11.367289606265015               -100.0
  4.0                  8.9030900   -3.46070152944e-07                  0.0                  0.0   -5.473586538139551  -11.358289606265014               -100.0
  4.0                  8.9542425   -4.13361571572e-07                  0.0                  0.0   -5.468708787100485  -11.344289606265015               -100.0
  4.0                  9.0000000   -4.85459520102e-07                  0.0                  0.0   -5.458239409810788  -11.326289606265014               -100.0
  4.0                  9.1760913   -7.43409958176e-07                  0.0                  0.0   -5.149391127798518  -10.954289606265014               -100.0
  4.0                  9.3010300   -7.96281787098e-07                  0.0                  0.0   -4.568676458820859  -10.300289606265014               -100.0
  4.0                  9.4771213   -8.12303553438e-07                  0.0                  0.0   -3.664909865036462   -9.285289606265014               -100.0
  4.0                  9.6020600   -8.15507906706e-07                  0.0                  0.0  -3.0227692529812074   -8.551289606265014               -100.0
  4.0                  9.6989700    -8.1711008334e-07                  0.0                  0.0   -2.522508483015453   -7.972289606265014               -100.0
  4.0                  9.8750613   -8.18712259974e-07                  0.0                  0.0  -1.6067004966198455  -6.8962896062650145               -100.0
  4.0                 10.0000000   -8.18712259974e-07                  0.0                  0.0  -0.9416011458379407   -6.101289606265015               -100.0
  4.0                 10.4771213   -8.18712259974e-07                  0.0                  0.0    1.970500903968959   -2.586289606265014               -100.0
  4.0                 11.0000000   -8.18712259974e-07                  0.0                  0.0    5.080149868159916   0.9737103937349859               -100.0
  4.5                  7.0000000      4.005441585e-08                  0.0                  0.0  -4.8371766575149175  -10.747289606265014               -100.0
  4.5                  8.0000000     3.5247885948e-08                  0.0                  0.0  -4.8732270703478475  -10.783289606265015               -100.0
  4.5                  8.3010300     1.9226119608e-08                  0.0                  0.0   -4.929570730963057  -10.836289606265014               -100.0
  4.5                  8.4771213     -6.408706536e-09                  0.0                  0.0  -4.9711294234352765  -10.875289606265014               -100.0
  4.5                  8.6020600    -3.8452239216e-08                  0.0                  0.0   -4.996684476589387  -10.892289606265015               -100.0
  4.5                  8.6989700    -7.5302301798e-08                  0.0                  0.0  -5.0102627813980405  -10.896289606265015               -100.0
  4.5                  8.7781513   -1.18561070916e-07                  0.0                  0.0   -5.016849769226011  -10.893289606265014               -100.0
  4.5                  8.8450980   -1.65024193302e-07                  0.0                  0.0   -5.019465847542753  -10.887289606265014               -100.0
  4.5                  8.9030900   -2.14691668956e-07                  0.0                  0.0   -5.019132227501243  -10.877289606265014               -100.0
  4.5                  8.9542425   -2.67563497878e-07                  0.0                  0.0   -5.016766440867618  -10.866289606265013               -100.0
  4.5                  9.0000000   -3.23639680068e-07                  0.0                  0.0   -5.010428006677549  -10.851289606265015               -100.0
  4.5                  9.1760913   -6.12031474188e-07                  0.0                  0.0   -4.898714440452668  -10.689289606265014               -100.0
  4.5                  9.3010300   -7.48216488078e-07                  0.0                  0.0   -4.497610570894857  -10.227289606265014               -100.0
  4.5                  9.4771213      -8.01088317e-07                  0.0                  0.0    -3.65202993364127   -9.273289606265015               -100.0
  4.5                  9.6020600   -8.10701376804e-07                  0.0                  0.0  -3.0187805207107257   -8.547289606265014               -100.0
  4.5                  9.6989700   -8.13905730072e-07                  0.0                  0.0  -2.5205107400592737   -7.970289606265014               -100.0
  4.5                  9.8750613    -8.1711008334e-07                  0.0                  0.0  -1.6067004966198455   -6.895289606265014               -100.0
  4.5                 10.0000000    -8.1711008334e-07                  0.0                  0.0  -0.9416011458379407   -6.100289606265014               -100.0
  4.5                 10.4771213   -8.18712259974e-07                  0.0                  0.0   1.9714636632709719   -2.586289606265014               -100.0
  4.5                 11.0000000   -8.18712259974e-07                  0.0                  0.0    5.080149868159916   0.9737103937349859               -100.0
  5.0                  7.0000000     8.4915361602e-08                  0.0                  0.0   -4.478296399924358  -10.380289606265015               -100.0
  5.0                  8.0000000     8.3313184968e-08                  0.0                  0.0   -4.487198451443331  -10.389289606265015               -100.0
  5.0                  8.3010300     7.5302301798e-08                  0.0                  0.0   -4.504996428345861  -10.404289606265014               -100.0
  5.0                  8.4771213     6.0882712092e-08                  0.0                  0.0  -4.5227620337485455  -10.417289606265014               -100.0
  5.0                  8.6020600     4.1656592484e-08                  0.0                  0.0   -4.534440934213822  -10.421289606265015               -100.0
  5.0                  8.6989700     1.7623942974e-08                  0.0                  0.0   -4.540073237016857  -10.417289606265014               -100.0
  5.0                  8.7781513    -1.1215236438e-08                  0.0                  0.0    -4.54168139541066  -10.408289606265015               -100.0
  5.0                  8.8450980    -4.3258769118e-08                  0.0                  0.0   -4.542263847945552  -10.398289606265013               -100.0
  5.0                  8.9030900    -7.8506655066e-08                  0.0                  0.0   -4.539867965848588  -10.387289606265014               -100.0
  5.0                  8.9542425   -1.15356717648e-07                  0.0                  0.0    -4.53546623647458  -10.373289606265015               -100.0
  5.0                  9.0000000   -1.57013310132e-07                  0.0                  0.0   -4.530023907871766  -10.358289606265014               -100.0
  5.0                  9.1760913   -3.94135451964e-07                  0.0                  0.0   -4.471634476482859  -10.251289606265015               -100.0
  5.0                  9.3010300   -6.13633650822e-07                  0.0                  0.0  -4.2947750357416945  -10.021289606265015               -100.0
  5.0                  9.4771213   -7.62636077784e-07                  0.0                  0.0  -3.6133528012051404   -9.233289606265014               -100.0
  5.0                  9.6020600    -7.9307743383e-07                  0.0                  0.0  -3.0048164342364942   -8.533289606265015               -100.0
  5.0                  9.6989700   -8.04292670268e-07                  0.0                  0.0  -2.5145163374540944   -7.963289606265015               -100.0
  5.0                  9.8750613   -8.12303553438e-07                  0.0                  0.0  -1.6047110340848367   -6.894289606265014               -100.0
  5.0                 10.0000000   -8.15507906706e-07                  0.0                  0.0  -0.9406314928833981   -6.100289606265014               -100.0
  5.0                 10.4771213   -8.18712259974e-07                  0.0                  0.0   1.9714636632709719   -2.586289606265014               -100.0
  5.0                 11.0000000   -8.18712259974e-07                  0.0                  0.0    5.080149868159916   0.9737103937349859               -100.0
  5.5                  7.0000000    1.74637253106e-07                  0.0                  0.0    -4.08112135530549   -9.970289606265014               -100.0
  5.5                  8.0000000    1.73035076472e-07                  0.0                  0.0   -4.084108361481594   -9.973289606265014               -100.0
  5.5                  8.3010300     1.6822854657e-07                  0.0                  0.0   -4.085104010309285   -9.972289606265013               -100.0
  5.5                  8.4771213    1.61819840034e-07                  0.0                  0.0   -4.085095277981618   -9.968289606265014               -100.0
  5.5                  8.6020600     1.5220678023e-07                  0.0                  0.0   -4.081051010711748   -9.957289606265014               -100.0
  5.5                  8.6989700    1.37787190524e-07                  0.0                  0.0    -4.07497803823829   -9.941289606265014               -100.0
  5.5                  8.7781513    1.21765424184e-07                  0.0                  0.0  -4.0688829780043685   -9.925289606265014               -100.0
  5.5                  8.8450980    1.02539304576e-07                  0.0                  0.0   -4.061783460015829   -9.909289606265014               -100.0
  5.5                  8.9030900       8.01088317e-08                  0.0                  0.0   -4.055673940805639   -9.893289606265014               -100.0
  5.5                  8.9542425     5.4474005556e-08                  0.0                  0.0   -4.047564623818783   -9.876289606265015               -100.0
  5.5                  9.0000000     2.7237002778e-08                  0.0                  0.0  -4.0394384495924385   -9.859289606265014               -100.0
  5.5                  9.1760913   -1.40991543792e-07                  0.0                  0.0   -3.982664847721592   -9.754289606265015               -100.0
  5.5                  9.3010300   -3.46070152944e-07                  0.0                  0.0  -3.8959378900606216   -9.615289606265014               -100.0
  5.5                  9.4771213   -6.44075006868e-07                  0.0                  0.0  -3.4922241522120063   -9.111289606265014               -100.0
  5.5                  9.6020600   -7.38603428274e-07                  0.0                  0.0   -2.962917960340289   -8.491289606265015               -100.0
  5.5                  9.6989700   -7.72249137588e-07                  0.0                  0.0   -2.495534894218917   -7.944289606265015               -100.0
  5.5                  9.8750613   -7.99486140366e-07                  0.0                  0.0  -1.5997371675202037  -6.8882896062650145               -100.0
  5.5                 10.0000000    -8.0909920017e-07                  0.0                  0.0  -0.9386919840719214   -6.099289606265014               -100.0
  5.5                 10.4771213    -8.1711008334e-07                  0.0                  0.0   1.9714636632709719   -2.586289606265014               -100.0
  5.5                 11.0000000   -8.18712259974e-07                  0.0                  0.0    5.080149868159916   0.9737103937349859               -100.0
  6.0                  7.0000000     3.4446797631e-07                  0.0                  0.0   -3.619352171042813   -9.484289606265014               -100.0
  6.0                  8.0000000    3.42865799676e-07                  0.0                  0.0   -3.620350678758681   -9.486289606265014               -100.0
  6.0                  8.3010300    3.39661446408e-07                  0.0                  0.0   -3.620350678758681   -9.484289606265014               -100.0
  6.0                  8.4771213     3.3645709314e-07                  0.0                  0.0  -3.6163536598998958   -9.476289606265015               -100.0
  6.0                  8.6020600    3.30048386604e-07                  0.0                  0.0  -3.6073461812651413   -9.461289606265014               -100.0
  6.0                  8.6989700    3.22037503434e-07                  0.0                  0.0  -3.5953309635949866   -9.440289606265015               -100.0
  6.0                  8.7781513    3.14026620264e-07                  0.0                  0.0  -3.5833090624483517   -9.420289606265014               -100.0
  6.0                  8.8450980    3.02811383826e-07                  0.0                  0.0   -3.571284801388041   -9.400289606265014               -100.0
  6.0                  8.9030900     2.8839179412e-07                  0.0                  0.0    -3.56025798403336   -9.380289606265015               -100.0
  6.0                  8.9542425    2.73972204414e-07                  0.0                  0.0  -3.5492283889318186   -9.361289606265014               -100.0
  6.0                  9.0000000    2.57950438074e-07                  0.0                  0.0  -3.5371957665499463   -9.341289606265015               -100.0
  6.0                  9.1760913    1.47400250328e-07                  0.0                  0.0   -3.473968976183815   -9.233289606265014               -100.0
  6.0                  9.3010300      1.602176634e-09                  0.0                  0.0   -3.399705396285866   -9.109289606265014               -100.0
  6.0                  9.4771213   -3.39661446408e-07                  0.0                  0.0  -3.1886065627811426   -8.803289606265015               -100.0
  6.0                  9.6020600    -5.6877270507e-07                  0.0                  0.0  -2.8341845890447086   -8.360289606265015               -100.0
  6.0                  9.6989700   -6.71312009646e-07                  0.0                  0.0  -2.4335920749900213   -7.882289606265014               -100.0
  6.0                  9.8750613   -7.59431724516e-07                  0.0                  0.0  -1.5828238152400498  -6.8722896062650145               -100.0
  6.0                 10.0000000   -7.86668727294e-07                  0.0                  0.0  -0.9319015880510073   -6.092289606265014               -100.0
  6.0                 10.4771213   -8.15507906706e-07                  0.0                  0.0    1.971500903968959   -2.586289606265014               -100.0
  6.0                 11.0000000   -8.18712259974e-07                  0.0                  0.0    5.080149868159916   0.9737103937349859               -100.0
  6.5                  7.0000000    6.45677183502e-07                  0.0                  0.0   -3.067818158340014   -8.885289606265014               -100.0
  6.5                  8.0000000    6.42472830234e-07                  0.0                  0.0  -3.0708168981395176   -8.889289606265015               -100.0
  6.5                  8.3010300      6.408706536e-07                  0.0                  0.0  -3.0698173191735525   -8.886289606265015               -100.0
  6.5                  8.4771213    6.37666300332e-07                  0.0                  0.0  -3.0658181583400137   -8.879289606265015               -100.0
  6.5                  8.6020600    6.34461947064e-07                  0.0                  0.0    -3.05681605315869   -8.866289606265015               -100.0
  6.5                  8.6989700    6.29655417162e-07                  0.0                  0.0  -3.0468109007709465   -8.849289606265014               -100.0
  6.5                  8.7781513    6.23246710626e-07                  0.0                  0.0  -3.0348047070070843   -8.831289606265015               -100.0
  6.5                  8.8450980     6.1683800409e-07                  0.0                  0.0  -3.0237973796798614   -8.813289606265014               -100.0
  6.5                  8.9030900     6.0882712092e-07                  0.0                  0.0   -3.012789777500325   -8.795289606265014               -100.0
  6.5                  8.9542425    5.99214061116e-07                  0.0                  0.0   -3.001781387495116   -8.777289606265015               -100.0
  6.5                  9.0000000    5.89601001312e-07                  0.0                  0.0  -2.9907716136661335   -8.759289606265014               -100.0
  6.5                  9.1760913     5.2070740605e-07                  0.0                  0.0   -2.929705803701094   -8.661289606265015               -100.0
  6.5                  9.3010300     4.2457680801e-07                  0.0                  0.0  -2.8606262360456083   -8.550289606265014               -100.0
  6.5                  9.4771213    1.61819840034e-07                  0.0                  0.0   -2.705539156072757   -8.310289606265014               -100.0
  6.5                  9.6020600   -1.39389367158e-07                  0.0                  0.0  -2.5116022726720866   -8.033289606265015               -100.0
  6.5                  9.6989700   -3.74909332356e-07                  0.0                  0.0   -2.252724166895491  -7.6992896062650145               -100.0
  6.5                  9.8750613   -6.34461947064e-07                  0.0                  0.0  -1.5320599455327741   -6.820289606265014               -100.0
  6.5                 10.0000000   -7.17775132032e-07                  0.0                  0.0  -0.9114827009070241   -6.071289606265014               -100.0
  6.5                 10.4771213   -8.07497023536e-07                  0.0                  0.0   1.9724636632709718   -2.585289606265014               -100.0
  6.5                 11.0000000    -8.1711008334e-07                  0.0                  0.0    5.080149868159916   0.9737103937349859               -100.0
  7.0                  7.0000000   1.142351940042e-06                  0.0                  0.0  -2.4209590018922897   -8.162289606265015               -100.0
  7.0                  8.0000000   1.142351940042e-06                  0.0                  0.0   -2.412959750157413   -8.153289606265014               -100.0
  7.0                  8.3010300    1.13754541014e-06                  0.0                  0.0   -2.415959471171851   -8.156289606265014               -100.0
  7.0                  8.4771213   1.134341056872e-06                  0.0                  0.0  -2.4129595643812296   -8.151289606265014               -100.0
  7.0                  8.6020600   1.132738880238e-06                  0.0                  0.0  -2.4069588126625963   -8.142289606265015               -100.0
  7.0                  8.6989700    1.12953452697e-06                  0.0                  0.0   -2.398957463373602   -8.129289606265015               -100.0
  7.0                  8.7781513   1.126330173702e-06                  0.0                  0.0  -2.3909556634247964   -8.116289606265015               -100.0
  7.0                  8.8450980     1.1215236438e-06                  0.0                  0.0   -2.382953680789164   -8.103289606265013               -100.0
  7.0                  8.9030900   1.115114937264e-06                  0.0                  0.0   -2.374951609499298   -8.090289606265014               -100.0
  7.0                  8.9542425   1.110308407362e-06                  0.0                  0.0  -2.3669493290582975   -8.077289606265014               -100.0
  7.0                  9.0000000   1.102297524192e-06                  0.0                  0.0  -2.3579468188504795   -8.064289606265014               -100.0
  7.0                  9.1760913   1.059038755074e-06                  0.0                  0.0  -2.3119290832454165   -7.990289606265014               -100.0
  7.0                  9.3010300    9.96553866348e-07                  0.0                  0.0   -2.257906730923652   -7.905289606265014               -100.0
  7.0                  9.4771213     8.1711008334e-07                  0.0                  0.0  -2.1358756281415547   -7.713289606265014               -100.0
  7.0                  9.6020600     5.7678358824e-07                  0.0                  0.0  -2.0018753414759543   -7.507289606265014               -100.0
  7.0                  9.6989700    3.01209207192e-07                  0.0                  0.0  -1.8528863086392817   -7.290289606265015               -100.0
  7.0                  9.8750613   -2.51541731538e-07                  0.0                  0.0  -1.3766382316091328   -6.663289606265014               -100.0
  7.0                 10.0000000   -5.03083463076e-07                  0.0                  0.0  -0.8472012435811044   -6.006289606265014               -100.0
  7.0                 10.4771213    -7.8506655066e-07                  0.0                  0.0   1.9743894291051438   -2.583289606265014               -100.0
  7.0                 11.0000000   -8.15507906706e-07                  0.0                  0.0    5.080149868159916   0.9737103937349859               -100.0
  7.5                  7.0000000   1.921009784166e-06                  0.0                  0.0  -1.6669927759507308   -7.301289606265014               -100.0
  7.5                  8.0000000   1.921009784166e-06                  0.0                  0.0  -1.6659927925654452   -7.300289606265014               -100.0
  7.5                  8.3010300    1.91460107763e-06                  0.0                  0.0  -1.6699927258764329   -7.304289606265014               -100.0
  7.5                  8.4771213    1.91460107763e-06                  0.0                  0.0  -1.6679927258764329   -7.301289606265014               -100.0
  7.5                  8.6020600   1.912998900996e-06                  0.0                  0.0  -1.6639925564417808  -7.2952896062650145               -100.0
  7.5                  8.6989700   1.909794547728e-06                  0.0                  0.0  -1.6589922592963504  -7.2872896062650145               -100.0
  7.5                  8.7781513   1.908192371094e-06                  0.0                  0.0  -1.6529918944916309   -7.278289606265014               -100.0
  7.5                  8.8450980   1.904988017826e-06                  0.0                  0.0  -1.6479914733183623   -7.269289606265014               -100.0
  7.5                  8.9030900   1.901783664558e-06                  0.0                  0.0  -1.6419910508901978   -7.261289606265014               -100.0
  7.5                  8.9542425   1.896977134656e-06                  0.0                  0.0  -1.6369905641811777   -7.253289606265014               -100.0
  7.5                  9.0000000   1.892170604754e-06                  0.0                  0.0  -1.6319900050801959   -7.244289606265014               -100.0
  7.5                  9.1760913   1.863331425342e-06                  0.0                  0.0  -1.6019861714260337   -7.197289606265014               -100.0
  7.5                  9.3010300   1.821674832858e-06                  0.0                  0.0  -1.5669809990720651   -7.141289606265015               -100.0
  7.5                  9.4771213   1.701511585308e-06                  0.0                  0.0  -1.4829722814535722   -7.008289606265015               -100.0
  7.5                  9.6020600   1.534885215372e-06                  0.0                  0.0  -1.3879695372518597   -6.857289606265014               -100.0
  7.5                  9.6989700   1.323397899684e-06                  0.0                  0.0   -1.285968683829196  -6.6992896062650145               -100.0
  7.5                  9.8750613    6.85731599352e-07                  0.0                  0.0   -1.005418575180854   -6.283289606265014               -100.0
  7.5                 10.0000000     1.3618501389e-07                  0.0                  0.0  -0.6570290148669176   -5.813289606265014               -100.0
  7.5                 10.4771213    -7.1296860213e-07                  0.0                  0.0   1.9811686918493472  -2.5762896062650142               -100.0
  7.5                 11.0000000    -8.0909920017e-07                  0.0                  0.0    5.081149523532043   0.9737103937349859               -100.0
  8.0                  7.0000000   3.105018316692e-06                  0.0                  0.0  -0.8509988964709773   -6.358289606265014               -100.0
  8.0                  8.0000000   3.105018316692e-06                  0.0                  0.0  -0.8509988964709773   -6.358289606265014               -100.0
  8.0                  8.3010300   3.105018316692e-06                  0.0                  0.0  -0.8509988964709773   -6.357289606265014               -100.0
  8.0                  8.4771213   3.097007433522e-06                  0.0                  0.0  -0.8539988836927299   -6.360289606265014               -100.0
  8.0                  8.6020600   3.097007433522e-06                  0.0                  0.0  -0.8509988550573359  -6.3562896062650145               -100.0
  8.0                  8.6989700   3.095405256888e-06                  0.0                  0.0  -0.8479988038553194   -6.351289606265015               -100.0
  8.0                  8.7781513   3.093803080254e-06                  0.0                  0.0  -0.8439987417014906   -6.345289606265014               -100.0
  8.0                  8.8450980   3.090598726986e-06                  0.0                  0.0  -0.8409986702082128  -6.3402896062650145               -100.0
  8.0                  8.9030900   3.088996550352e-06                  0.0                  0.0   -0.837998594652878   -6.335289606265015               -100.0
  8.0                  8.9542425   3.085792197084e-06                  0.0                  0.0  -0.8349985113809685   -6.330289606265014               -100.0
  8.0                  9.0000000   3.082587843816e-06                  0.0                  0.0   -0.830998419539955   -6.325289606265014               -100.0
  8.0                  9.1760913   3.063361724208e-06                  0.0                  0.0  -0.8139977468859033   -6.298289606265014               -100.0
  8.0                  9.3010300   3.034522544796e-06                  0.0                  0.0  -0.7939967953344705   -6.265289606265014               -100.0
  8.0                  9.4771213   2.952811536462e-06                  0.0                  0.0  -0.7449949326397819   -6.185289606265014               -100.0
  8.0                  9.6020600   2.839056995448e-06                  0.0                  0.0  -0.6859939356916008  -6.0902896062650145               -100.0
  8.0                  9.6989700   2.693258921754e-06                  0.0                  0.0  -0.6199932270023519   -5.982289606265014               -100.0
  8.0                  9.8750613   2.199788518482e-06                  0.0                  0.0 -0.43784198245866435   -5.693289606265014               -100.0
  8.0                 10.0000000    1.57814398449e-06                  0.0                  0.0   -0.235354784661594   -5.382289606265014               -100.0
  8.0                 10.4771213   -4.82255166834e-07                  0.0                  0.0    2.003453772436152   -2.552289606265014               -100.0
  8.0                 11.0000000   -7.88270903928e-07                  0.0                  0.0    5.081149523532043   0.9747103937349854               -100.0
  8.5                  7.0000000   4.873821320628e-06                  0.0                  0.0 0.004000154093469783   -5.357289606265014               -100.0
  8.5                  8.0000000   4.873821320628e-06                  0.0                  0.0 0.002000154804732781   -5.358289606265014               -100.0
  8.5                  8.3010300   4.873821320628e-06                  0.0                  0.0 0.0030001544486918186   -5.358289606265014               -100.0
  8.5                  8.4771213   4.873821320628e-06                  0.0                  0.0  0.00400015480473279  -5.3562896062650145               -100.0
  8.5                  8.6020600    4.86260608419e-06                  0.0                  0.0 0.0010001609845621275   -5.359289606265014               -100.0
  8.5                  8.6989700    4.86260608419e-06                  0.0                  0.0 0.003000168571529423  -5.3562896062650145               -100.0
  8.5                  8.7781513   4.861003907556e-06                  0.0                  0.0 0.006000177739609865   -5.352289606265014               -100.0
  8.5                  8.8450980   4.859401730922e-06                  0.0                  0.0 0.008000188271341479   -5.349289606265014               -100.0
  8.5                  8.9030900   4.857799554288e-06                  0.0                  0.0 0.010000199427117235   -5.346289606265014               -100.0
  8.5                  8.9542425   4.856197377654e-06                  0.0                  0.0 0.011000212218971437   -5.343289606265014               -100.0
  8.5                  9.0000000   4.852993024386e-06                  0.0                  0.0 0.013000226351928008   -5.341289606265014               -100.0
  8.5                  9.1760913   4.840175611314e-06                  0.0                  0.0  0.02200032868822563   -5.325289606265014               -100.0
  8.5                  9.3010300   4.820949491706e-06                  0.0                  0.0 0.033000477291909344  -5.3082896062650144               -100.0
  8.5                  9.4771213   4.764873309516e-06                  0.0                  0.0  0.05800079759773595   -5.265289606265014               -100.0
  8.5                  9.6020600   4.687968831084e-06                  0.0                  0.0    0.090001015742919   -5.212289606265014               -100.0
  8.5                  9.6989700   4.588633879776e-06                  0.0                  0.0  0.12700121558044092   -5.150289606265014               -100.0
  8.5                  9.8750613   4.244165903466e-06                  0.0                  0.0  0.23703340162611414  -4.9652896062650145               -100.0
  8.5                 10.0000000   3.771523796436e-06                  0.0                  0.0   0.3656644343120971   -4.752289606265014               -100.0
  8.5                 10.4771213    2.37122141832e-07                  0.0                  0.0    2.073368507116602   -2.481289606265014               -100.0
  8.5                 11.0000000   -7.24183838568e-07                  0.0                  0.0    5.083149179696519    0.976710393734986               -100.0
  9.0                  7.0000000    7.49017576395e-06                  0.0                  0.0   0.8650000212219018   -4.334289606265014               -100.0
  9.0                  8.0000000    7.49017576395e-06                  0.0                  0.0    0.867000021124396  -4.3322896062650145               -100.0
  9.0                  8.3010300    7.49017576395e-06                  0.0                  0.0    0.867000021124396  -4.3322896062650145               -100.0
  9.0                  8.4771213    7.49017576395e-06                  0.0                  0.0   0.8660000212708233   -4.331289606265014               -100.0
  9.0                  8.6020600    7.49017576395e-06                  0.0                  0.0   0.8690000218164609   -4.329289606265014               -100.0
  9.0                  8.6989700    7.49017576395e-06                  0.0                  0.0   0.8700000228973013   -4.327289606265015               -100.0
  9.0                  8.7781513    7.47415399761e-06                  0.0                  0.0   0.8680000244221727   -4.330289606265014               -100.0
  9.0                  8.8450980   7.472551820976e-06                  0.0                  0.0   0.8690000259289122   -4.328289606265014               -100.0
  9.0                  8.9030900   7.472551820976e-06                  0.0                  0.0   0.8700000275286108   -4.326289606265014               -100.0
  9.0                  8.9542425   7.470949644342e-06                  0.0                  0.0    0.871000029294379   -4.325289606265014               -100.0
  9.0                  9.0000000   7.469347467708e-06                  0.0                  0.0   0.8720000313172989   -4.323289606265014               -100.0
  9.0                  9.1760913   7.459734407904e-06                  0.0                  0.0   0.8770000458969989   -4.315289606265014               -100.0
  9.0                  9.3010300   7.446916994832e-06                  0.0                  0.0    0.883000067419306   -4.306289606265014               -100.0
  9.0                  9.4771213   7.408464755616e-06                  0.0                  0.0   0.8950001160871778   -4.285289606265014               -100.0
  9.0                  9.6020600   7.355592926694e-06                  0.0                  0.0   0.9100001537390647   -4.258289606265015               -100.0
  9.0                  9.6989700   7.288301508066e-06                  0.0                  0.0   0.9280001922136453   -4.226289606265015               -100.0
  9.0                  9.8750613   7.052781542868e-06                  0.0                  0.0   0.9870059399301959   -4.123289606265014               -100.0
  9.0                 10.0000000   6.724335332898e-06                  0.0                  0.0    1.062133572644178   -3.993289606265014               -100.0
  9.0                 10.4771213   2.345586592176e-06                  0.0                  0.0    2.274737919241035   -2.272289606265014               -100.0
  9.0                 11.0000000   -5.17503052782e-07                  0.0                  0.0   5.0901474723405515   0.9827103937349854               -100.0
  9.5                  7.0000000  1.1345012745354e-05                  0.0                  0.0   1.7270000029159787   -3.301289606265014               -100.0
  9.5                  8.0000000  1.1345012745354e-05                  0.0                  0.0   1.7270000029159787   -3.301289606265014               -100.0
  9.5                  8.3010300  1.1345012745354e-05                  0.0                  0.0   1.7270000029159787   -3.301289606265014               -100.0
  9.5                  8.4771213  1.1345012745354e-05                  0.0                  0.0   1.7270000029294381   -3.301289606265014               -100.0
  9.5                  8.6020600  1.1345012745354e-05                  0.0                  0.0   1.7280000030184521   -3.300289606265014               -100.0
  9.5                  8.6989700  1.1345012745354e-05                  0.0                  0.0   1.7290000031679937   -3.298289606265014               -100.0
  9.5                  8.7781513  1.1345012745354e-05                  0.0                  0.0   1.7300000033557092   -3.297289606265014               -100.0
  9.5                  8.8450980  1.1345012745354e-05                  0.0                  0.0   1.7310000035627415   -3.295289606265014               -100.0
  9.5                  8.9030900  1.1320980095844e-05                  0.0                  0.0   1.7280000038175463   -3.300289606265014               -100.0
  9.5                  8.9542425   1.131937791921e-05                  0.0                  0.0     1.72800000407178   -3.298289606265014               -100.0
  9.5                  9.0000000   1.131937791921e-05                  0.0                  0.0   1.7280000043629908   -3.298289606265014               -100.0
  9.5                  9.1760913  1.1312969212674e-05                  0.0                  0.0   1.7310000064236861   -3.294289606265014               -100.0
  9.5                  9.3010300   1.130335615287e-05                  0.0                  0.0   1.7350000094794755   -3.288289606265014               -100.0
  9.5                  9.4771213  1.1277721326726e-05                  0.0                  0.0   1.7410000165494781   -3.278289606265014               -100.0
  9.5                  9.6020600  1.1242473440778e-05                  0.0                  0.0   1.7480000223246315   -3.266289606265014               -100.0
  9.5                  9.6989700  1.1196010318392e-05                  0.0                  0.0    1.756000028561716   -3.250289606265014               -100.0
  9.5                  9.8750613  1.1034190478358e-05                  0.0                  0.0   1.7850009457663074   -3.199289606265014               -100.0
  9.5                 10.0000000  1.0809885749598e-05                  0.0                  0.0   1.8240231085532703   -3.129289606265014               -100.0
  9.5                 10.4771213   6.967866181266e-06                  0.0                  0.0   2.7014125335301267  -1.8312896062650141               -100.0
  9.5                 11.0000000    1.32980660622e-07                  0.0                  0.0    5.109143453973554    1.002710393734986               -100.0
 10.0                  7.0000000  1.7013513676446e-05                  0.0                  0.0   2.5770000004118927   -2.278289606265014               -100.0
 10.0                  8.0000000  1.7013513676446e-05                  0.0                  0.0   2.5770000004118927  -2.2772896062650143               -100.0
 10.0                  8.3010300  1.7013513676446e-05                  0.0                  0.0   2.5780000004109453  -2.2772896062650143               -100.0
 10.0                  8.4771213  1.7013513676446e-05                  0.0                  0.0    2.578000000412842  -2.2772896062650143               -100.0
 10.0                  8.6020600  1.7013513676446e-05                  0.0                  0.0   2.5790000004253875   -2.276289606265014               -100.0
 10.0                  8.6989700  1.7013513676446e-05                  0.0                  0.0    2.580000000446462   -2.274289606265014               -100.0
 10.0                  8.7781513  1.7013513676446e-05                  0.0                  0.0   2.5800000004740067  -2.2732896062650143               -100.0
 10.0                  8.8450980  1.7013513676446e-05                  0.0                  0.0   2.5810000005032507  -2.2732896062650143               -100.0
 10.0                  8.9030900  1.7013513676446e-05                  0.0                  0.0   2.5820000005342987   -2.272289606265014               -100.0
 10.0                  8.9542425  1.7013513676446e-05                  0.0                  0.0    2.582000000569881   -2.271289606265014               -100.0
 10.0                  9.0000000  1.7013513676446e-05                  0.0                  0.0   2.5830000006092346   -2.270289606265014               -100.0
 10.0                  9.1760913  1.6971857083962e-05                  0.0                  0.0   2.5800000009094615  -2.2732896062650143               -100.0
 10.0                  9.3010300  1.6965448377426e-05                  0.0                  0.0    2.582000001348293   -2.271289606265014               -100.0
 10.0                  9.4771213  1.6949426611086e-05                  0.0                  0.0    2.585000002370196   -2.266289606265014               -100.0
 10.0                  9.6020600  1.6923791784942e-05                  0.0                  0.0   2.5880000032268913   -2.260289606265014               -100.0
 10.0                  9.6989700  1.6891748252262e-05                  0.0                  0.0    2.592000004166624  -2.2532896062650143               -100.0
 10.0                  9.8750613   1.678280024115e-05                  0.0                  0.0   2.6050001431476555  -2.2292896062650143               -100.0
 10.0                 10.0000000  1.6628991284286e-05                  0.0                  0.0   2.6240036625408734   -2.194289606265014               -100.0
 10.0                 10.4771213  1.3855623530832e-05                  0.0                  0.0   3.2759253830441253  -1.2272896062650145               -100.0
 10.0                 11.0000000   2.161336279266e-06                  0.0                  0.0    5.170130232444795   1.0647103937349862               -100.0
 10.5                  7.0000000  2.5341627819978e-05                  0.0                  0.0   3.4210000000589904   -1.260289606265014               -100.0
 10.5                  8.0000000  2.5341627819978e-05                  0.0                  0.0    3.420000000059127  -1.2612896062650143               -100.0
 10.5                  8.3010300  2.5341627819978e-05                  0.0                  0.0    3.420000000059127  -1.2612896062650143               -100.0
 10.5                  8.4771213  2.5341627819978e-05                  0.0                  0.0   3.4200000000593995  -1.2612896062650143               -100.0
 10.5                  8.6020600  2.5341627819978e-05                  0.0                  0.0   3.4210000000612046   -1.260289606265014               -100.0
 10.5                  8.6989700  2.5341627819978e-05                  0.0                  0.0    3.422000000064237  -1.2592896062650145               -100.0
 10.5                  8.7781513  2.5341627819978e-05                  0.0                  0.0   3.4230000000680434  -1.2582896062650142               -100.0
 10.5                  8.8450980  2.5341627819978e-05                  0.0                  0.0   3.4240000000722413  -1.2572896062650138               -100.0
 10.5                  8.9030900  2.5341627819978e-05                  0.0                  0.0    3.424000000076875  -1.2572896062650138               -100.0
 10.5                  8.9542425  2.5341627819978e-05                  0.0                  0.0   3.4250000000818055  -1.2562896062650144               -100.0
 10.5                  9.0000000  2.5341627819978e-05                  0.0                  0.0   3.4250000000876564  -1.2562896062650144               -100.0
 10.5                  9.1760913  2.5341627819978e-05                  0.0                  0.0   3.4260000001296538  -1.2542896062650137               -100.0
 10.5                  9.3010300  2.5277540754618e-05                  0.0                  0.0   3.4230000001944396  -1.2582896062650142               -100.0
 10.5                  9.4771213   2.526632551818e-05                  0.0                  0.0   3.4240000003433875  -1.2562896062650144               -100.0
 10.5                  9.6020600  2.5248701575206e-05                  0.0                  0.0   3.4250000004696606  -1.2542896062650137               -100.0
 10.5                  9.6989700  2.5227873278964e-05                  0.0                  0.0   3.4270000006092345  -1.2502896062650142               -100.0
 10.5                  9.8750613  2.5152570977166e-05                  0.0                  0.0    3.433000021270823   -1.239289606265014               -100.0
 10.5                 10.0000000  2.5048429495956e-05                  0.0                  0.0   3.4420005569087393   -1.223289606265014               -100.0
 10.5                 10.4771213  2.3137032771594e-05                  0.0                  0.0   3.9252082956303305  -0.5242896062650143               -100.0
 10.5                 11.0000000   8.244800958564e-06                  0.0                  0.0    5.351095661344336   1.2507103937349862               -100.0
 11.0                  7.0000000  3.7569439890666e-05                  0.0                  0.0    4.255000000008645  -0.2542896062650138               -100.0
 11.0                  8.0000000  3.7569439890666e-05                  0.0                  0.0    4.255000000008645  -0.2542896062650138               -100.0
 11.0                  8.3010300  3.7569439890666e-05                  0.0                  0.0    4.256000000008626  -0.2542896062650138               -100.0
 11.0                  8.4771213  3.7569439890666e-05                  0.0                  0.0    4.256000000008665  -0.2532896062650144               -100.0
 11.0                  8.6020600  3.7569439890666e-05                  0.0                  0.0    4.258000000008908  -0.2512896062650146               -100.0
 11.0                  8.6989700  3.7569439890666e-05                  0.0                  0.0    4.258000000009371  -0.2512896062650146               -100.0
 11.0                  8.7781513  3.7569439890666e-05                  0.0                  0.0    4.259000000009927 -0.25028960626501423               -100.0
 11.0                  8.8450980  3.7569439890666e-05                  0.0                  0.0    4.260000000010538 -0.24928960626501392               -100.0
 11.0                  8.9030900  3.7569439890666e-05                  0.0                  0.0    4.260000000011215 -0.24928960626501392               -100.0
 11.0                  8.9542425  3.7569439890666e-05                  0.0                  0.0    4.261000000011934 -0.24828960626501448               -100.0
 11.0                  9.0000000  3.7569439890666e-05                  0.0                  0.0    4.261000000012787 -0.24828960626501448               -100.0
 11.0                  9.1760913  3.7569439890666e-05                  0.0                  0.0    4.262000000018913 -0.24628960626501384               -100.0
 11.0                  9.3010300  3.7569439890666e-05                  0.0                  0.0    4.263000000028105 -0.24528960626501436               -100.0
 11.0                  9.4771213  3.7470104939358e-05                  0.0                  0.0     4.25900000005021 -0.25028960626501423               -100.0
 11.0                  9.6020600   3.745888970292e-05                  0.0                  0.0   4.2590000000688315 -0.24928960626501392               -100.0
 11.0                  9.6989700  3.7444470113214e-05                  0.0                  0.0    4.260000000089492 -0.24828960626501448               -100.0
 11.0                  9.8750613  3.7393200460926e-05                  0.0                  0.0    4.262000003153438 -0.24328960626501459               -100.0
 11.0                 10.0000000  3.7321102512396e-05                  0.0                  0.0    4.267000083326717  -0.2352896062650145               -100.0
 11.0                 10.4771213  3.6015328555686e-05                  0.0                  0.0    4.630041092613638   0.2647103937349855               -100.0
 11.0                 11.0000000  2.2412848933026e-05                  0.0                  0.0    5.758043427276863    1.670710393734986               -100.0
 11.5                  7.0000000  5.5520226898002e-05                  0.0                  0.0    5.089000000001268   0.7497103937349858               -100.0
 11.5                  8.0000000  5.5520226898002e-05                  0.0                  0.0    5.089000000001268    0.750710393734986               -100.0
 11.5                  8.3010300  5.5520226898002e-05                  0.0                  0.0    5.089000000001268   0.7497103937349858               -100.0
 11.5                  8.4771213  5.5520226898002e-05                  0.0                  0.0    5.089000000001273   0.7497103937349858               -100.0
 11.5                  8.6020600  5.5520226898002e-05                  0.0                  0.0    5.090000000001312    0.750710393734986               -100.0
 11.5                  8.6989700  5.5520226898002e-05                  0.0                  0.0    5.089000000001383   0.7517103937349856               -100.0
 11.5                  8.7781513  5.5520226898002e-05                  0.0                  0.0   5.0900000000014645    0.750710393734986               -100.0
 11.5                  8.8450980  5.5520226898002e-05                  0.0                  0.0    5.090000000001559   0.7517103937349856               -100.0
 11.5                  8.9030900  5.5520226898002e-05                  0.0                  0.0    5.091000000001655   0.7517103937349856               -100.0
 11.5                  8.9542425  5.5520226898002e-05                  0.0                  0.0    5.091000000001765   0.7527103937349858               -100.0
 11.5                  9.0000000  5.5520226898002e-05                  0.0                  0.0    5.092000000001887   0.7527103937349858               -100.0
 11.5                  9.1760913  5.5520226898002e-05                  0.0                  0.0    5.094000000002785   0.7547103937349856               -100.0
 11.5                  9.3010300  5.5520226898002e-05                  0.0                  0.0    5.095000000004138   0.7557103937349859               -100.0
 11.5                  9.4771213  5.5520226898002e-05                  0.0                  0.0    5.095000000007325   0.7567103937349855               -100.0
 11.5                  9.6020600   5.537122447104e-05                  0.0                  0.0    5.090000000010157    0.750710393734986               -100.0
 11.5                  9.6989700  5.5361611411236e-05                  0.0                  0.0    5.090000000013236   0.7517103937349856               -100.0
 11.5                  9.8750613  5.5326363525288e-05                  0.0                  0.0    5.091000000467503   0.7537103937349863               -100.0
 11.5                 10.0000000  5.5278298226268e-05                  0.0                  0.0    5.093000012438966   0.7567103937349855               -100.0
 11.5                 10.4771213  5.4387488017764e-05                  0.0                  0.0    5.378007341429635   1.1247103937349858               -100.0
 11.5                 11.0000000   4.442034717765e-05                  0.0                  0.0    6.334012381638513   2.2827103937349853               -100.0
