!23ne -> 23f, e- capture
!Q=-5.1551 MeV
!
!Log(rhoY)      Log(temp)       mu              dQ              Vs              Log(e-cap-rate) Log(nu-energy-loss) Log(gamma-energy)
!Log(g/cm^3)    Log(K)          erg             erg             erg             Log(1/s)        Log(erg/s)          Log(erg/s)       
       1.000000        7.000000   -4.806530e-09            0.00            0.00      -99.697970       -5.820290             -100.00  
       1.000000        8.000000   -9.292624e-08            0.00            0.00      -99.697970       -5.820290             -100.00  
       1.000000        8.301030   -2.146917e-07            0.00            0.00      -99.697970       -5.820290             -100.00  
       1.000000        8.602060   -4.902661e-07            0.00            0.00      -99.697970       -5.819290             -100.00  
       1.000000        8.845098   -8.058948e-07            0.00            0.00      -69.415000       -5.817290             -100.00  
       1.000000        9.000000   -8.187123e-07            0.00            0.00      -49.514000       -5.808290             -100.00  
       1.000000        9.176091   -8.187123e-07            0.00            0.00      -33.810000       -5.784290             -100.00  
       1.000000        9.301030   -8.187123e-07            0.00            0.00      -25.830991       -5.759290             -100.00  
       1.000000        9.477121   -8.187123e-07            0.00            0.00      -17.673658       -5.715290             -100.00  
       1.000000        9.698970   -8.187123e-07            0.00            0.00      -10.859872       -5.615290             -100.00  
       1.000000       10.000000   -8.187123e-07            0.00            0.00       -5.258578       -5.270290             -100.00  
       1.000000       10.477121   -8.187123e-07            0.00            0.00       -0.012840       -2.656290             -100.00  
       1.000000       11.000000   -8.187123e-07            0.00            0.00        4.109357        0.807710             -100.00  
       2.000000        7.000000   -1.602177e-09            0.00            0.00      -99.697970       -5.820290             -100.00  
       2.000000        8.000000   -6.088271e-08            0.00            0.00      -99.697970       -5.820290             -100.00  
       2.000000        8.301030   -1.522068e-07            0.00            0.00      -99.697970       -5.820290             -100.00  
       2.000000        8.602060   -3.636941e-07            0.00            0.00      -99.697970       -5.819290             -100.00  
       2.000000        8.845098   -7.145708e-07            0.00            0.00      -69.002000       -5.817290             -100.00  
       2.000000        9.000000   -8.107014e-07            0.00            0.00      -49.492000       -5.808290             -100.00  
       2.000000        9.176091   -8.187123e-07            0.00            0.00      -33.809000       -5.784290             -100.00  
       2.000000        9.301030   -8.187123e-07            0.00            0.00      -25.830991       -5.759290             -100.00  
       2.000000        9.477121   -8.187123e-07            0.00            0.00      -17.673658       -5.715290             -100.00  
       2.000000        9.698970   -8.187123e-07            0.00            0.00      -10.859872       -5.615290             -100.00  
       2.000000       10.000000   -8.187123e-07            0.00            0.00       -5.258578       -5.270290             -100.00  
       2.000000       10.477121   -8.187123e-07            0.00            0.00       -0.012840       -2.656290             -100.00  
       2.000000       11.000000   -8.187123e-07            0.00            0.00        4.109357        0.807710             -100.00  
       3.000000        7.000000    4.806530e-09            0.00            0.00      -99.697970       -5.820290             -100.00  
       3.000000        8.000000   -2.883918e-08            0.00            0.00      -99.697970       -5.820290             -100.00  
       3.000000        8.301030   -8.811971e-08            0.00            0.00      -99.697970       -5.820290             -100.00  
       3.000000        8.602060   -2.355200e-07            0.00            0.00      -99.697970       -5.819290             -100.00  
       3.000000        8.845098   -5.030835e-07            0.00            0.00      -68.053000       -5.817290             -100.00  
       3.000000        9.000000   -7.450121e-07            0.00            0.00      -49.286000       -5.808290             -100.00  
       3.000000        9.176091   -8.107014e-07            0.00            0.00      -33.794000       -5.784290             -100.00  
       3.000000        9.301030   -8.171101e-07            0.00            0.00      -25.827991       -5.759290             -100.00  
       3.000000        9.477121   -8.187123e-07            0.00            0.00      -17.672659       -5.715290             -100.00  
       3.000000        9.698970   -8.187123e-07            0.00            0.00      -10.859872       -5.615290             -100.00  
       3.000000       10.000000   -8.187123e-07            0.00            0.00       -5.258578       -5.270290             -100.00  
       3.000000       10.477121   -8.187123e-07            0.00            0.00       -0.012840       -2.656290             -100.00  
       3.000000       11.000000   -8.187123e-07            0.00            0.00        4.109357        0.807710             -100.00  
       4.000000        7.000000    1.922612e-08            0.00            0.00      -99.697970       -5.820290             -100.00  
       4.000000        8.000000    8.010883e-09            0.00            0.00      -99.697970       -5.820290             -100.00  
       4.000000        8.301030   -2.082830e-08            0.00            0.00      -99.697970       -5.820290             -100.00  
       4.000000        8.602060   -1.073458e-07            0.00            0.00      -99.697970       -5.820290             -100.00  
       4.000000        8.845098   -2.787787e-07            0.00            0.00      -67.047000       -5.817290             -100.00  
       4.000000        9.000000   -4.838573e-07            0.00            0.00      -48.464000       -5.808290             -100.00  
       4.000000        9.176091   -7.434100e-07            0.00            0.00      -33.652000       -5.784290             -100.00  
       4.000000        9.301030   -7.962818e-07            0.00            0.00      -25.795992       -5.759290             -100.00  
       4.000000        9.477121   -8.123036e-07            0.00            0.00      -17.667663       -5.715290             -100.00  
       4.000000        9.698970   -8.171101e-07            0.00            0.00      -10.859872       -5.615290             -100.00  
       4.000000       10.000000   -8.187123e-07            0.00            0.00       -5.258578       -5.270290             -100.00  
       4.000000       10.477121   -8.187123e-07            0.00            0.00       -0.012840       -2.656290             -100.00  
       4.000000       11.000000   -8.187123e-07            0.00            0.00        4.109357        0.807710             -100.00  
       5.000000        7.000000    8.491536e-08            0.00            0.00      -99.697970       -5.820290             -100.00  
       5.000000        8.000000    8.331318e-08            0.00            0.00      -99.697970       -5.820290             -100.00  
       5.000000        8.301030    7.530230e-08            0.00            0.00      -99.697970       -5.820290             -100.00  
       5.000000        8.602060    4.165659e-08            0.00            0.00      -99.697970       -5.820290             -100.00  
       5.000000        8.845098   -4.165659e-08            0.00            0.00      -65.981000       -5.817290             -100.00  
       5.000000        9.000000   -1.570133e-07            0.00            0.00      -47.432000       -5.808290             -100.00  
       5.000000        9.176091   -3.941355e-07            0.00            0.00      -32.919000       -5.784290             -100.00  
       5.000000        9.301030   -6.136337e-07            0.00            0.00      -25.507996       -5.759290             -100.00  
       5.000000        9.477121   -7.626361e-07            0.00            0.00      -17.613702       -5.715290             -100.00  
       5.000000        9.698970   -8.042927e-07            0.00            0.00      -10.850929       -5.615290             -100.00  
       5.000000       10.000000   -8.155079e-07            0.00            0.00       -5.257589       -5.270290             -100.00  
       5.000000       10.477121   -8.187123e-07            0.00            0.00       -0.012840       -2.656290             -100.00  
       5.000000       11.000000   -8.187123e-07            0.00            0.00        4.109357        0.807710             -100.00  
       6.000000        7.000000    3.444680e-07            0.00            0.00      -99.697970       -5.825290             -100.00  
       6.000000        8.000000    3.428658e-07            0.00            0.00      -99.697970       -5.825290             -100.00  
       6.000000        8.301030    3.412636e-07            0.00            0.00      -99.697970       -5.825290             -100.00  
       6.000000        8.602060    3.300484e-07            0.00            0.00      -99.697970       -5.825290             -100.00  
       6.000000        8.845098    3.028114e-07            0.00            0.00      -64.431000       -5.822290             -100.00  
       6.000000        9.000000    2.579504e-07            0.00            0.00      -46.129000       -5.813290             -100.00  
       6.000000        9.176091    1.490024e-07            0.00            0.00      -31.781000       -5.788290             -100.00  
       6.000000        9.301030    1.602177e-09            0.00            0.00      -24.541000       -5.763290             -100.00  
       6.000000        9.477121   -3.396614e-07            0.00            0.00      -17.171892       -5.719290             -100.00  
       6.000000        9.698970   -6.729142e-07            0.00            0.00      -10.768444       -5.619290             -100.00  
       6.000000       10.000000   -7.866687e-07            0.00            0.00       -5.248659       -5.273290             -100.00  
       6.000000       10.477121   -8.155079e-07            0.00            0.00       -0.012840       -2.656290             -100.00  
       6.000000       11.000000   -8.187123e-07            0.00            0.00        4.109357        0.807710             -100.00  
       7.000000        7.000000    1.139148e-06            0.00            0.00      -99.697970       -5.859290             -100.00  
       7.000000        8.000000    1.139148e-06            0.00            0.00      -99.697970       -5.860290             -100.00  
       7.000000        8.301030    1.139148e-06            0.00            0.00      -99.697970       -5.861290             -100.00  
       7.000000        8.602060    1.134341e-06            0.00            0.00      -99.697970       -5.861290             -100.00  
       7.000000        8.845098    1.123126e-06            0.00            0.00      -60.748000       -5.858290             -100.00  
       7.000000        9.000000    1.103900e-06            0.00            0.00      -43.466000       -5.848290             -100.00  
       7.000000        9.176091    1.060641e-06            0.00            0.00      -29.870000       -5.822290             -100.00  
       7.000000        9.301030    9.965539e-07            0.00            0.00      -22.975000       -5.794290             -100.00  
       7.000000        9.477121    8.171101e-07            0.00            0.00      -15.957993       -5.746290             -100.00  
       7.000000        9.698970    2.996070e-07            0.00            0.00      -10.159352       -5.644290             -100.00  
       7.000000       10.000000   -5.046856e-07            0.00            0.00       -5.161361       -5.299290             -100.00  
       7.000000       10.477121   -7.850666e-07            0.00            0.00       -0.009966       -2.658290             -100.00  
       7.000000       11.000000   -8.155079e-07            0.00            0.00        4.109357        0.807710             -100.00  
       8.000000        7.000000    3.101814e-06            0.00            0.00      -99.697970       -6.137290             -100.00  
       8.000000        8.000000    3.101814e-06            0.00            0.00      -99.697970       -6.133290             -100.00  
       8.000000        8.301030    3.100212e-06            0.00            0.00      -99.697970       -6.130290             -100.00  
       8.000000        8.602060    3.098610e-06            0.00            0.00      -88.098000       -6.128290             -100.00  
       8.000000        8.845098    3.093803e-06            0.00            0.00      -51.897000       -6.123290             -100.00  
       8.000000        9.000000    3.084190e-06            0.00            0.00      -37.241000       -6.107290             -100.00  
       8.000000        9.176091    3.064964e-06            0.00            0.00      -25.671000       -6.069290             -100.00  
       8.000000        9.301030    3.036125e-06            0.00            0.00      -19.773000       -6.028290             -100.00  
       8.000000        9.477121    2.954414e-06            0.00            0.00      -13.718000       -5.958290             -100.00  
       8.000000        9.698970    2.693259e-06            0.00            0.00       -8.655979       -5.812290             -100.00  
       8.000000       10.000000    1.573337e-06            0.00            0.00       -4.520081       -5.464290             -100.00  
       8.000000       10.477121   -4.838573e-07            0.00            0.00        0.019277       -2.672290             -100.00  
       8.000000       11.000000   -7.882709e-07            0.00            0.00        4.110357        0.806710             -100.00  
       9.000000        7.000000    7.483767e-06            0.00            0.00      -99.697970       -7.656290             -100.00  
       9.000000        8.000000    7.483767e-06            0.00            0.00      -99.697970       -7.669290             -100.00  
       9.000000        8.301030    7.483767e-06            0.00            0.00      -99.697970       -7.664290             -100.00  
       9.000000        8.602060    7.483767e-06            0.00            0.00      -53.795000       -7.657290             -100.00  
       9.000000        8.845098    7.474154e-06            0.00            0.00      -32.342000       -7.624290             -100.00  
       9.000000        9.000000    7.474154e-06            0.00            0.00      -23.561000       -7.545290             -100.00  
       9.000000        9.176091    7.466143e-06            0.00            0.00      -16.532000       -7.378290             -100.00  
       9.000000        9.301030    7.450121e-06            0.00            0.00      -12.900000       -7.236290             -100.00  
       9.000000        9.477121    7.410067e-06            0.00            0.00       -9.091000       -7.017290             -100.00  
       9.000000        9.698970    7.291506e-06            0.00            0.00       -5.797000       -6.608290             -100.00  
       9.000000       10.000000    6.724335e-06            0.00            0.00       -2.956974       -5.946290             -100.00  
       9.000000       10.477121    2.340780e-06            0.00            0.00        0.293472       -2.792290             -100.00  
       9.000000       11.000000   -5.191052e-07            0.00            0.00        4.118352        0.798710             -100.00  
      10.000000        7.000000    1.699589e-05            0.00            0.00       -3.273000     -105.794290             -100.00  
      10.000000        8.000000    1.699589e-05            0.00            0.00       -3.271000     -105.794290             -100.00  
      10.000000        8.301030    1.699589e-05            0.00            0.00       -3.264000      -66.615290             -100.00  
      10.000000        8.602060    1.699589e-05            0.00            0.00       -3.237000      -38.915290             -100.00  
      10.000000        8.845098    1.699589e-05            0.00            0.00       -3.169000      -26.595290             -100.00  
      10.000000        9.000000    1.698788e-05            0.00            0.00       -3.095000      -21.419290             -100.00  
      10.000000        9.176091    1.698788e-05            0.00            0.00       -2.915000      -17.215290             -100.00  
      10.000000        9.301030    1.697987e-05            0.00            0.00       -2.709000      -14.966290             -100.00  
      10.000000        9.477121    1.696385e-05            0.00            0.00       -2.240000      -12.537290             -100.00  
      10.000000        9.698970    1.690617e-05            0.00            0.00       -1.493000      -10.297290             -100.00  
      10.000000       10.000000    1.664501e-05            0.00            0.00       -0.449000       -7.591290             -100.00  
      10.000000       10.477121    1.386043e-05            0.00            0.00        1.378234       -3.191290             -100.00  
      10.000000       11.000000    2.164541e-06            0.00            0.00        4.201308        0.715710             -100.00  
      11.000000        7.000000    3.752137e-05            0.00            0.00        2.318000     -105.794290             -100.00  
      11.000000        8.000000    3.752939e-05            0.00            0.00        2.319000     -105.794290             -100.00  
      11.000000        8.301030    3.752137e-05            0.00            0.00        2.318000     -105.794290             -100.00  
      11.000000        8.602060    3.752137e-05            0.00            0.00        2.318000     -105.794290             -100.00  
      11.000000        8.845098    3.752939e-05            0.00            0.00        2.321000     -105.794290             -100.00  
      11.000000        9.000000    3.752137e-05            0.00            0.00        2.320000      -83.450290             -100.00  
      11.000000        9.176091    3.752137e-05            0.00            0.00        2.323000      -57.707290             -100.00  
      11.000000        9.301030    3.752137e-05            0.00            0.00        2.328000      -44.697290             -100.00  
      11.000000        9.477121    3.751336e-05            0.00            0.00        2.340000      -31.489290             -100.00  
      11.000000        9.698970    3.748933e-05            0.00            0.00        2.381000      -20.608290             -100.00  
      11.000000       10.000000    3.736596e-05            0.00            0.00        2.550000      -11.854290             -100.00  
      11.000000       10.477121    3.605538e-05            0.00            0.00        3.277016       -4.846290             -100.00  
      11.000000       11.000000    2.244970e-05            0.00            0.00        4.812096        0.087710             -100.00  