!43cl -> 43ar, beta-decay
!Q=-23.14 MeV
!
!Log(rhoY)      Log(temp)       mu              dQ              Vs              Log(e-cap-rate) Log(nu-energy-loss) Log(gamma-energy)
!Log(g/cm^3)    Log(K)          erg             erg             erg             Log(1/s)        Log(erg/s)          Log(erg/s)       
       1.000000        7.000000   -4.806530e-09            0.00            0.00      -99.697970       -7.517290             -100.00  
       1.000000        8.000000   -9.292624e-08            0.00            0.00      -99.697970       -7.517290             -100.00  
       1.000000        8.301030   -2.146917e-07            0.00            0.00      -99.697970       -7.517290             -100.00  
       1.000000        8.602060   -4.902661e-07            0.00            0.00      -99.697970       -7.517290             -100.00  
       1.000000        8.845098   -8.058948e-07            0.00            0.00      -74.190000       -7.517290             -100.00  
       1.000000        9.000000   -8.187123e-07            0.00            0.00      -53.572000       -7.517290             -100.00  
       1.000000        9.176091   -8.187123e-07            0.00            0.00      -37.281000       -7.486290             -100.00  
       1.000000        9.301030   -8.187123e-07            0.00            0.00      -28.820000       -7.299290             -100.00  
       1.000000        9.477121   -8.187123e-07            0.00            0.00      -19.788953       -6.738290             -100.00  
       1.000000        9.698970   -8.187123e-07            0.00            0.00      -12.114702       -6.166290             -100.00  
       1.000000       10.000000   -8.187123e-07            0.00            0.00       -5.809487       -5.772290             -100.00  
       1.000000       10.477121   -8.187123e-07            0.00            0.00        0.176946       -3.715290             -100.00  
       1.000000       11.000000   -8.187123e-07            0.00            0.00        4.359384        0.385710             -100.00  
       2.000000        7.000000   -1.602177e-09            0.00            0.00      -99.697970       -7.517290             -100.00  
       2.000000        8.000000   -6.088271e-08            0.00            0.00      -99.697970       -7.517290             -100.00  
       2.000000        8.301030   -1.522068e-07            0.00            0.00      -99.697970       -7.517290             -100.00  
       2.000000        8.602060   -3.636941e-07            0.00            0.00      -99.697970       -7.517290             -100.00  
       2.000000        8.845098   -7.145708e-07            0.00            0.00      -73.777000       -7.517290             -100.00  
       2.000000        9.000000   -8.107014e-07            0.00            0.00      -53.550000       -7.517290             -100.00  
       2.000000        9.176091   -8.187123e-07            0.00            0.00      -37.280000       -7.486290             -100.00  
       2.000000        9.301030   -8.187123e-07            0.00            0.00      -28.819000       -7.299290             -100.00  
       2.000000        9.477121   -8.187123e-07            0.00            0.00      -19.788953       -6.738290             -100.00  
       2.000000        9.698970   -8.187123e-07            0.00            0.00      -12.114702       -6.166290             -100.00  
       2.000000       10.000000   -8.187123e-07            0.00            0.00       -5.809487       -5.772290             -100.00  
       2.000000       10.477121   -8.187123e-07            0.00            0.00        0.176946       -3.715290             -100.00  
       2.000000       11.000000   -8.187123e-07            0.00            0.00        4.359384        0.385710             -100.00  
       3.000000        7.000000    4.806530e-09            0.00            0.00      -99.697970       -7.517290             -100.00  
       3.000000        8.000000   -2.883918e-08            0.00            0.00      -99.697970       -7.517290             -100.00  
       3.000000        8.301030   -8.811971e-08            0.00            0.00      -99.697970       -7.517290             -100.00  
       3.000000        8.602060   -2.355200e-07            0.00            0.00      -99.697970       -7.517290             -100.00  
       3.000000        8.845098   -5.030835e-07            0.00            0.00      -72.828000       -7.517290             -100.00  
       3.000000        9.000000   -7.450121e-07            0.00            0.00      -53.344000       -7.517290             -100.00  
       3.000000        9.176091   -8.107014e-07            0.00            0.00      -37.265000       -7.486290             -100.00  
       3.000000        9.301030   -8.171101e-07            0.00            0.00      -28.816000       -7.299290             -100.00  
       3.000000        9.477121   -8.187123e-07            0.00            0.00      -19.787953       -6.738290             -100.00  
       3.000000        9.698970   -8.187123e-07            0.00            0.00      -12.114702       -6.166290             -100.00  
       3.000000       10.000000   -8.187123e-07            0.00            0.00       -5.809487       -5.772290             -100.00  
       3.000000       10.477121   -8.187123e-07            0.00            0.00        0.176946       -3.715290             -100.00  
       3.000000       11.000000   -8.187123e-07            0.00            0.00        4.359384        0.385710             -100.00  
       4.000000        7.000000    1.922612e-08            0.00            0.00      -99.697970       -7.517290             -100.00  
       4.000000        8.000000    8.010883e-09            0.00            0.00      -99.697970       -7.517290             -100.00  
       4.000000        8.301030   -2.082830e-08            0.00            0.00      -99.697970       -7.517290             -100.00  
       4.000000        8.602060   -1.073458e-07            0.00            0.00      -99.697970       -7.517290             -100.00  
       4.000000        8.845098   -2.787787e-07            0.00            0.00      -71.822000       -7.517290             -100.00  
       4.000000        9.000000   -4.838573e-07            0.00            0.00      -52.522000       -7.517290             -100.00  
       4.000000        9.176091   -7.434100e-07            0.00            0.00      -37.123000       -7.486290             -100.00  
       4.000000        9.301030   -7.962818e-07            0.00            0.00      -28.785000       -7.299290             -100.00  
       4.000000        9.477121   -8.123036e-07            0.00            0.00      -19.782954       -6.738290             -100.00  
       4.000000        9.698970   -8.171101e-07            0.00            0.00      -12.113714       -6.166290             -100.00  
       4.000000       10.000000   -8.187123e-07            0.00            0.00       -5.809487       -5.772290             -100.00  
       4.000000       10.477121   -8.187123e-07            0.00            0.00        0.176946       -3.715290             -100.00  
       4.000000       11.000000   -8.187123e-07            0.00            0.00        4.359384        0.385710             -100.00  
       5.000000        7.000000    8.491536e-08            0.00            0.00      -99.697970       -7.517290             -100.00  
       5.000000        8.000000    8.331318e-08            0.00            0.00      -99.697970       -7.517290             -100.00  
       5.000000        8.301030    7.530230e-08            0.00            0.00      -99.697970       -7.517290             -100.00  
       5.000000        8.602060    4.165659e-08            0.00            0.00      -99.697970       -7.517290             -100.00  
       5.000000        8.845098   -4.165659e-08            0.00            0.00      -70.755000       -7.517290             -100.00  
       5.000000        9.000000   -1.570133e-07            0.00            0.00      -51.491000       -7.517290             -100.00  
       5.000000        9.176091   -3.941355e-07            0.00            0.00      -36.390000       -7.486290             -100.00  
       5.000000        9.301030   -6.136337e-07            0.00            0.00      -28.496000       -7.299290             -100.00  
       5.000000        9.477121   -7.626361e-07            0.00            0.00      -19.728959       -6.738290             -100.00  
       5.000000        9.698970   -8.042927e-07            0.00            0.00      -12.105810       -6.167290             -100.00  
       5.000000       10.000000   -8.155079e-07            0.00            0.00       -5.808601       -5.772290             -100.00  
       5.000000       10.477121   -8.187123e-07            0.00            0.00        0.176946       -3.715290             -100.00  
       5.000000       11.000000   -8.187123e-07            0.00            0.00        4.359384        0.385710             -100.00  
       6.000000        7.000000    3.444680e-07            0.00            0.00      -99.697970       -7.519290             -100.00  
       6.000000        8.000000    3.428658e-07            0.00            0.00      -99.697970       -7.519290             -100.00  
       6.000000        8.301030    3.412636e-07            0.00            0.00      -99.697970       -7.519290             -100.00  
       6.000000        8.602060    3.300484e-07            0.00            0.00      -99.697970       -7.519290             -100.00  
       6.000000        8.845098    3.028114e-07            0.00            0.00      -69.206000       -7.519290             -100.00  
       6.000000        9.000000    2.579504e-07            0.00            0.00      -50.188000       -7.519290             -100.00  
       6.000000        9.176091    1.490024e-07            0.00            0.00      -35.252000       -7.488290             -100.00  
       6.000000        9.301030    1.602177e-09            0.00            0.00      -27.529000       -7.301290             -100.00  
       6.000000        9.477121   -3.396614e-07            0.00            0.00      -19.286985       -6.740290             -100.00  
       6.000000        9.698970   -6.729142e-07            0.00            0.00      -12.023698       -6.168290             -100.00  
       6.000000       10.000000   -7.866687e-07            0.00            0.00       -5.800615       -5.774290             -100.00  
       6.000000       10.477121   -8.155079e-07            0.00            0.00        0.177833       -3.715290             -100.00  
       6.000000       11.000000   -8.187123e-07            0.00            0.00        4.359384        0.385710             -100.00  
       7.000000        7.000000    1.139148e-06            0.00            0.00      -99.697970       -7.534290             -100.00  
       7.000000        8.000000    1.139148e-06            0.00            0.00      -99.697970       -7.534290             -100.00  
       7.000000        8.301030    1.139148e-06            0.00            0.00      -99.697970       -7.534290             -100.00  
       7.000000        8.602060    1.134341e-06            0.00            0.00      -99.697970       -7.534290             -100.00  
       7.000000        8.845098    1.123126e-06            0.00            0.00      -65.523000       -7.534290             -100.00  
       7.000000        9.000000    1.103900e-06            0.00            0.00      -47.525000       -7.534290             -100.00  
       7.000000        9.176091    1.060641e-06            0.00            0.00      -33.341000       -7.502290             -100.00  
       7.000000        9.301030    9.965539e-07            0.00            0.00      -25.964000       -7.315290             -100.00  
       7.000000        9.477121    8.171101e-07            0.00            0.00      -18.072999       -6.754290             -100.00  
       7.000000        9.698970    2.996070e-07            0.00            0.00      -11.414935       -6.181290             -100.00  
       7.000000       10.000000   -5.046856e-07            0.00            0.00       -5.721034       -5.788290             -100.00  
       7.000000       10.477121   -7.850666e-07            0.00            0.00        0.180609       -3.719290             -100.00  
       7.000000       11.000000   -8.155079e-07            0.00            0.00        4.359384        0.385710             -100.00  
       8.000000        7.000000    3.101814e-06            0.00            0.00      -99.697970       -7.637290             -100.00  
       8.000000        8.000000    3.101814e-06            0.00            0.00      -99.697970       -7.636290             -100.00  
       8.000000        8.301030    3.100212e-06            0.00            0.00      -99.697970       -7.636290             -100.00  
       8.000000        8.602060    3.098610e-06            0.00            0.00      -94.669998       -7.635290             -100.00  
       8.000000        8.845098    3.093803e-06            0.00            0.00      -56.667000       -7.634290             -100.00  
       8.000000        9.000000    3.084190e-06            0.00            0.00      -41.295000       -7.634290             -100.00  
       8.000000        9.176091    3.064964e-06            0.00            0.00      -29.138000       -7.603290             -100.00  
       8.000000        9.301030    3.036125e-06            0.00            0.00      -22.757000       -7.418290             -100.00  
       8.000000        9.477121    2.954414e-06            0.00            0.00      -15.833000       -6.858290             -100.00  
       8.000000        9.698970    2.693259e-06            0.00            0.00       -9.915966       -6.277290             -100.00  
       8.000000       10.000000    1.573337e-06            0.00            0.00       -5.114275       -5.885290             -100.00  
       8.000000       10.477121   -4.838573e-07            0.00            0.00        0.207560       -3.750290             -100.00  
       8.000000       11.000000   -7.882709e-07            0.00            0.00        4.360384        0.384710             -100.00  
       9.000000        7.000000    7.483767e-06            0.00            0.00      -99.697970       -8.281290             -100.00  
       9.000000        8.000000    7.483767e-06            0.00            0.00      -99.697970       -8.283290             -100.00  
       9.000000        8.301030    7.483767e-06            0.00            0.00      -99.697970       -8.282290             -100.00  
       9.000000        8.602060    7.483767e-06            0.00            0.00      -60.193000       -8.275290             -100.00  
       9.000000        8.845098    7.474154e-06            0.00            0.00      -36.977000       -8.269290             -100.00  
       9.000000        9.000000    7.474154e-06            0.00            0.00      -27.486000       -8.268290             -100.00  
       9.000000        9.176091    7.466143e-06            0.00            0.00      -19.908000       -8.240290             -100.00  
       9.000000        9.301030    7.450121e-06            0.00            0.00      -15.820000       -8.079290             -100.00  
       9.000000        9.477121    7.410067e-06            0.00            0.00      -11.172000       -7.542290             -100.00  
       9.000000        9.698970    7.291506e-06            0.00            0.00       -7.033000       -6.918290             -100.00  
       9.000000       10.000000    6.724335e-06            0.00            0.00       -3.557702       -6.376290             -100.00  
       9.000000       10.477121    2.340780e-06            0.00            0.00        0.464172       -4.042290             -100.00  
       9.000000       11.000000   -5.191052e-07            0.00            0.00        4.368365        0.376710             -100.00  
      10.000000        7.000000    1.699589e-05            0.00            0.00       -3.680000     -105.794290             -100.00  
      10.000000        8.000000    1.699589e-05            0.00            0.00       -3.680000     -105.794290             -100.00  
      10.000000        8.301030    1.699589e-05            0.00            0.00       -3.679000      -60.710290             -100.00  
      10.000000        8.602060    1.699589e-05            0.00            0.00       -3.678000      -37.231290             -100.00  
      10.000000        8.845098    1.699589e-05            0.00            0.00       -3.674000      -26.719290             -100.00  
      10.000000        9.000000    1.698788e-05            0.00            0.00       -3.671000      -22.265290             -100.00  
      10.000000        9.176091    1.698788e-05            0.00            0.00       -3.656000      -18.620290             -100.00  
      10.000000        9.301030    1.697987e-05            0.00            0.00       -3.619000      -16.646290             -100.00  
      10.000000        9.477121    1.696385e-05            0.00            0.00       -3.201000      -14.347290             -100.00  
      10.000000        9.698970    1.690617e-05            0.00            0.00       -2.050000      -11.629290             -100.00  
      10.000000       10.000000    1.664501e-05            0.00            0.00       -0.822999       -8.944290             -100.00  
      10.000000       10.477121    1.386043e-05            0.00            0.00        1.455801       -5.239290             -100.00  
      10.000000       11.000000    2.164541e-06            0.00            0.00        4.449192        0.292710             -100.00  
      11.000000        7.000000    3.752137e-05            0.00            0.00       -0.379000     -105.794290             -100.00  
      11.000000        8.000000    3.752939e-05            0.00            0.00       -0.379000     -105.794290             -100.00  
      11.000000        8.301030    3.752137e-05            0.00            0.00       -0.379000     -105.794290             -100.00  
      11.000000        8.602060    3.752137e-05            0.00            0.00       -0.379000     -105.794290             -100.00  
      11.000000        8.845098    3.752939e-05            0.00            0.00       -0.379000     -105.794290             -100.00  
      11.000000        9.000000    3.752137e-05            0.00            0.00       -0.379000      -86.857290             -100.00  
      11.000000        9.176091    3.752137e-05            0.00            0.00       -0.378000      -61.681290             -100.00  
      11.000000        9.301030    3.752137e-05            0.00            0.00       -0.368000      -48.955290             -100.00  
      11.000000        9.477121    3.751336e-05            0.00            0.00       -0.149000      -35.895290             -100.00  
      11.000000        9.698970    3.748933e-05            0.00            0.00        0.730000      -24.579290             -100.00  
      11.000000       10.000000    3.736596e-05            0.00            0.00        1.637000      -15.457290             -100.00  
      11.000000       10.477121    3.605538e-05            0.00            0.00        2.841115       -7.563290             -100.00  
      11.000000       11.000000    2.244970e-05            0.00            0.00        5.035381       -0.344290             -100.00  