!21f -> 21o, e- capture
!Q=-0.047 MeV
!
!Log(rhoY)      Log(temp)       mu              dQ              Vs              Log(e-cap-rate) Log(nu-energy-loss) Log(gamma-energy)
!Log(g/cm^3)    Log(K)          erg             erg             erg             Log(1/s)        Log(erg/s)          Log(erg/s)       
       1.000000        7.000000   -4.806530e-09            0.00            0.00      -99.697970     -105.794290             -100.00  
       1.000000        8.000000   -9.292624e-08            0.00            0.00      -99.697970     -105.794290             -100.00  
       1.000000        8.301030   -2.146917e-07            0.00            0.00      -99.697970     -105.794290             -100.00  
       1.000000        8.602060   -4.902661e-07            0.00            0.00      -99.697970     -105.794290             -100.00  
       1.000000        8.845098   -8.058948e-07            0.00            0.00      -67.338000      -73.868290             -100.00  
       1.000000        9.000000   -8.187123e-07            0.00            0.00      -48.131000      -54.502290             -100.00  
       1.000000        9.176091   -8.187123e-07            0.00            0.00      -32.970998      -39.161290             -100.00  
       1.000000        9.301030   -8.187123e-07            0.00            0.00      -25.260950      -31.321290             -100.00  
       1.000000        9.477121   -8.187123e-07            0.00            0.00      -17.362087      -23.236290             -100.00  
       1.000000        9.698970   -8.187123e-07            0.00            0.00      -10.744568      -16.364290             -100.00  
       1.000000       10.000000   -8.187123e-07            0.00            0.00       -5.231220      -10.429290             -100.00  
       1.000000       10.477121   -8.187123e-07            0.00            0.00        0.012069       -4.654290             -100.00  
       1.000000       11.000000   -8.187123e-07            0.00            0.00        3.933109       -0.235290             -100.00  
       2.000000        7.000000   -1.602177e-09            0.00            0.00      -99.697970     -105.794290             -100.00  
       2.000000        8.000000   -6.088271e-08            0.00            0.00      -99.697970     -105.794290             -100.00  
       2.000000        8.301030   -1.522068e-07            0.00            0.00      -99.697970     -105.794290             -100.00  
       2.000000        8.602060   -3.636941e-07            0.00            0.00      -99.697970     -105.794290             -100.00  
       2.000000        8.845098   -7.145708e-07            0.00            0.00      -66.925000      -73.455290             -100.00  
       2.000000        9.000000   -8.107014e-07            0.00            0.00      -48.109000      -54.480290             -100.00  
       2.000000        9.176091   -8.187123e-07            0.00            0.00      -32.968998      -39.159290             -100.00  
       2.000000        9.301030   -8.187123e-07            0.00            0.00      -25.259950      -31.320290             -100.00  
       2.000000        9.477121   -8.187123e-07            0.00            0.00      -17.362087      -23.236290             -100.00  
       2.000000        9.698970   -8.187123e-07            0.00            0.00      -10.744568      -16.364290             -100.00  
       2.000000       10.000000   -8.187123e-07            0.00            0.00       -5.231220      -10.429290             -100.00  
       2.000000       10.477121   -8.187123e-07            0.00            0.00        0.012069       -4.654290             -100.00  
       2.000000       11.000000   -8.187123e-07            0.00            0.00        3.933109       -0.235290             -100.00  
       3.000000        7.000000    4.806530e-09            0.00            0.00      -99.697970     -105.794290             -100.00  
       3.000000        8.000000   -2.883918e-08            0.00            0.00      -99.697970     -105.794290             -100.00  
       3.000000        8.301030   -8.811971e-08            0.00            0.00      -99.697970     -105.794290             -100.00  
       3.000000        8.602060   -2.355200e-07            0.00            0.00      -99.697970     -105.794290             -100.00  
       3.000000        8.845098   -5.030835e-07            0.00            0.00      -65.977000      -72.506290             -100.00  
       3.000000        9.000000   -7.450121e-07            0.00            0.00      -47.903000      -54.274290             -100.00  
       3.000000        9.176091   -8.107014e-07            0.00            0.00      -32.954998      -39.145290             -100.00  
       3.000000        9.301030   -8.171101e-07            0.00            0.00      -25.256950      -31.317290             -100.00  
       3.000000        9.477121   -8.187123e-07            0.00            0.00      -17.361089      -23.235290             -100.00  
       3.000000        9.698970   -8.187123e-07            0.00            0.00      -10.744568      -16.364290             -100.00  
       3.000000       10.000000   -8.187123e-07            0.00            0.00       -5.231220      -10.429290             -100.00  
       3.000000       10.477121   -8.187123e-07            0.00            0.00        0.012069       -4.654290             -100.00  
       3.000000       11.000000   -8.187123e-07            0.00            0.00        3.933109       -0.235290             -100.00  
       4.000000        7.000000    1.922612e-08            0.00            0.00      -99.697970     -105.794290             -100.00  
       4.000000        8.000000    8.010883e-09            0.00            0.00      -99.697970     -105.794290             -100.00  
       4.000000        8.301030   -2.082830e-08            0.00            0.00      -99.697970     -105.794290             -100.00  
       4.000000        8.602060   -1.073458e-07            0.00            0.00      -99.697970     -105.794290             -100.00  
       4.000000        8.845098   -2.787787e-07            0.00            0.00      -64.970000      -71.500290             -100.00  
       4.000000        9.000000   -4.838573e-07            0.00            0.00      -47.081000      -53.452290             -100.00  
       4.000000        9.176091   -7.434100e-07            0.00            0.00      -32.812999      -39.003290             -100.00  
       4.000000        9.301030   -7.962818e-07            0.00            0.00      -25.225953      -31.286290             -100.00  
       4.000000        9.477121   -8.123036e-07            0.00            0.00      -17.356100      -23.230290             -100.00  
       4.000000        9.698970   -8.171101e-07            0.00            0.00      -10.743578      -16.363290             -100.00  
       4.000000       10.000000   -8.187123e-07            0.00            0.00       -5.231220      -10.429290             -100.00  
       4.000000       10.477121   -8.187123e-07            0.00            0.00        0.012069       -4.654290             -100.00  
       4.000000       11.000000   -8.187123e-07            0.00            0.00        3.933109       -0.235290             -100.00  
       5.000000        7.000000    8.491536e-08            0.00            0.00      -99.697970     -105.794290             -100.00  
       5.000000        8.000000    8.331318e-08            0.00            0.00      -99.697970     -105.794290             -100.00  
       5.000000        8.301030    7.530230e-08            0.00            0.00      -99.697970     -105.794290             -100.00  
       5.000000        8.602060    4.165659e-08            0.00            0.00      -99.697970     -105.794290             -100.00  
       5.000000        8.845098   -4.165659e-08            0.00            0.00      -63.904000      -70.433290             -100.00  
       5.000000        9.000000   -1.570133e-07            0.00            0.00      -46.049000      -52.421290             -100.00  
       5.000000        9.176091   -3.941355e-07            0.00            0.00      -32.079000      -38.269290             -100.00  
       5.000000        9.301030   -6.136337e-07            0.00            0.00      -24.936976      -30.997290             -100.00  
       5.000000        9.477121   -7.626361e-07            0.00            0.00      -17.303201      -23.176290             -100.00  
       5.000000        9.698970   -8.042927e-07            0.00            0.00      -10.735659      -16.355290             -100.00  
       5.000000       10.000000   -8.155079e-07            0.00            0.00       -5.230234      -10.428290             -100.00  
       5.000000       10.477121   -8.187123e-07            0.00            0.00        0.012069       -4.654290             -100.00  
       5.000000       11.000000   -8.187123e-07            0.00            0.00        3.933109       -0.235290             -100.00  
       6.000000        7.000000    3.444680e-07            0.00            0.00      -99.697970     -105.794290             -100.00  
       6.000000        8.000000    3.428658e-07            0.00            0.00      -99.697970     -105.794290             -100.00  
       6.000000        8.301030    3.412636e-07            0.00            0.00      -99.697970     -105.794290             -100.00  
       6.000000        8.602060    3.300484e-07            0.00            0.00      -99.697970     -105.794290             -100.00  
       6.000000        8.845098    3.028114e-07            0.00            0.00      -62.354000      -68.884290             -100.00  
       6.000000        9.000000    2.579504e-07            0.00            0.00      -44.746000      -51.118290             -100.00  
       6.000000        9.176091    1.490024e-07            0.00            0.00      -30.941000      -37.131290             -100.00  
       6.000000        9.301030    1.602177e-09            0.00            0.00      -23.969997      -30.031290             -100.00  
       6.000000        9.477121   -3.396614e-07            0.00            0.00      -16.860709      -22.735290             -100.00  
       6.000000        9.698970   -6.729142e-07            0.00            0.00      -10.653369      -16.273290             -100.00  
       6.000000       10.000000   -7.866687e-07            0.00            0.00       -5.221338      -10.420290             -100.00  
       6.000000       10.477121   -8.155079e-07            0.00            0.00        0.012069       -4.653290             -100.00  
       6.000000       11.000000   -8.187123e-07            0.00            0.00        3.933109       -0.235290             -100.00  
       7.000000        7.000000    1.139148e-06            0.00            0.00      -99.697970     -105.794290             -100.00  
       7.000000        8.000000    1.139148e-06            0.00            0.00      -99.697970     -105.794290             -100.00  
       7.000000        8.301030    1.139148e-06            0.00            0.00      -99.697970     -105.794290             -100.00  
       7.000000        8.602060    1.134341e-06            0.00            0.00      -99.549442     -105.794290             -100.00  
       7.000000        8.845098    1.123126e-06            0.00            0.00      -58.671000      -65.201290             -100.00  
       7.000000        9.000000    1.103900e-06            0.00            0.00      -42.083000      -48.455290             -100.00  
       7.000000        9.176091    1.060641e-06            0.00            0.00      -29.030000      -35.220290             -100.00  
       7.000000        9.301030    9.965539e-07            0.00            0.00      -22.405000      -28.465290             -100.00  
       7.000000        9.477121    8.171101e-07            0.00            0.00      -15.646982      -21.521290             -100.00  
       7.000000        9.698970    2.996070e-07            0.00            0.00      -10.046064      -15.666290             -100.00  
       7.000000       10.000000   -5.046856e-07            0.00            0.00       -5.135264      -10.333290             -100.00  
       7.000000       10.477121   -7.850666e-07            0.00            0.00        0.014980       -4.650290             -100.00  
       7.000000       11.000000   -8.155079e-07            0.00            0.00        3.933109       -0.235290             -100.00  
       8.000000        7.000000    3.101814e-06            0.00            0.00      -99.697970     -105.794290             -100.00  
       8.000000        8.000000    3.101814e-06            0.00            0.00      -99.697970     -105.794290             -100.00  
       8.000000        8.301030    3.100212e-06            0.00            0.00      -99.697970     -105.794290             -100.00  
       8.000000        8.602060    3.098610e-06            0.00            0.00      -84.295000      -91.071290             -100.00  
       8.000000        8.845098    3.093803e-06            0.00            0.00      -49.816000      -56.345290             -100.00  
       8.000000        9.000000    3.084190e-06            0.00            0.00      -35.858000      -42.229290             -100.00  
       8.000000        9.176091    3.064964e-06            0.00            0.00      -24.832000      -31.022290             -100.00  
       8.000000        9.301030    3.036125e-06            0.00            0.00      -19.198000      -25.259290             -100.00  
       8.000000        9.477121    2.954414e-06            0.00            0.00      -13.408000      -19.283290             -100.00  
       8.000000        9.698970    2.693259e-06            0.00            0.00       -8.547970      -14.176290             -100.00  
       8.000000       10.000000    1.573337e-06            0.00            0.00       -4.501814       -9.701290             -100.00  
       8.000000       10.477121   -4.838573e-07            0.00            0.00        0.045209       -4.620290             -100.00  
       8.000000       11.000000   -7.882709e-07            0.00            0.00        3.933109       -0.234290             -100.00  
       9.000000        7.000000    7.483767e-06            0.00            0.00      -99.697970     -105.794290             -100.00  
       9.000000        8.000000    7.483767e-06            0.00            0.00      -99.697970     -105.794290             -100.00  
       9.000000        8.301030    7.483767e-06            0.00            0.00      -95.097995     -102.175290             -100.00  
       9.000000        8.602060    7.483767e-06            0.00            0.00      -49.883000      -56.655290             -100.00  
       9.000000        8.845098    7.474154e-06            0.00            0.00      -30.193000      -36.719290             -100.00  
       9.000000        9.000000    7.474154e-06            0.00            0.00      -22.122000      -28.483290             -100.00  
       9.000000        9.176091    7.466143e-06            0.00            0.00      -15.669000      -21.849290             -100.00  
       9.000000        9.301030    7.450121e-06            0.00            0.00      -12.315000      -18.364290             -100.00  
       9.000000        9.477121    7.410067e-06            0.00            0.00       -8.782000      -14.644290             -100.00  
       9.000000        9.698970    7.291506e-06            0.00            0.00       -5.684000      -11.309290             -100.00  
       9.000000       10.000000    6.724335e-06            0.00            0.00       -2.974964       -8.202290             -100.00  
       9.000000       10.477121    2.340780e-06            0.00            0.00        0.325798       -4.334290             -100.00  
       9.000000       11.000000   -5.191052e-07            0.00            0.00        3.942108       -0.226290             -100.00  
      10.000000        7.000000    1.699589e-05            0.00            0.00       -0.702000       -6.258290             -100.00  
      10.000000        8.000000    1.699589e-05            0.00            0.00       -0.702000       -6.257290             -100.00  
      10.000000        8.301030    1.699589e-05            0.00            0.00       -0.702000       -6.257290             -100.00  
      10.000000        8.602060    1.699589e-05            0.00            0.00       -0.701000       -6.255290             -100.00  
      10.000000        8.845098    1.699589e-05            0.00            0.00       -0.698000       -6.250290             -100.00  
      10.000000        9.000000    1.698788e-05            0.00            0.00       -0.696000       -6.245290             -100.00  
      10.000000        9.176091    1.698788e-05            0.00            0.00       -0.684000       -6.225290             -100.00  
      10.000000        9.301030    1.697987e-05            0.00            0.00       -0.672000       -6.202290             -100.00  
      10.000000        9.477121    1.696385e-05            0.00            0.00       -0.640000       -6.143290             -100.00  
      10.000000        9.698970    1.690617e-05            0.00            0.00       -0.572000       -6.000290             -100.00  
      10.000000       10.000000    1.664501e-05            0.00            0.00       -0.314000       -5.500290             -100.00  
      10.000000       10.477121    1.386043e-05            0.00            0.00        1.415591       -3.225290             -100.00  
      10.000000       11.000000    2.164541e-06            0.00            0.00        4.024095       -0.143290             -100.00  
      11.000000        7.000000    3.752137e-05            0.00            0.00        2.800000       -2.135290             -100.00  
      11.000000        8.000000    3.752939e-05            0.00            0.00        2.801000       -2.134290             -100.00  
      11.000000        8.301030    3.752137e-05            0.00            0.00        2.800000       -2.135290             -100.00  
      11.000000        8.602060    3.752137e-05            0.00            0.00        2.800000       -2.135290             -100.00  
      11.000000        8.845098    3.752939e-05            0.00            0.00        2.802000       -2.133290             -100.00  
      11.000000        9.000000    3.752137e-05            0.00            0.00        2.801000       -2.134290             -100.00  
      11.000000        9.176091    3.752137e-05            0.00            0.00        2.802000       -2.132290             -100.00  
      11.000000        9.301030    3.752137e-05            0.00            0.00        2.804000       -2.130290             -100.00  
      11.000000        9.477121    3.751336e-05            0.00            0.00        2.806000       -2.127290             -100.00  
      11.000000        9.698970    3.748933e-05            0.00            0.00        2.809000       -2.126290             -100.00  
      11.000000       10.000000    3.736596e-05            0.00            0.00        2.830000       -2.102290             -100.00  
      11.000000       10.477121    3.605538e-05            0.00            0.00        3.288008       -1.364290             -100.00  
      11.000000       11.000000    2.244970e-05            0.00            0.00        4.635031        0.477710             -100.00  