!42k -> 42ar, e- capture
!Q=-35.0228 MeV
!
!Log(rhoY)      Log(temp)       mu              dQ              Vs              Log(e-cap-rate) Log(nu-energy-loss) Log(gamma-energy)
!Log(g/cm^3)    Log(K)          erg             erg             erg             Log(1/s)        Log(erg/s)          Log(erg/s)       
       1.000000        7.000000   -4.806530e-09            0.00            0.00      -99.697970     -105.794290             -100.00  
       1.000000        8.000000   -9.292624e-08            0.00            0.00      -47.418000      -54.793290             -100.00  
       1.000000        8.301030   -2.146917e-07            0.00            0.00      -31.768000      -38.835290             -100.00  
       1.000000        8.602060   -4.902661e-07            0.00            0.00      -23.730000      -30.483290             -100.00  
       1.000000        8.845098   -8.058948e-07            0.00            0.00      -19.520000      -26.014290             -100.00  
       1.000000        9.000000   -8.187123e-07            0.00            0.00      -16.697000      -23.021290             -100.00  
       1.000000        9.176091   -8.187123e-07            0.00            0.00      -13.492000      -19.613290             -100.00  
       1.000000        9.301030   -8.187123e-07            0.00            0.00      -11.214999      -17.195290             -100.00  
       1.000000        9.477121   -8.187123e-07            0.00            0.00       -8.671618      -14.457290             -100.00  
       1.000000        9.698970   -8.187123e-07            0.00            0.00       -6.131936      -11.679290             -100.00  
       1.000000       10.000000   -8.187123e-07            0.00            0.00       -3.281801       -8.421290             -100.00  
       1.000000       10.477121   -8.187123e-07            0.00            0.00        0.880130       -3.693290             -100.00  
       1.000000       11.000000   -8.187123e-07            0.00            0.00        4.627489        0.545710             -100.00  
       2.000000        7.000000   -1.602177e-09            0.00            0.00      -99.697970     -105.794290             -100.00  
       2.000000        8.000000   -6.088271e-08            0.00            0.00      -46.416000      -53.791290             -100.00  
       2.000000        8.301030   -1.522068e-07            0.00            0.00      -30.767000      -37.834290             -100.00  
       2.000000        8.602060   -3.636941e-07            0.00            0.00      -22.730000      -29.483290             -100.00  
       2.000000        8.845098   -7.145708e-07            0.00            0.00      -19.107000      -25.601290             -100.00  
       2.000000        9.000000   -8.107014e-07            0.00            0.00      -16.676000      -23.000290             -100.00  
       2.000000        9.176091   -8.187123e-07            0.00            0.00      -13.491000      -19.612290             -100.00  
       2.000000        9.301030   -8.187123e-07            0.00            0.00      -11.214999      -17.194290             -100.00  
       2.000000        9.477121   -8.187123e-07            0.00            0.00       -8.671618      -14.457290             -100.00  
       2.000000        9.698970   -8.187123e-07            0.00            0.00       -6.131936      -11.679290             -100.00  
       2.000000       10.000000   -8.187123e-07            0.00            0.00       -3.281801       -8.421290             -100.00  
       2.000000       10.477121   -8.187123e-07            0.00            0.00        0.880130       -3.693290             -100.00  
       2.000000       11.000000   -8.187123e-07            0.00            0.00        4.627489        0.545710             -100.00  
       3.000000        7.000000    4.806530e-09            0.00            0.00      -99.697970     -105.794290             -100.00  
       3.000000        8.000000   -2.883918e-08            0.00            0.00      -45.399000      -52.774290             -100.00  
       3.000000        8.301030   -8.811971e-08            0.00            0.00      -29.762000      -36.828290             -100.00  
       3.000000        8.602060   -2.355200e-07            0.00            0.00      -21.727000      -28.480290             -100.00  
       3.000000        8.845098   -5.030835e-07            0.00            0.00      -18.159000      -24.652290             -100.00  
       3.000000        9.000000   -7.450121e-07            0.00            0.00      -16.470000      -22.794290             -100.00  
       3.000000        9.176091   -8.107014e-07            0.00            0.00      -13.476000      -19.597290             -100.00  
       3.000000        9.301030   -8.171101e-07            0.00            0.00      -11.211999      -17.191290             -100.00  
       3.000000        9.477121   -8.187123e-07            0.00            0.00       -8.670618      -14.457290             -100.00  
       3.000000        9.698970   -8.187123e-07            0.00            0.00       -6.131936      -11.679290             -100.00  
       3.000000       10.000000   -8.187123e-07            0.00            0.00       -3.281801       -8.421290             -100.00  
       3.000000       10.477121   -8.187123e-07            0.00            0.00        0.880130       -3.693290             -100.00  
       3.000000       11.000000   -8.187123e-07            0.00            0.00        4.627489        0.545710             -100.00  
       4.000000        7.000000    1.922612e-08            0.00            0.00      -99.697970     -105.794290             -100.00  
       4.000000        8.000000    8.010883e-09            0.00            0.00      -44.242000      -51.617290             -100.00  
       4.000000        8.301030   -2.082830e-08            0.00            0.00      -28.707000      -35.774290             -100.00  
       4.000000        8.602060   -1.073458e-07            0.00            0.00      -20.709000      -27.462290             -100.00  
       4.000000        8.845098   -2.787787e-07            0.00            0.00      -17.153000      -23.646290             -100.00  
       4.000000        9.000000   -4.838573e-07            0.00            0.00      -15.648000      -21.972290             -100.00  
       4.000000        9.176091   -7.434100e-07            0.00            0.00      -13.335000      -19.456290             -100.00  
       4.000000        9.301030   -7.962818e-07            0.00            0.00      -11.179999      -17.160290             -100.00  
       4.000000        9.477121   -8.123036e-07            0.00            0.00       -8.665623      -14.451290             -100.00  
       4.000000        9.698970   -8.171101e-07            0.00            0.00       -6.130979      -11.678290             -100.00  
       4.000000       10.000000   -8.187123e-07            0.00            0.00       -3.280971       -8.421290             -100.00  
       4.000000       10.477121   -8.187123e-07            0.00            0.00        0.880130       -3.693290             -100.00  
       4.000000       11.000000   -8.187123e-07            0.00            0.00        4.627489        0.545710             -100.00  
       5.000000        7.000000    8.491536e-08            0.00            0.00      -99.697970     -105.794290             -100.00  
       5.000000        8.000000    8.331318e-08            0.00            0.00      -41.903000      -49.278290             -100.00  
       5.000000        8.301030    7.530230e-08            0.00            0.00      -27.200000      -34.267290             -100.00  
       5.000000        8.602060    4.165659e-08            0.00            0.00      -19.541000      -26.294290             -100.00  
       5.000000        8.845098   -4.165659e-08            0.00            0.00      -16.086000      -22.580290             -100.00  
       5.000000        9.000000   -1.570133e-07            0.00            0.00      -14.616000      -20.940290             -100.00  
       5.000000        9.176091   -3.941355e-07            0.00            0.00      -12.601000      -18.722290             -100.00  
       5.000000        9.301030   -6.136337e-07            0.00            0.00      -10.892000      -16.871290             -100.00  
       5.000000        9.477121   -7.626361e-07            0.00            0.00       -8.611667      -14.398290             -100.00  
       5.000000        9.698970   -8.042927e-07            0.00            0.00       -6.123319      -11.671290             -100.00  
       5.000000       10.000000   -8.155079e-07            0.00            0.00       -3.280971       -8.420290             -100.00  
       5.000000       10.477121   -8.187123e-07            0.00            0.00        0.880130       -3.693290             -100.00  
       5.000000       11.000000   -8.187123e-07            0.00            0.00        4.627489        0.545710             -100.00  
       6.000000        7.000000    3.444680e-07            0.00            0.00      -99.697970     -105.794290             -100.00  
       6.000000        8.000000    3.428658e-07            0.00            0.00      -33.714000      -41.089290             -100.00  
       6.000000        8.301030    3.412636e-07            0.00            0.00      -23.020000      -30.087290             -100.00  
       6.000000        8.602060    3.300484e-07            0.00            0.00      -17.272000      -24.025290             -100.00  
       6.000000        8.845098    3.028114e-07            0.00            0.00      -14.536000      -21.030290             -100.00  
       6.000000        9.000000    2.579504e-07            0.00            0.00      -13.314000      -19.638290             -100.00  
       6.000000        9.176091    1.490024e-07            0.00            0.00      -11.468000      -17.587290             -100.00  
       6.000000        9.301030    1.602177e-09            0.00            0.00       -9.928000      -15.906290             -100.00  
       6.000000        9.477121   -3.396614e-07            0.00            0.00       -8.170879      -13.957290             -100.00  
       6.000000        9.698970   -6.729142e-07            0.00            0.00       -6.044441      -11.593290             -100.00  
       6.000000       10.000000   -7.866687e-07            0.00            0.00       -3.273322       -8.412290             -100.00  
       6.000000       10.477121   -8.155079e-07            0.00            0.00        0.880130       -3.693290             -100.00  
       6.000000       11.000000   -8.187123e-07            0.00            0.00        4.627489        0.545710             -100.00  
       7.000000        7.000000    1.139148e-06            0.00            0.00      -11.477000      -18.342290             -100.00  
       7.000000        8.000000    1.139148e-06            0.00            0.00      -11.450000      -18.291290             -100.00  
       7.000000        8.301030    1.139148e-06            0.00            0.00      -11.384000      -18.166290             -100.00  
       7.000000        8.602060    1.134341e-06            0.00            0.00      -11.235000      -17.866290             -100.00  
       7.000000        8.845098    1.123126e-06            0.00            0.00      -10.963000      -17.399290             -100.00  
       7.000000        9.000000    1.103900e-06            0.00            0.00      -10.709000      -16.996290             -100.00  
       7.000000        9.176091    1.060641e-06            0.00            0.00       -9.679000      -15.742290             -100.00  
       7.000000        9.301030    9.965539e-07            0.00            0.00       -8.440000      -14.381290             -100.00  
       7.000000        9.477121    8.171101e-07            0.00            0.00       -6.986992      -12.758290             -100.00  
       7.000000        9.698970    2.996070e-07            0.00            0.00       -5.449075      -11.002290             -100.00  
       7.000000       10.000000   -5.046856e-07            0.00            0.00       -3.199174       -8.332290             -100.00  
       7.000000       10.477121   -7.850666e-07            0.00            0.00        0.882780       -3.690290             -100.00  
       7.000000       11.000000   -8.155079e-07            0.00            0.00        4.627489        0.545710             -100.00  
       8.000000        7.000000    3.101814e-06            0.00            0.00       -7.728000      -13.494290             -100.00  
       8.000000        8.000000    3.101814e-06            0.00            0.00       -7.728000      -13.494290             -100.00  
       8.000000        8.301030    3.100212e-06            0.00            0.00       -7.729000      -13.495290             -100.00  
       8.000000        8.602060    3.098610e-06            0.00            0.00       -7.752000      -13.515290             -100.00  
       8.000000        8.845098    3.093803e-06            0.00            0.00       -7.819000      -13.576290             -100.00  
       8.000000        9.000000    3.084190e-06            0.00            0.00       -7.877000      -13.623290             -100.00  
       8.000000        9.176091    3.064964e-06            0.00            0.00       -7.397000      -13.111290             -100.00  
       8.000000        9.301030    3.036125e-06            0.00            0.00       -6.365000      -12.063290             -100.00  
       8.000000        9.477121    2.954414e-06            0.00            0.00       -5.167000      -10.823290             -100.00  
       8.000000        9.698970    2.693259e-06            0.00            0.00       -4.031850       -9.559290             -100.00  
       8.000000       10.000000    1.573337e-06            0.00            0.00       -2.619698       -7.736290             -100.00  
       8.000000       10.477121   -4.838573e-07            0.00            0.00        0.910500       -3.661290             -100.00  
       8.000000       11.000000   -7.882709e-07            0.00            0.00        4.628486        0.546710             -100.00  
       9.000000        7.000000    7.483767e-06            0.00            0.00       -5.687000      -10.961290             -100.00  
       9.000000        8.000000    7.483767e-06            0.00            0.00       -5.687000      -10.961290             -100.00  
       9.000000        8.301030    7.483767e-06            0.00            0.00       -5.688000      -10.962290             -100.00  
       9.000000        8.602060    7.483767e-06            0.00            0.00       -5.713000      -10.987290             -100.00  
       9.000000        8.845098    7.474154e-06            0.00            0.00       -5.788000      -11.062290             -100.00  
       9.000000        9.000000    7.474154e-06            0.00            0.00       -5.748000      -11.060290             -100.00  
       9.000000        9.176091    7.466143e-06            0.00            0.00       -4.486000       -9.946290             -100.00  
       9.000000        9.301030    7.450121e-06            0.00            0.00       -3.555000       -9.005290             -100.00  
       9.000000        9.477121    7.410067e-06            0.00            0.00       -2.631000       -8.051290             -100.00  
       9.000000        9.698970    7.291506e-06            0.00            0.00       -1.920999       -7.276290             -100.00  
       9.000000       10.000000    6.724335e-06            0.00            0.00       -1.225307       -6.333290             -100.00  
       9.000000       10.477121    2.340780e-06            0.00            0.00        1.165349       -3.389290             -100.00  
       9.000000       11.000000   -5.191052e-07            0.00            0.00        4.636466        0.554710             -100.00  
      10.000000        7.000000    1.699589e-05            0.00            0.00       -3.883000       -8.761290             -100.00  
      10.000000        8.000000    1.699589e-05            0.00            0.00       -3.882000       -8.761290             -100.00  
      10.000000        8.301030    1.699589e-05            0.00            0.00       -3.883000       -8.762290             -100.00  
      10.000000        8.602060    1.699589e-05            0.00            0.00       -3.909000       -8.788290             -100.00  
      10.000000        8.845098    1.699589e-05            0.00            0.00       -3.982000       -8.861290             -100.00  
      10.000000        9.000000    1.698788e-05            0.00            0.00       -3.817000       -8.729290             -100.00  
      10.000000        9.176091    1.698788e-05            0.00            0.00       -2.302000       -7.263290             -100.00  
      10.000000        9.301030    1.697987e-05            0.00            0.00       -1.375000       -6.337290             -100.00  
      10.000000        9.477121    1.696385e-05            0.00            0.00       -0.481000       -5.440290             -100.00  
      10.000000        9.698970    1.690617e-05            0.00            0.00        0.148000       -4.801290             -100.00  
      10.000000       10.000000    1.664501e-05            0.00            0.00        0.562011       -4.334290             -100.00  
      10.000000       10.477121    1.386043e-05            0.00            0.00        2.151953       -2.343290             -100.00  
      10.000000       11.000000    2.164541e-06            0.00            0.00        4.717280        0.636710             -100.00  
      11.000000        7.000000    3.752137e-05            0.00            0.00       -2.159000       -6.677290             -100.00  
      11.000000        8.000000    3.752939e-05            0.00            0.00       -2.159000       -6.677290             -100.00  
      11.000000        8.301030    3.752137e-05            0.00            0.00       -2.161000       -6.679290             -100.00  
      11.000000        8.602060    3.752137e-05            0.00            0.00       -2.187000       -6.705290             -100.00  
      11.000000        8.845098    3.752939e-05            0.00            0.00       -2.259000       -6.777290             -100.00  
      11.000000        9.000000    3.752137e-05            0.00            0.00       -2.033000       -6.567290             -100.00  
      11.000000        9.176091    3.752137e-05            0.00            0.00       -0.448000       -5.000290             -100.00  
      11.000000        9.301030    3.752137e-05            0.00            0.00        0.480000       -4.072290             -100.00  
      11.000000        9.477121    3.751336e-05            0.00            0.00        1.372000       -3.180290             -100.00  
      11.000000        9.698970    3.748933e-05            0.00            0.00        1.993000       -2.557290             -100.00  
      11.000000       10.000000    3.736596e-05            0.00            0.00        2.360000       -2.182290             -100.00  
      11.000000       10.477121    3.605538e-05            0.00            0.00        3.497133       -0.855290             -100.00  
      11.000000       11.000000    2.244970e-05            0.00            0.00        5.303407        1.240710             -100.00  