!39ar -> 39cl, e- capture
!Q=-33.241 MeV
!
!Log(rhoY)      Log(temp)       mu              dQ              Vs              Log(e-cap-rate) Log(nu-energy-loss) Log(gamma-energy)
!Log(g/cm^3)    Log(K)          erg             erg             erg             Log(1/s)        Log(erg/s)          Log(erg/s)       
       1.000000        7.000000   -4.806530e-09            0.00            0.00      -99.697970     -105.794290             -100.00  
       1.000000        8.000000   -9.292624e-08            0.00            0.00      -99.697970     -105.794290             -100.00  
       1.000000        8.301030   -2.146917e-07            0.00            0.00      -98.221687     -105.300290             -100.00  
       1.000000        8.602060   -4.902661e-07            0.00            0.00      -54.444000      -61.205290             -100.00  
       1.000000        8.845098   -8.058948e-07            0.00            0.00      -34.866000      -41.371290             -100.00  
       1.000000        9.000000   -8.187123e-07            0.00            0.00      -25.873000      -32.210290             -100.00  
       1.000000        9.176091   -8.187123e-07            0.00            0.00      -18.607000      -24.752290             -100.00  
       1.000000        9.301030   -8.187123e-07            0.00            0.00      -14.804000      -20.813290             -100.00  
       1.000000        9.477121   -8.187123e-07            0.00            0.00      -10.761990      -16.576290             -100.00  
       1.000000        9.698970   -8.187123e-07            0.00            0.00       -7.157710      -12.725290             -100.00  
       1.000000       10.000000   -8.187123e-07            0.00            0.00       -3.856599       -9.028290             -100.00  
       1.000000       10.477121   -8.187123e-07            0.00            0.00        0.196938       -4.380290             -100.00  
       1.000000       11.000000   -8.187123e-07            0.00            0.00        4.103527        0.038710             -100.00  
       2.000000        7.000000   -1.602177e-09            0.00            0.00      -99.697970     -105.794290             -100.00  
       2.000000        8.000000   -6.088271e-08            0.00            0.00      -99.697970     -105.794290             -100.00  
       2.000000        8.301030   -1.522068e-07            0.00            0.00      -97.228263     -104.300290             -100.00  
       2.000000        8.602060   -3.636941e-07            0.00            0.00      -53.444000      -60.205290             -100.00  
       2.000000        8.845098   -7.145708e-07            0.00            0.00      -34.453000      -40.958290             -100.00  
       2.000000        9.000000   -8.107014e-07            0.00            0.00      -25.851000      -32.189290             -100.00  
       2.000000        9.176091   -8.187123e-07            0.00            0.00      -18.605000      -24.751290             -100.00  
       2.000000        9.301030   -8.187123e-07            0.00            0.00      -14.804000      -20.812290             -100.00  
       2.000000        9.477121   -8.187123e-07            0.00            0.00      -10.761990      -16.576290             -100.00  
       2.000000        9.698970   -8.187123e-07            0.00            0.00       -7.157710      -12.725290             -100.00  
       2.000000       10.000000   -8.187123e-07            0.00            0.00       -3.856599       -9.028290             -100.00  
       2.000000       10.477121   -8.187123e-07            0.00            0.00        0.196938       -4.380290             -100.00  
       2.000000       11.000000   -8.187123e-07            0.00            0.00        4.103527        0.038710             -100.00  
       3.000000        7.000000    4.806530e-09            0.00            0.00      -99.697970     -105.794290             -100.00  
       3.000000        8.000000   -2.883918e-08            0.00            0.00      -99.697970     -105.794290             -100.00  
       3.000000        8.301030   -8.811971e-08            0.00            0.00      -96.222927     -103.294290             -100.00  
       3.000000        8.602060   -2.355200e-07            0.00            0.00      -52.442000      -59.203290             -100.00  
       3.000000        8.845098   -5.030835e-07            0.00            0.00      -33.505000      -40.009290             -100.00  
       3.000000        9.000000   -7.450121e-07            0.00            0.00      -25.645000      -31.983290             -100.00  
       3.000000        9.176091   -8.107014e-07            0.00            0.00      -18.591000      -24.736290             -100.00  
       3.000000        9.301030   -8.171101e-07            0.00            0.00      -14.801000      -20.809290             -100.00  
       3.000000        9.477121   -8.187123e-07            0.00            0.00      -10.760990      -16.576290             -100.00  
       3.000000        9.698970   -8.187123e-07            0.00            0.00       -7.157710      -12.725290             -100.00  
       3.000000       10.000000   -8.187123e-07            0.00            0.00       -3.856599       -9.028290             -100.00  
       3.000000       10.477121   -8.187123e-07            0.00            0.00        0.196938       -4.380290             -100.00  
       3.000000       11.000000   -8.187123e-07            0.00            0.00        4.103527        0.038710             -100.00  
       4.000000        7.000000    1.922612e-08            0.00            0.00      -99.697970     -105.794290             -100.00  
       4.000000        8.000000    8.010883e-09            0.00            0.00      -99.697970     -105.794290             -100.00  
       4.000000        8.301030   -2.082830e-08            0.00            0.00      -95.167994     -102.239290             -100.00  
       4.000000        8.602060   -1.073458e-07            0.00            0.00      -51.424000      -58.185290             -100.00  
       4.000000        8.845098   -2.787787e-07            0.00            0.00      -32.498000      -39.003290             -100.00  
       4.000000        9.000000   -4.838573e-07            0.00            0.00      -24.823000      -31.161290             -100.00  
       4.000000        9.176091   -7.434100e-07            0.00            0.00      -18.449000      -24.595290             -100.00  
       4.000000        9.301030   -7.962818e-07            0.00            0.00      -14.769000      -20.778290             -100.00  
       4.000000        9.477121   -8.123036e-07            0.00            0.00      -10.755990      -16.570290             -100.00  
       4.000000        9.698970   -8.171101e-07            0.00            0.00       -7.156718      -12.724290             -100.00  
       4.000000       10.000000   -8.187123e-07            0.00            0.00       -3.856599       -9.027290             -100.00  
       4.000000       10.477121   -8.187123e-07            0.00            0.00        0.196938       -4.380290             -100.00  
       4.000000       11.000000   -8.187123e-07            0.00            0.00        4.103527        0.038710             -100.00  
       5.000000        7.000000    8.491536e-08            0.00            0.00      -99.697970     -105.794290             -100.00  
       5.000000        8.000000    8.331318e-08            0.00            0.00      -99.697970     -105.794290             -100.00  
       5.000000        8.301030    7.530230e-08            0.00            0.00      -93.662000     -100.733290             -100.00  
       5.000000        8.602060    4.165659e-08            0.00            0.00      -50.265000      -57.025290             -100.00  
       5.000000        8.845098   -4.165659e-08            0.00            0.00      -31.431000      -37.936290             -100.00  
       5.000000        9.000000   -1.570133e-07            0.00            0.00      -23.791000      -30.129290             -100.00  
       5.000000        9.176091   -3.941355e-07            0.00            0.00      -17.715000      -23.861290             -100.00  
       5.000000        9.301030   -6.136337e-07            0.00            0.00      -14.480000      -20.489290             -100.00  
       5.000000        9.477121   -7.626361e-07            0.00            0.00      -10.702991      -16.517290             -100.00  
       5.000000        9.698970   -8.042927e-07            0.00            0.00       -7.148778      -12.715290             -100.00  
       5.000000       10.000000   -8.155079e-07            0.00            0.00       -3.855696       -9.027290             -100.00  
       5.000000       10.477121   -8.187123e-07            0.00            0.00        0.196938       -4.380290             -100.00  
       5.000000       11.000000   -8.187123e-07            0.00            0.00        4.103527        0.038710             -100.00  
       6.000000        7.000000    3.444680e-07            0.00            0.00      -99.697970     -105.794290             -100.00  
       6.000000        8.000000    3.428658e-07            0.00            0.00      -99.697970     -105.794290             -100.00  
       6.000000        8.301030    3.412636e-07            0.00            0.00      -89.478000      -96.549290             -100.00  
       6.000000        8.602060    3.300484e-07            0.00            0.00      -47.993000      -54.753290             -100.00  
       6.000000        8.845098    3.028114e-07            0.00            0.00      -29.890000      -36.393290             -100.00  
       6.000000        9.000000    2.579504e-07            0.00            0.00      -22.483000      -28.823290             -100.00  
       6.000000        9.176091    1.490024e-07            0.00            0.00      -16.576000      -22.722290             -100.00  
       6.000000        9.301030    1.602177e-09            0.00            0.00      -13.514000      -19.522290             -100.00  
       6.000000        9.477121   -3.396614e-07            0.00            0.00      -10.259997      -16.074290             -100.00  
       6.000000        9.698970   -6.729142e-07            0.00            0.00       -7.066330      -12.634290             -100.00  
       6.000000       10.000000   -7.866687e-07            0.00            0.00       -3.848370       -9.018290             -100.00  
       6.000000       10.477121   -8.155079e-07            0.00            0.00        0.197716       -4.380290             -100.00  
       6.000000       11.000000   -8.187123e-07            0.00            0.00        4.103527        0.038710             -100.00  
       7.000000        7.000000    1.139148e-06            0.00            0.00      -99.697970     -105.794290             -100.00  
       7.000000        8.000000    1.139148e-06            0.00            0.00      -99.697970     -105.794290             -100.00  
       7.000000        8.301030    1.139148e-06            0.00            0.00      -77.195000      -84.264290             -100.00  
       7.000000        8.602060    1.134341e-06            0.00            0.00      -41.888000      -48.616290             -100.00  
       7.000000        8.845098    1.123126e-06            0.00            0.00      -26.332000      -32.794290             -100.00  
       7.000000        9.000000    1.103900e-06            0.00            0.00      -19.909000      -26.215290             -100.00  
       7.000000        9.176091    1.060641e-06            0.00            0.00      -14.710000      -20.838290             -100.00  
       7.000000        9.301030    9.965539e-07            0.00            0.00      -11.968000      -17.966290             -100.00  
       7.000000        9.477121    8.171101e-07            0.00            0.00       -9.056000      -14.865290             -100.00  
       7.000000        9.698970    2.996070e-07            0.00            0.00       -6.460334      -12.027290             -100.00  
       7.000000       10.000000   -5.046856e-07            0.00            0.00       -3.767652       -8.935290             -100.00  
       7.000000       10.477121   -7.850666e-07            0.00            0.00        0.200053       -4.377290             -100.00  
       7.000000       11.000000   -8.155079e-07            0.00            0.00        4.103527        0.038710             -100.00  
       8.000000        7.000000    3.101814e-06            0.00            0.00      -99.697970     -105.794290             -100.00  
       8.000000        8.000000    3.101814e-06            0.00            0.00      -85.423000      -92.734290             -100.00  
       8.000000        8.301030    3.100212e-06            0.00            0.00      -46.573000      -53.613290             -100.00  
       8.000000        8.602060    3.098610e-06            0.00            0.00      -26.716000      -33.458290             -100.00  
       8.000000        8.845098    3.093803e-06            0.00            0.00      -17.851000      -24.347290             -100.00  
       8.000000        9.000000    3.084190e-06            0.00            0.00      -14.094000      -20.429290             -100.00  
       8.000000        9.176091    3.064964e-06            0.00            0.00      -10.874000      -17.009290             -100.00  
       8.000000        9.301030    3.036125e-06            0.00            0.00       -9.087000      -15.057290             -100.00  
       8.000000        9.477121    2.954414e-06            0.00            0.00       -7.006000      -12.768290             -100.00  
       8.000000        9.698970    2.693259e-06            0.00            0.00       -5.020976      -10.562290             -100.00  
       8.000000       10.000000    1.573337e-06            0.00            0.00       -3.160917       -8.319290             -100.00  
       8.000000       10.477121   -4.838573e-07            0.00            0.00        0.224039       -4.350290             -100.00  
       8.000000       11.000000   -7.882709e-07            0.00            0.00        4.104521        0.039710             -100.00  
       9.000000        7.000000    7.483767e-06            0.00            0.00       -5.445000      -11.260290             -100.00  
       9.000000        8.000000    7.483767e-06            0.00            0.00       -5.445000      -11.260290             -100.00  
       9.000000        8.301030    7.483767e-06            0.00            0.00       -5.444000      -11.258290             -100.00  
       9.000000        8.602060    7.483767e-06            0.00            0.00       -5.440000      -11.252290             -100.00  
       9.000000        8.845098    7.474154e-06            0.00            0.00       -5.437000      -11.243290             -100.00  
       9.000000        9.000000    7.474154e-06            0.00            0.00       -5.423000      -11.217290             -100.00  
       9.000000        9.176091    7.466143e-06            0.00            0.00       -5.374000      -11.128290             -100.00  
       9.000000        9.301030    7.450121e-06            0.00            0.00       -5.083000      -10.697290             -100.00  
       9.000000        9.477121    7.410067e-06            0.00            0.00       -4.048000       -9.528290             -100.00  
       9.000000        9.698970    7.291506e-06            0.00            0.00       -2.868000       -8.237290             -100.00  
       9.000000       10.000000    6.724335e-06            0.00            0.00       -1.750646       -6.878290             -100.00  
       9.000000       10.477121    2.340780e-06            0.00            0.00        0.458380       -4.090290             -100.00  
       9.000000       11.000000   -5.191052e-07            0.00            0.00        4.112492        0.047710             -100.00  
      10.000000        7.000000    1.699589e-05            0.00            0.00       -2.592000       -7.627290             -100.00  
      10.000000        8.000000    1.699589e-05            0.00            0.00       -2.592000       -7.627290             -100.00  
      10.000000        8.301030    1.699589e-05            0.00            0.00       -2.592000       -7.627290             -100.00  
      10.000000        8.602060    1.699589e-05            0.00            0.00       -2.592000       -7.626290             -100.00  
      10.000000        8.845098    1.699589e-05            0.00            0.00       -2.591000       -7.626290             -100.00  
      10.000000        9.000000    1.698788e-05            0.00            0.00       -2.592000       -7.626290             -100.00  
      10.000000        9.176091    1.698788e-05            0.00            0.00       -2.582000       -7.615290             -100.00  
      10.000000        9.301030    1.697987e-05            0.00            0.00       -2.462000       -7.484290             -100.00  
      10.000000        9.477121    1.696385e-05            0.00            0.00       -1.706000       -6.703290             -100.00  
      10.000000        9.698970    1.690617e-05            0.00            0.00       -0.696000       -5.673290             -100.00  
      10.000000       10.000000    1.664501e-05            0.00            0.00        0.077005       -4.836290             -100.00  
      10.000000       10.477121    1.386043e-05            0.00            0.00        1.416261       -3.069290             -100.00  
      10.000000       11.000000    2.164541e-06            0.00            0.00        4.192171        0.129710             -100.00  
      11.000000        7.000000    3.752137e-05            0.00            0.00       -0.622000       -5.197290             -100.00  
      11.000000        8.000000    3.752939e-05            0.00            0.00       -0.622000       -5.197290             -100.00  
      11.000000        8.301030    3.752137e-05            0.00            0.00       -0.623000       -5.198290             -100.00  
      11.000000        8.602060    3.752137e-05            0.00            0.00       -0.623000       -5.198290             -100.00  
      11.000000        8.845098    3.752939e-05            0.00            0.00       -0.622000       -5.197290             -100.00  
      11.000000        9.000000    3.752137e-05            0.00            0.00       -0.622000       -5.197290             -100.00  
      11.000000        9.176091    3.752137e-05            0.00            0.00       -0.615000       -5.190290             -100.00  
      11.000000        9.301030    3.752137e-05            0.00            0.00       -0.503000       -5.077290             -100.00  
      11.000000        9.477121    3.751336e-05            0.00            0.00        0.228000       -4.346290             -100.00  
      11.000000        9.698970    3.748933e-05            0.00            0.00        1.213000       -3.356290             -100.00  
      11.000000       10.000000    3.736596e-05            0.00            0.00        1.915000       -2.640290             -100.00  
      11.000000       10.477121    3.605538e-05            0.00            0.00        2.777271       -1.579290             -100.00  
      11.000000       11.000000    2.244970e-05            0.00            0.00        4.774693        0.730710             -100.00  