!56cr -> 56mn, beta-decay
!Q=-2.128 MeV
!
!rhoY         temp           mu            dQ    VS     beta-decay-rate   nu-energy-loss   gamma-energy
!g/cm^3       K              1/s           erg   erg    1/s               erg/s            erg/s
1.000000e+01  1.000000e+07  -4.806530e-09  0.00  0.00   1.853532e-03      2.689741e-09     0.00  
1.000000e+01  1.000000e+08  -9.292624e-08  0.00  0.00   1.853532e-03      2.689741e-09     0.00  
1.000000e+01  2.000000e+08  -2.146917e-07  0.00  0.00   1.853532e-03      2.689741e-09     0.00  
1.000000e+01  4.000000e+08  -4.902661e-07  0.00  0.00   1.853532e-03      2.689741e-09     0.00  
1.000000e+01  7.000000e+08  -8.058948e-07  0.00  0.00   1.853532e-03      2.689741e-09     0.00  
1.000000e+01  1.000000e+09  -8.187123e-07  0.00  0.00   1.853532e-03      2.689741e-09     0.00  
1.000000e+01  1.500000e+09  -8.187123e-07  0.00  0.00   1.853532e-03      2.702156e-09     0.00  
1.000000e+01  2.000000e+09  -8.187123e-07  0.00  0.00   1.853532e-03      2.784264e-09     0.00  
1.000000e+01  3.000000e+09  -8.187123e-07  0.00  0.00   1.972423e-03      3.834515e-09     0.00  
1.000000e+01  5.000000e+09  -8.187123e-07  0.00  0.00   5.902011e-03      2.746062e-08     0.00  
1.000000e+01  1.000000e+10  -8.187123e-07  0.00  0.00   1.409289e-01      1.090713e-06     0.00  
1.000000e+01  3.000000e+10  -8.187123e-07  0.00  0.00   1.253141e+00      2.268352e-04     0.00  
1.000000e+01  1.000000e+11  -8.187123e-07  0.00  0.00   2.113489e+00      2.206533e-01     0.00  
1.000000e+02  1.000000e+07  -1.602177e-09  0.00  0.00   1.853532e-03      2.689741e-09     0.00  
1.000000e+02  1.000000e+08  -6.088271e-08  0.00  0.00   1.853532e-03      2.689741e-09     0.00  
1.000000e+02  2.000000e+08  -1.522068e-07  0.00  0.00   1.853532e-03      2.689741e-09     0.00  
1.000000e+02  4.000000e+08  -3.636941e-07  0.00  0.00   1.853532e-03      2.689741e-09     0.00  
1.000000e+02  7.000000e+08  -7.145708e-07  0.00  0.00   1.853532e-03      2.689741e-09     0.00  
1.000000e+02  1.000000e+09  -8.107014e-07  0.00  0.00   1.853532e-03      2.689741e-09     0.00  
1.000000e+02  1.500000e+09  -8.187123e-07  0.00  0.00   1.853532e-03      2.702156e-09     0.00  
1.000000e+02  2.000000e+09  -8.187123e-07  0.00  0.00   1.853532e-03      2.784264e-09     0.00  
1.000000e+02  3.000000e+09  -8.187123e-07  0.00  0.00   1.972423e-03      3.834515e-09     0.00  
1.000000e+02  5.000000e+09  -8.187123e-07  0.00  0.00   5.902011e-03      2.746062e-08     0.00  
1.000000e+02  1.000000e+10  -8.187123e-07  0.00  0.00   1.409289e-01      1.090713e-06     0.00  
1.000000e+02  3.000000e+10  -8.187123e-07  0.00  0.00   1.253141e+00      2.268352e-04     0.00  
1.000000e+02  1.000000e+11  -8.187123e-07  0.00  0.00   2.113489e+00      2.206533e-01     0.00  
1.000000e+03  1.000000e+07   3.204353e-09  0.00  0.00   1.853532e-03      2.683554e-09     0.00  
1.000000e+03  1.000000e+08  -2.883918e-08  0.00  0.00   1.853532e-03      2.689741e-09     0.00  
1.000000e+03  2.000000e+08  -8.811971e-08  0.00  0.00   1.853532e-03      2.689741e-09     0.00  
1.000000e+03  4.000000e+08  -2.355200e-07  0.00  0.00   1.853532e-03      2.689741e-09     0.00  
1.000000e+03  7.000000e+08  -5.030835e-07  0.00  0.00   1.853532e-03      2.689741e-09     0.00  
1.000000e+03  1.000000e+09  -7.450121e-07  0.00  0.00   1.853532e-03      2.689741e-09     0.00  
1.000000e+03  1.500000e+09  -8.107014e-07  0.00  0.00   1.853532e-03      2.702156e-09     0.00  
1.000000e+03  2.000000e+09  -8.171101e-07  0.00  0.00   1.853532e-03      2.784264e-09     0.00  
1.000000e+03  3.000000e+09  -8.187123e-07  0.00  0.00   1.972423e-03      3.834515e-09     0.00  
1.000000e+03  5.000000e+09  -8.187123e-07  0.00  0.00   5.902011e-03      2.746062e-08     0.00  
1.000000e+03  1.000000e+10  -8.187123e-07  0.00  0.00   1.409289e-01      1.090713e-06     0.00  
1.000000e+03  3.000000e+10  -8.187123e-07  0.00  0.00   1.253141e+00      2.268352e-04     0.00  
1.000000e+03  1.000000e+11  -8.187123e-07  0.00  0.00   2.113489e+00      2.206533e-01     0.00  
1.000000e+04  1.000000e+07   1.922612e-08  0.00  0.00   1.840772e-03      2.665081e-09     0.00  
1.000000e+04  1.000000e+08   8.010883e-09  0.00  0.00   1.845015e-03      2.671225e-09     0.00  
1.000000e+04  2.000000e+08  -2.082830e-08  0.00  0.00   1.845015e-03      2.671225e-09     0.00  
1.000000e+04  4.000000e+08  -1.073458e-07  0.00  0.00   1.849269e-03      2.677382e-09     0.00  
1.000000e+04  7.000000e+08  -2.787787e-07  0.00  0.00   1.849269e-03      2.683554e-09     0.00  
1.000000e+04  1.000000e+09  -4.838573e-07  0.00  0.00   1.849269e-03      2.683554e-09     0.00  
1.000000e+04  1.500000e+09  -7.434100e-07  0.00  0.00   1.849269e-03      2.695941e-09     0.00  
1.000000e+04  2.000000e+09  -7.962818e-07  0.00  0.00   1.853532e-03      2.777860e-09     0.00  
1.000000e+04  3.000000e+09  -8.123036e-07  0.00  0.00   1.972423e-03      3.825695e-09     0.00  
1.000000e+04  5.000000e+09  -8.171101e-07  0.00  0.00   5.902011e-03      2.746062e-08     0.00  
1.000000e+04  1.000000e+10  -8.187123e-07  0.00  0.00   1.409289e-01      1.090713e-06     0.00  
1.000000e+04  3.000000e+10  -8.187123e-07  0.00  0.00   1.253141e+00      2.268352e-04     0.00  
1.000000e+04  1.000000e+11  -8.187123e-07  0.00  0.00   2.113489e+00      2.206533e-01     0.00  
1.000000e+05  1.000000e+07   8.491536e-08  0.00  0.00   1.798871e-03      2.568682e-09     0.00  
1.000000e+05  1.000000e+08   8.331318e-08  0.00  0.00   1.798871e-03      2.568682e-09     0.00  
1.000000e+05  2.000000e+08   7.530230e-08  0.00  0.00   1.803018e-03      2.574604e-09     0.00  
1.000000e+05  4.000000e+08   4.165659e-08  0.00  0.00   1.811340e-03      2.592450e-09     0.00  
1.000000e+05  7.000000e+08  -4.165659e-08  0.00  0.00   1.819701e-03      2.610420e-09     0.00  
1.000000e+05  1.000000e+09  -1.570133e-07  0.00  0.00   1.823896e-03      2.628515e-09     0.00  
1.000000e+05  1.500000e+09  -3.941355e-07  0.00  0.00   1.832314e-03      2.646735e-09     0.00  
1.000000e+05  2.000000e+09  -6.136337e-07  0.00  0.00   1.840772e-03      2.720886e-09     0.00  
1.000000e+05  3.000000e+09  -7.626361e-07  0.00  0.00   1.967886e-03      3.747230e-09     0.00  
1.000000e+05  5.000000e+09  -8.042927e-07  0.00  0.00   5.902011e-03      2.733445e-08     0.00  
1.000000e+05  1.000000e+10  -8.155079e-07  0.00  0.00   1.409289e-01      1.090713e-06     0.00  
1.000000e+05  3.000000e+10  -8.187123e-07  0.00  0.00   1.253141e+00      2.268352e-04     0.00  
1.000000e+05  1.000000e+11  -8.187123e-07  0.00  0.00   2.113489e+00      2.206533e-01     0.00  
1.000000e+06  1.000000e+07   3.444680e-07  0.00  0.00   1.573983e-03      2.097541e-09     0.00  
1.000000e+06  1.000000e+08   3.428658e-07  0.00  0.00   1.573983e-03      2.097541e-09     0.00  
1.000000e+06  2.000000e+08   3.412636e-07  0.00  0.00   1.577611e-03      2.102376e-09     0.00  
1.000000e+06  4.000000e+08   3.316506e-07  0.00  0.00   1.581248e-03      2.116949e-09     0.00  
1.000000e+06  7.000000e+08   3.028114e-07  0.00  0.00   1.599558e-03      2.156306e-09     0.00  
1.000000e+06  1.000000e+09   2.579504e-07  0.00  0.00   1.618080e-03      2.201458e-09     0.00  
1.000000e+06  1.500000e+09   1.490024e-07  0.00  0.00   1.651962e-03      2.289341e-09     0.00  
1.000000e+06  2.000000e+09   1.602177e-09  0.00  0.00   1.694338e-03      2.402760e-09     0.00  
1.000000e+06  3.000000e+09  -3.396614e-07  0.00  0.00   1.883649e-03      3.248706e-09     0.00  
1.000000e+06  5.000000e+09  -6.729142e-07  0.00  0.00   5.861382e-03      2.604416e-08     0.00  
1.000000e+06  1.000000e+10  -7.866687e-07  0.00  0.00   1.409289e-01      1.083204e-06     0.00  
1.000000e+06  3.000000e+10  -8.155079e-07  0.00  0.00   1.253141e+00      2.263135e-04     0.00  
1.000000e+06  1.000000e+11  -8.187123e-07  0.00  0.00   2.113489e+00      2.206533e-01     0.00  
1.000000e+07  1.000000e+07   1.140750e-06  0.00  0.00   6.501297e-04      5.844003e-10     0.00  
1.000000e+07  1.000000e+08   1.139148e-06  0.00  0.00   6.516284e-04      5.857474e-10     0.00  
1.000000e+07  2.000000e+08   1.139148e-06  0.00  0.00   6.531306e-04      5.898076e-10     0.00  
1.000000e+07  4.000000e+08   1.134341e-06  0.00  0.00   6.591739e-04      6.021579e-10     0.00  
1.000000e+07  7.000000e+08   1.123126e-06  0.00  0.00   6.776415e-04      6.363710e-10     0.00  
1.000000e+07  1.000000e+09   1.103900e-06  0.00  0.00   7.063176e-04      6.881932e-10     0.00  
1.000000e+07  1.500000e+09   1.060641e-06  0.00  0.00   7.709035e-04      8.104205e-10     0.00  
1.000000e+07  2.000000e+09   9.965539e-07  0.00  0.00   8.609938e-04      9.878941e-10     0.00  
1.000000e+07  3.000000e+09   8.171101e-07  0.00  0.00   1.191242e-03      1.805969e-09     0.00  
1.000000e+07  5.000000e+09   2.996070e-07  0.00  0.00   5.357967e-03      2.017021e-08     0.00  
1.000000e+07  1.000000e+10  -5.046856e-07  0.00  0.00   1.396368e-01      1.020259e-06     0.00  
1.000000e+07  3.000000e+10  -7.850666e-07  0.00  0.00   1.253141e+00      2.247555e-04     0.00  
1.000000e+07  1.000000e+11  -8.155079e-07  0.00  0.00   2.113489e+00      2.206533e-01     0.00  
1.000000e+08  1.000000e+07   3.101814e-06  0.00  0.00   1.002305e-100     1.605870e-106    0.00  
1.000000e+08  1.000000e+08   3.101814e-06  0.00  0.00   2.280342e-30      9.369370e-38     0.00  
1.000000e+08  2.000000e+08   3.100212e-06  0.00  0.00   1.180321e-18      9.609712e-26     0.00  
1.000000e+08  4.000000e+08   3.098610e-06  0.00  0.00   2.349633e-12      3.755869e-19     0.00  
1.000000e+08  7.000000e+08   3.093803e-06  0.00  0.00   2.540973e-09      7.074739e-16     0.00  
1.000000e+08  1.000000e+09   3.085792e-06  0.00  0.00   6.486344e-08      2.695941e-14     0.00  
1.000000e+08  1.500000e+09   3.064964e-06  0.00  0.00   1.321296e-06      8.624033e-13     0.00  
1.000000e+08  2.000000e+09   3.036125e-06  0.00  0.00   8.356030e-06      7.615710e-12     0.00  
1.000000e+08  3.000000e+09   2.954414e-06  0.00  0.00   9.977001e-05      1.639496e-10     0.00  
1.000000e+08  5.000000e+09   2.693259e-06  0.00  0.00   2.890680e-03      1.020259e-08     0.00  
1.000000e+08  1.000000e+10   1.573337e-06  0.00  0.00   1.227439e-01      7.123778e-07     0.00  
1.000000e+08  3.000000e+10  -4.838573e-07  0.00  0.00   1.235947e+00      2.097541e-04     0.00  
1.000000e+08  1.000000e+11  -7.882709e-07  0.00  0.00   2.113489e+00      2.201458e-01     0.00  
1.000000e+09  1.000000e+07   7.480563e-06  0.00  0.00   1.002305e-100     1.605870e-106    0.00  
1.000000e+09  1.000000e+08   7.480563e-06  0.00  0.00   1.002305e-100     1.605870e-106    0.00  
1.000000e+09  2.000000e+08   7.480563e-06  0.00  0.00   1.238797e-83      1.048843e-90     0.00  
1.000000e+09  4.000000e+08   7.480563e-06  0.00  0.00   3.155005e-44      5.317535e-51     0.00  
1.000000e+09  7.000000e+08   7.477358e-06  0.00  0.00   6.223003e-27      1.966574e-33     0.00  
1.000000e+09  1.000000e+09   7.474154e-06  0.00  0.00   9.225714e-20      4.272779e-26     0.00  
1.000000e+09  1.500000e+09   7.464541e-06  0.00  0.00   6.382635e-14      4.728358e-20     0.00  
1.000000e+09  2.000000e+09   7.450121e-06  0.00  0.00   8.830799e-11      9.609712e-17     0.00  
1.000000e+09  3.000000e+09   7.413271e-06  0.00  0.00   2.471724e-07      4.272779e-13     0.00  
1.000000e+09  5.000000e+09   7.291506e-06  0.00  0.00   2.404363e-04      6.482020e-10     0.00  
1.000000e+09  1.000000e+10   6.724335e-06  0.00  0.00   4.178304e-02      1.810133e-07     0.00  
1.000000e+09  3.000000e+10   2.340780e-06  0.00  0.00   1.054387e+00      1.100805e-04     0.00  
1.000000e+09  1.000000e+11  -5.191052e-07  0.00  0.00   2.098940e+00      2.156306e-01     0.00  
1.000000e+10  1.000000e+07   1.699429e-05  0.00  0.00   1.002305e-100     1.605870e-106    0.00  
1.000000e+10  1.000000e+08   1.699429e-05  0.00  0.00   1.002305e-100     1.605870e-106    0.00  
1.000000e+10  2.000000e+08   1.699429e-05  0.00  0.00   1.002305e-100     1.605870e-106    0.00  
1.000000e+10  4.000000e+08   1.699429e-05  0.00  0.00   1.002305e-100     1.605870e-106    0.00  
1.000000e+10  7.000000e+08   1.699269e-05  0.00  0.00   8.165824e-68      2.337278e-74     0.00  
1.000000e+10  1.000000e+09   1.699108e-05  0.00  0.00   7.362071e-48      2.990270e-54     0.00  
1.000000e+10  1.500000e+09   1.698628e-05  0.00  0.00   4.055085e-32      2.441802e-38     0.00  
1.000000e+10  2.000000e+09   1.697987e-05  0.00  0.00   4.120975e-24      3.278766e-30     0.00  
1.000000e+10  3.000000e+09   1.696224e-05  0.00  0.00   5.847901e-16      6.818838e-22     0.00  
1.000000e+10  5.000000e+09   1.690617e-05  0.00  0.00   2.301442e-09      4.262952e-15     0.00  
1.000000e+10  1.000000e+10   1.664181e-05  0.00  0.00   1.538155e-04      4.974053e-10     0.00  
1.000000e+10  3.000000e+10   1.386203e-05  0.00  0.00   2.312065e-01      7.829074e-06     0.00  
1.000000e+10  1.000000e+11   2.164541e-06  0.00  0.00   1.963360e+00      1.781191e-01     0.00  
1.000000e+11  1.000000e+07   3.752778e-05  0.00  0.00   1.002305e-100     1.605870e-106    0.00  
1.000000e+11  1.000000e+08   3.752778e-05  0.00  0.00   1.002305e-100     1.605870e-106    0.00  
1.000000e+11  2.000000e+08   3.752778e-05  0.00  0.00   1.002305e-100     1.605870e-106    0.00  
1.000000e+11  4.000000e+08   3.752778e-05  0.00  0.00   1.002305e-100     1.605870e-106    0.00  
1.000000e+11  7.000000e+08   3.752618e-05  0.00  0.00   1.002305e-100     1.605870e-106    0.00  
1.000000e+11  1.000000e+09   3.752618e-05  0.00  0.00   1.002305e-100     1.605870e-106    0.00  
1.000000e+11  1.500000e+09   3.752298e-05  0.00  0.00   3.810658e-75      2.294618e-81     0.00  
1.000000e+11  2.000000e+09   3.752137e-05  0.00  0.00   2.233572e-56      1.773007e-62     0.00  
1.000000e+11  3.000000e+09   3.751176e-05  0.00  0.00   1.815516e-37      2.112080e-43     0.00  
1.000000e+11  5.000000e+09   3.748613e-05  0.00  0.00   2.851018e-22      5.268784e-28     0.00  
1.000000e+11  1.000000e+10   3.736436e-05  0.00  0.00   5.223962e-11      1.685429e-16     0.00  
1.000000e+11  3.000000e+10   3.605538e-05  0.00  0.00   1.584893e-03      4.024486e-08     0.00  
1.000000e+11  1.000000e+11   2.244810e-05  0.00  0.00   9.183326e-01      4.137237e-02     0.00  
