!56v -> 56ti, e- capture
!Q=7.611 MeV
!
!log(rhoY)    log(temp)     mu              dQ    Vs     log(e-cap-rate)        nu-energy-loss gamma-energy
!g/cm^3       log(K)        1/s             erg   erg    log(1/s)                    erg/s          erg/s
1.000000      7.000000      -4.806530e-09  0.00  0.00   -99.999000             1.605870e-106  0.00  
1.000000      8.000000      -9.292624e-08  0.00  0.00   -99.999000             1.605870e-106  0.00  
1.000000      8.301030      -2.146917e-07  0.00  0.00   -99.999000             1.605870e-106  0.00  
1.000000      8.602060      -4.902661e-07  0.00  0.00   -98.673000             3.562135e-106  0.00  
1.000000      8.845098      -8.058948e-07  0.00  0.00   -59.402000             1.176821e-66   0.00  
1.000000      9.000000      -8.187123e-07  0.00  0.00   -42.578000             1.131645e-49   0.00  
1.000000      9.176091      -8.187123e-07  0.00  0.00   -29.321000             3.116810e-36   0.00  
1.000000      9.301030      -8.187123e-07  0.00  0.00   -22.615000             2.151347e-29   0.00  
1.000000      9.477121      -8.187123e-07  0.00  0.00   -15.775000             2.299908e-22   0.00  
1.000000      9.698970      -8.187123e-07  0.00  0.00   -9.968000              2.604416e-16   0.00  
1.000000      10.000000     -8.187123e-07  0.00  0.00   -4.842000              7.703896e-11   0.00  
1.000000      10.477121     -8.187123e-07  0.00  0.00   0.199000               3.066976e-05   0.00  
1.000000      11.000000     -8.187123e-07  0.00  0.00   3.700000               3.417515e-01   0.00  
2.000000      7.000000      -1.602177e-09  0.00  0.00   -99.999000             1.605870e-106  0.00  
2.000000      8.000000      -6.088271e-08  0.00  0.00   -99.999000             1.605870e-106  0.00  
2.000000      8.301030      -1.522068e-07  0.00  0.00   -99.999000             1.605870e-106  0.00  
2.000000      8.602060      -3.636941e-07  0.00  0.00   -97.673000             3.562135e-105  0.00  
2.000000      8.845098      -7.145708e-07  0.00  0.00   -58.989000             3.045863e-66   0.00  
2.000000      9.000000      -8.107014e-07  0.00  0.00   -42.557000             1.187710e-49   0.00  
2.000000      9.176091      -8.187123e-07  0.00  0.00   -29.320000             3.131197e-36   0.00  
2.000000      9.301030      -8.187123e-07  0.00  0.00   -22.614000             2.151347e-29   0.00  
2.000000      9.477121      -8.187123e-07  0.00  0.00   -15.775000             2.299908e-22   0.00  
2.000000      9.698970      -8.187123e-07  0.00  0.00   -9.968000              2.604416e-16   0.00  
2.000000      10.000000     -8.187123e-07  0.00  0.00   -4.842000              7.703896e-11   0.00  
2.000000      10.477121     -8.187123e-07  0.00  0.00   0.199000               3.066976e-05   0.00  
2.000000      11.000000     -8.187123e-07  0.00  0.00   3.700000               3.417515e-01   0.00  
3.000000      7.000000       3.204353e-09  0.00  0.00   -99.999000             1.605870e-106  0.00  
3.000000      8.000000      -2.883918e-08  0.00  0.00   -99.999000             1.605870e-106  0.00  
3.000000      8.301030      -8.811971e-08  0.00  0.00   -99.999000             1.605870e-106  0.00  
3.000000      8.602060      -2.355200e-07  0.00  0.00   -96.672000             3.578577e-104  0.00  
3.000000      8.845098      -5.030835e-07  0.00  0.00   -58.041000             2.702156e-65   0.00  
3.000000      9.000000      -7.450121e-07  0.00  0.00   -42.351000             1.908580e-49   0.00  
3.000000      9.176091      -8.107014e-07  0.00  0.00   -29.305000             3.233779e-36   0.00  
3.000000      9.301030      -8.171101e-07  0.00  0.00   -22.611000             2.166259e-29   0.00  
3.000000      9.477121      -8.187123e-07  0.00  0.00   -15.775000             2.299908e-22   0.00  
3.000000      9.698970      -8.187123e-07  0.00  0.00   -9.968000              2.604416e-16   0.00  
3.000000      10.000000     -8.187123e-07  0.00  0.00   -4.842000              7.703896e-11   0.00  
3.000000      10.477121     -8.187123e-07  0.00  0.00   0.199000               3.066976e-05   0.00  
3.000000      11.000000     -8.187123e-07  0.00  0.00   3.700000               3.417515e-01   0.00  
4.000000      7.000000       1.922612e-08  0.00  0.00   -99.999000             1.605870e-106  0.00  
4.000000      8.000000       8.010883e-09  0.00  0.00   -99.999000             1.605870e-106  0.00  
4.000000      8.301030      -2.082830e-08  0.00  0.00   -99.999000             1.605870e-106  0.00  
4.000000      8.602060      -1.073458e-07  0.00  0.00   -95.654000             3.730013e-103  0.00  
4.000000      8.845098      -2.787787e-07  0.00  0.00   -57.035000             2.739747e-64   0.00  
4.000000      9.000000      -4.838573e-07  0.00  0.00   -41.529000             1.266807e-48   0.00  
4.000000      9.176091      -7.434100e-07  0.00  0.00   -29.163000             4.484462e-36   0.00  
4.000000      9.301030      -7.962818e-07  0.00  0.00   -22.580000             2.331903e-29   0.00  
4.000000      9.477121      -8.123036e-07  0.00  0.00   -15.770000             2.331903e-22   0.00  
4.000000      9.698970      -8.171101e-07  0.00  0.00   -9.967000              2.610420e-16   0.00  
4.000000      10.000000     -8.187123e-07  0.00  0.00   -4.842000              7.703896e-11   0.00  
4.000000      10.477121     -8.187123e-07  0.00  0.00   0.199000               3.066976e-05   0.00  
4.000000      11.000000     -8.187123e-07  0.00  0.00   3.700000               3.417515e-01   0.00  
5.000000      7.000000       8.491536e-08  0.00  0.00   -99.999000             1.605870e-106  0.00  
5.000000      8.000000       8.331318e-08  0.00  0.00   -99.999000             1.605870e-106  0.00  
5.000000      8.301030       7.530230e-08  0.00  0.00   -99.999000             1.605870e-106  0.00  
5.000000      8.602060       4.165659e-08  0.00  0.00   -94.484000             5.517094e-102  0.00  
5.000000      8.845098      -4.165659e-08  0.00  0.00   -55.968000             3.196763e-63   0.00  
5.000000      9.000000      -1.570133e-07  0.00  0.00   -40.498000             1.363673e-47   0.00  
5.000000      9.176091      -3.941355e-07  0.00  0.00   -28.430000             2.424992e-35   0.00  
5.000000      9.301030      -6.136337e-07  0.00  0.00   -22.291000             4.525957e-29   0.00  
5.000000      9.477121      -7.626361e-07  0.00  0.00   -15.716000             2.634574e-22   0.00  
5.000000      9.698970      -8.042927e-07  0.00  0.00   -9.959000              2.658951e-16   0.00  
5.000000      10.000000     -8.155079e-07  0.00  0.00   -4.841000              7.721655e-11   0.00  
5.000000      10.477121     -8.187123e-07  0.00  0.00   0.199000               3.066976e-05   0.00  
5.000000      11.000000     -8.187123e-07  0.00  0.00   3.700000               3.417515e-01   0.00  
6.000000      7.000000       3.444680e-07  0.00  0.00   -99.999000             1.605870e-106  0.00  
6.000000      8.000000       3.428658e-07  0.00  0.00   -99.999000             1.605870e-106  0.00  
6.000000      8.301030       3.412636e-07  0.00  0.00   -99.999000             1.605870e-106  0.00  
6.000000      8.602060       3.316506e-07  0.00  0.00   -92.212000             1.029699e-99   0.00  
6.000000      8.845098       3.028114e-07  0.00  0.00   -54.421000             1.126446e-61   0.00  
6.000000      9.000000       2.579504e-07  0.00  0.00   -39.196000             2.733445e-46   0.00  
6.000000      9.176091       1.490024e-07  0.00  0.00   -27.294000             3.324378e-34   0.00  
6.000000      9.301030       1.602177e-09  0.00  0.00   -21.325000             4.194792e-28   0.00  
6.000000      9.477121      -3.396614e-07  0.00  0.00   -15.274000             7.306517e-22   0.00  
6.000000      9.698970      -6.729142e-07  0.00  0.00   -9.876000              3.218922e-16   0.00  
6.000000      10.000000     -7.866687e-07  0.00  0.00   -4.832000              7.883342e-11   0.00  
6.000000      10.477121     -8.155079e-07  0.00  0.00   0.200000               3.074046e-05   0.00  
6.000000      11.000000     -8.187123e-07  0.00  0.00   3.700000               3.417515e-01   0.00  
7.000000      7.000000       1.140750e-06  0.00  0.00   -99.999000             1.605870e-106  0.00  
7.000000      8.000000       1.139148e-06  0.00  0.00   -99.999000             1.605870e-106  0.00  
7.000000      8.301030       1.139148e-06  0.00  0.00   -99.999000             1.605870e-106  0.00  
7.000000      8.602060       1.134341e-06  0.00  0.00   -85.896000             2.131623e-93   0.00  
7.000000      8.845098       1.123126e-06  0.00  0.00   -50.740000             5.391510e-58   0.00  
7.000000      9.000000       1.103900e-06  0.00  0.00   -36.538000             1.237971e-43   0.00  
7.000000      9.176091       1.060641e-06  0.00  0.00   -25.389000             2.665081e-32   0.00  
7.000000      9.301030       9.965539e-07  0.00  0.00   -19.765000             1.523037e-26   0.00  
7.000000      9.477121       8.171101e-07  0.00  0.00   -14.064000             1.184978e-20   0.00  
7.000000      9.698970       2.996070e-07  0.00  0.00   -9.267000              1.308309e-15   0.00  
7.000000      10.000000     -5.046856e-07  0.00  0.00   -4.744000              9.654069e-11   0.00  
7.000000      10.477121     -7.850666e-07  0.00  0.00   0.203000               3.095354e-05   0.00  
7.000000      11.000000     -8.155079e-07  0.00  0.00   3.701000               3.417515e-01   0.00  
8.000000      7.000000       3.101814e-06  0.00  0.00   -99.999000             1.605870e-106  0.00  
8.000000      8.000000       3.101814e-06  0.00  0.00   -99.999000             1.605870e-106  0.00  
8.000000      8.301030       3.100212e-06  0.00  0.00   -99.999000             1.605870e-106  0.00  
8.000000      8.602060       3.098610e-06  0.00  0.00   -70.477000             5.606740e-78   0.00  
8.000000      8.845098       3.093803e-06  0.00  0.00   -41.907000             3.695816e-49   0.00  
8.000000      9.000000       3.085792e-06  0.00  0.00   -30.325000             2.040377e-37   0.00  
8.000000      9.176091       3.064964e-06  0.00  0.00   -21.199000             4.137237e-28   0.00  
8.000000      9.301030       3.036125e-06  0.00  0.00   -16.573000             2.358905e-23   0.00  
8.000000      9.477121       2.954414e-06  0.00  0.00   -11.842000             1.966574e-18   0.00  
8.000000      9.698970       2.693259e-06  0.00  0.00   -7.778000              4.043062e-14   0.00  
8.000000      10.000000      1.573337e-06  0.00  0.00   -4.096000              4.272779e-10   0.00  
8.000000      10.477121     -4.838573e-07  0.00  0.00   0.234000               3.324378e-05   0.00  
8.000000      11.000000     -7.882709e-07  0.00  0.00   3.701000               3.425393e-01   0.00  
9.000000      7.000000       7.480563e-06  0.00  0.00   -99.999000             1.605870e-106  0.00  
9.000000      8.000000       7.480563e-06  0.00  0.00   -99.999000             1.605870e-106  0.00  
9.000000      8.301030       7.480563e-06  0.00  0.00   -67.597000             2.102376e-75   0.00  
9.000000      8.602060       7.480563e-06  0.00  0.00   -36.117000             1.278528e-43   0.00  
9.000000      8.845098       7.477358e-06  0.00  0.00   -22.303000             1.484945e-29   0.00  
9.000000      9.000000       7.474154e-06  0.00  0.00   -16.617000             1.044024e-23   0.00  
9.000000      9.176091       7.464541e-06  0.00  0.00   -12.068000             5.593845e-19   0.00  
9.000000      9.301030       7.450121e-06  0.00  0.00   -9.724000              1.666136e-16   0.00  
9.000000      9.477121       7.413271e-06  0.00  0.00   -7.260000              7.493943e-14   0.00  
9.000000      9.698970       7.291506e-06  0.00  0.00   -4.971000              2.580539e-11   0.00  
9.000000      10.000000      6.724335e-06  0.00  0.00   -2.525000              1.583837e-08   0.00  
9.000000      10.477121      2.340780e-06  0.00  0.00   0.524000               6.496963e-05   0.00  
9.000000      11.000000     -5.191052e-07  0.00  0.00   3.710000               3.489076e-01   0.00  
10.000000     7.000000       1.699429e-05  0.00  0.00   -0.942000              2.665081e-07   0.00  
10.000000     8.000000       1.699429e-05  0.00  0.00   -0.903000              3.081133e-07   0.00  
10.000000     8.301030       1.699429e-05  0.00  0.00   -0.631000              7.340242e-07   0.00  
10.000000     8.602060       1.699429e-05  0.00  0.00   -0.316000              1.708875e-06   0.00  
10.000000     8.845098       1.699269e-05  0.00  0.00   -0.164000              2.504439e-06   0.00  
10.000000     9.000000       1.699108e-05  0.00  0.00   -0.106000              2.888753e-06   0.00  
10.000000     9.176091       1.698628e-05  0.00  0.00   -0.076000              3.095354e-06   0.00  
10.000000     9.301030       1.697987e-05  0.00  0.00   -0.079000              3.059922e-06   0.00  
10.000000     9.477121       1.696224e-05  0.00  0.00   -0.097000              2.956041e-06   0.00  
10.000000     9.698970       1.690617e-05  0.00  0.00   -0.058000              3.481051e-06   0.00  
10.000000     10.000000      1.664181e-05  0.00  0.00   0.303000               1.166032e-05   0.00  
10.000000     10.477121      1.386203e-05  0.00  0.00   1.662000               9.114029e-04   0.00  
10.000000     11.000000      2.164541e-06  0.00  0.00   3.792000               4.223869e-01   0.00  
11.000000     7.000000       3.752778e-05  0.00  0.00   3.103000               2.068761e-02   0.00  
11.000000     8.000000       3.752778e-05  0.00  0.00   3.105000               2.078310e-02   0.00  
11.000000     8.301030       3.752778e-05  0.00  0.00   3.127000               2.211619e-02   0.00  
11.000000     8.602060       3.752778e-05  0.00  0.00   3.172000               2.504439e-02   0.00  
11.000000     8.845098       3.752618e-05  0.00  0.00   3.206000               2.752393e-02   0.00  
11.000000     9.000000       3.752618e-05  0.00  0.00   3.226000               2.895412e-02   0.00  
11.000000     9.176091       3.752298e-05  0.00  0.00   3.244000               3.031869e-02   0.00  
11.000000     9.301030       3.752137e-05  0.00  0.00   3.252000               3.095354e-02   0.00  
11.000000     9.477121       3.751176e-05  0.00  0.00   3.254000               3.109642e-02   0.00  
11.000000     9.698970       3.748613e-05  0.00  0.00   3.249000               3.074046e-02   0.00  
11.000000     10.000000      3.736436e-05  0.00  0.00   3.250000               3.174756e-02   0.00  
11.000000     10.477121      3.605538e-05  0.00  0.00   3.444000               7.123778e-02   0.00  
11.000000     11.000000      2.244810e-05  0.00  0.00   4.399000               1.760801e+00   0.00  
