!47ca -> 47sc, beta-decay
!Q=-2.5029 MeV
!
!Log(rhoY)    Log(temp)     mu             dQ    VS     Log(beta-decay-rate)    Log(nu-energy-loss)  Log(gamma-energy)
!Log(g/cm^3)  Log(K)        erg            erg   erg    Log(1/s)                Log(erg/s)           Log(erg/s)
1.000000      7.000000      -4.806530e-09  0.00  0.00   -5.732000              -1.177729e+01         -100.00
1.000000      8.000000      -9.292624e-08  0.00  0.00   -5.732000              -1.177729e+01         -100.00
1.000000      8.301030      -2.146917e-07  0.00  0.00   -5.732000              -1.177729e+01         -100.00
1.000000      8.602060      -4.902661e-07  0.00  0.00   -5.732000              -1.177729e+01         -100.00
1.000000      8.845098      -8.058948e-07  0.00  0.00   -5.731987              -1.177729e+01         -100.00
1.000000      9.000000      -8.187123e-07  0.00  0.00   -5.731539              -1.177629e+01         -100.00
1.000000      9.176091      -8.187123e-07  0.00  0.00   -5.723682              -1.175329e+01         -100.00
1.000000      9.301030      -8.187123e-07  0.00  0.00   -5.671025              -1.162429e+01         -100.00
1.000000      9.477121      -8.187123e-07  0.00  0.00   -5.191058              -1.087729e+01         -100.00
1.000000      9.698970      -8.187123e-07  0.00  0.00   -3.722913              -9.190290e+00         -100.00
1.000000      10.000000     -8.187123e-07  0.00  0.00   -1.571767              -6.776290e+00         -100.00
1.000000      10.477121     -8.187123e-07  0.00  0.00   0.708665               -4.009290e+00         -100.00
1.000000      11.000000     -8.187123e-07  0.00  0.00   2.960073               -1.216290e+00         -100.00
2.000000      7.000000      -1.602177e-09  0.00  0.00   -5.732000              -1.177729e+01         -100.00
2.000000      8.000000      -6.088271e-08  0.00  0.00   -5.732000              -1.177729e+01         -100.00
2.000000      8.301030      -1.522068e-07  0.00  0.00   -5.732000              -1.177729e+01         -100.00
2.000000      8.602060      -3.636941e-07  0.00  0.00   -5.732000              -1.177729e+01         -100.00
2.000000      8.845098      -7.145708e-07  0.00  0.00   -5.731995              -1.177729e+01         -100.00
2.000000      9.000000      -8.107014e-07  0.00  0.00   -5.731561              -1.177629e+01         -100.00
2.000000      9.176091      -8.187123e-07  0.00  0.00   -5.723705              -1.175329e+01         -100.00
2.000000      9.301030      -8.187123e-07  0.00  0.00   -5.671025              -1.162429e+01         -100.00
2.000000      9.477121      -8.187123e-07  0.00  0.00   -5.191058              -1.087829e+01         -100.00
2.000000      9.698970      -8.187123e-07  0.00  0.00   -3.722913              -9.190290e+00         -100.00
2.000000      10.000000     -8.187123e-07  0.00  0.00   -1.571767              -6.776290e+00         -100.00
2.000000      10.477121     -8.187123e-07  0.00  0.00   0.708665               -4.009290e+00         -100.00
2.000000      11.000000     -8.187123e-07  0.00  0.00   2.960073               -1.216290e+00         -100.00
3.000000      7.000000       3.204353e-09  0.00  0.00   -5.733000              -1.177929e+01         -100.00
3.000000      8.000000      -2.883918e-08  0.00  0.00   -5.732000              -1.177829e+01         -100.00
3.000000      8.301030      -8.811971e-08  0.00  0.00   -5.732000              -1.177829e+01         -100.00
3.000000      8.602060      -2.355200e-07  0.00  0.00   -5.732000              -1.177829e+01         -100.00
3.000000      8.845098      -5.030835e-07  0.00  0.00   -5.731999              -1.177829e+01         -100.00
3.000000      9.000000      -7.450121e-07  0.00  0.00   -5.731727              -1.177729e+01         -100.00
3.000000      9.176091      -8.107014e-07  0.00  0.00   -5.724051              -1.175429e+01         -100.00
3.000000      9.301030      -8.171101e-07  0.00  0.00   -5.671447              -1.162529e+01         -100.00
3.000000      9.477121      -8.187123e-07  0.00  0.00   -5.191711              -1.087829e+01         -100.00
3.000000      9.698970      -8.187123e-07  0.00  0.00   -3.722913              -9.190290e+00         -100.00
3.000000      10.000000     -8.187123e-07  0.00  0.00   -1.571767              -6.776290e+00         -100.00
3.000000      10.477121     -8.187123e-07  0.00  0.00   0.708665               -4.009290e+00         -100.00
3.000000      11.000000     -8.187123e-07  0.00  0.00   2.960073               -1.216290e+00         -100.00
4.000000      7.000000       1.922612e-08  0.00  0.00   -5.740000              -1.178829e+01         -100.00
4.000000      8.000000       8.010883e-09  0.00  0.00   -5.738000              -1.178529e+01         -100.00
4.000000      8.301030      -2.082830e-08  0.00  0.00   -5.737000              -1.178329e+01         -100.00
4.000000      8.602060      -1.073458e-07  0.00  0.00   -5.735000              -1.178129e+01         -100.00
4.000000      8.845098      -2.787787e-07  0.00  0.00   -5.734000              -1.178029e+01         -100.00
4.000000      9.000000      -4.838573e-07  0.00  0.00   -5.733959              -1.177929e+01         -100.00
4.000000      9.176091      -7.434100e-07  0.00  0.00   -5.726786              -1.176129e+01         -100.00
4.000000      9.301030      -7.962818e-07  0.00  0.00   -5.675790              -1.163529e+01         -100.00
4.000000      9.477121      -8.123036e-07  0.00  0.00   -5.195317              -1.088229e+01         -100.00
4.000000      9.698970      -8.171101e-07  0.00  0.00   -3.723696              -9.191290e+00         -100.00
4.000000      10.000000     -8.187123e-07  0.00  0.00   -1.571767              -6.776290e+00         -100.00
4.000000      10.477121     -8.187123e-07  0.00  0.00   0.708665               -4.009290e+00         -100.00
4.000000      11.000000     -8.187123e-07  0.00  0.00   2.960073               -1.216290e+00         -100.00
5.000000      7.000000       8.491536e-08  0.00  0.00   -5.773000              -1.182929e+01         -100.00
5.000000      8.000000       8.331318e-08  0.00  0.00   -5.772000              -1.182729e+01         -100.00
5.000000      8.301030       7.530230e-08  0.00  0.00   -5.769000              -1.182329e+01         -100.00
5.000000      8.602060       4.165659e-08  0.00  0.00   -5.763000              -1.181529e+01         -100.00
5.000000      8.845098      -4.165659e-08  0.00  0.00   -5.756000              -1.180629e+01         -100.00
5.000000      9.000000      -1.570133e-07  0.00  0.00   -5.750996              -1.179929e+01         -100.00
5.000000      9.176091      -3.941355e-07  0.00  0.00   -5.744619              -1.178929e+01         -100.00
5.000000      9.301030      -6.136337e-07  0.00  0.00   -5.710804              -1.170429e+01         -100.00
5.000000      9.477121      -7.626361e-07  0.00  0.00   -5.229810              -1.092229e+01         -100.00
5.000000      9.698970      -8.042927e-07  0.00  0.00   -3.729947              -9.197290e+00         -100.00
5.000000      10.000000     -8.155079e-07  0.00  0.00   -1.572354              -6.777290e+00         -100.00
5.000000      10.477121     -8.187123e-07  0.00  0.00   0.708665               -4.009290e+00         -100.00
5.000000      11.000000     -8.187123e-07  0.00  0.00   2.960073               -1.216290e+00         -100.00
6.000000      7.000000       3.444680e-07  0.00  0.00   -5.962000              -1.204029e+01         -100.00
6.000000      8.000000       3.428658e-07  0.00  0.00   -5.961000              -1.203929e+01         -100.00
6.000000      8.301030       3.412636e-07  0.00  0.00   -5.958000              -1.203629e+01         -100.00
6.000000      8.602060       3.316506e-07  0.00  0.00   -5.948000              -1.202229e+01         -100.00
6.000000      8.845098       3.028114e-07  0.00  0.00   -5.925000              -1.199229e+01         -100.00
6.000000      9.000000       2.579504e-07  0.00  0.00   -5.899000              -1.195929e+01         -100.00
6.000000      9.176091       1.490024e-07  0.00  0.00   -5.859869              -1.191329e+01         -100.00
6.000000      9.301030       1.602177e-09  0.00  0.00   -5.823486              -1.186229e+01         -100.00
6.000000      9.477121      -3.396614e-07  0.00  0.00   -5.469876              -1.121229e+01         -100.00
6.000000      9.698970      -6.729142e-07  0.00  0.00   -3.793763              -9.254290e+00         -100.00
6.000000      10.000000     -7.866687e-07  0.00  0.00   -1.578029              -6.782290e+00         -100.00
6.000000      10.477121     -8.155079e-07  0.00  0.00   0.707700               -4.010290e+00         -100.00
6.000000      11.000000     -8.187123e-07  0.00  0.00   2.960073               -1.216290e+00         -100.00
7.000000      7.000000       1.140750e-06  0.00  0.00   -6.790000              -1.264329e+01         -100.00
7.000000      8.000000       1.139148e-06  0.00  0.00   -6.790000              -1.264329e+01         -100.00
7.000000      8.301030       1.139148e-06  0.00  0.00   -6.789000              -1.264229e+01         -100.00
7.000000      8.602060       1.134341e-06  0.00  0.00   -6.783000              -1.263829e+01         -100.00
7.000000      8.845098       1.123126e-06  0.00  0.00   -6.753000              -1.262429e+01         -100.00
7.000000      9.000000       1.103900e-06  0.00  0.00   -6.696000              -1.259629e+01         -100.00
7.000000      9.176091       1.060641e-06  0.00  0.00   -6.561992              -1.251629e+01         -100.00
7.000000      9.301030       9.965539e-07  0.00  0.00   -6.415523              -1.239729e+01         -100.00
7.000000      9.477121       8.171101e-07  0.00  0.00   -5.949243              -1.169129e+01         -100.00
7.000000      9.698970       2.996070e-07  0.00  0.00   -4.165407              -9.574290e+00         -100.00
7.000000      10.000000     -5.046856e-07  0.00  0.00   -1.628469              -6.834290e+00         -100.00
7.000000      10.477121     -7.850666e-07  0.00  0.00   0.704807               -4.013290e+00         -100.00
7.000000      11.000000     -8.155079e-07  0.00  0.00   2.960073               -1.216290e+00         -100.00
8.000000      7.000000       3.101814e-06  0.00  0.00   -10.465000             -1.763629e+01         -100.00
8.000000      8.000000       3.101814e-06  0.00  0.00   -10.376000             -1.746629e+01         -100.00
8.000000      8.301030       3.100212e-06  0.00  0.00   -10.183000             -1.713229e+01         -100.00
8.000000      8.602060       3.098610e-06  0.00  0.00   -9.780000              -1.650429e+01         -100.00
8.000000      8.845098       3.093803e-06  0.00  0.00   -9.311000              -1.582429e+01         -100.00
8.000000      9.000000       3.085792e-06  0.00  0.00   -8.966000              -1.534129e+01         -100.00
8.000000      9.176091       3.064964e-06  0.00  0.00   -8.543000              -1.475729e+01         -100.00
8.000000      9.301030       3.036125e-06  0.00  0.00   -8.110985              -1.410829e+01         -100.00
8.000000      9.477121       2.954414e-06  0.00  0.00   -6.713943              -1.235529e+01         -100.00
8.000000      9.698970       2.693259e-06  0.00  0.00   -4.563096              -9.927290e+00         -100.00
8.000000      10.000000      1.573337e-06  0.00  0.00   -1.894947              -7.117290e+00         -100.00
8.000000      10.477121     -4.838573e-07  0.00  0.00   0.674726               -4.044290e+00         -100.00
8.000000      11.000000     -7.882709e-07  0.00  0.00   2.959073               -1.217290e+00         -100.00
9.000000      7.000000       7.480563e-06  0.00  0.00   -99.697970             -1.057943e+02         -100.00
9.000000      8.000000       7.480563e-06  0.00  0.00   -99.697970             -1.057943e+02         -100.00
9.000000      8.301030       7.480563e-06  0.00  0.00   -77.753000             -8.448129e+01         -100.00
9.000000      8.602060       7.480563e-06  0.00  0.00   -42.056000             -4.865229e+01         -100.00
9.000000      8.845098       7.477358e-06  0.00  0.00   -26.507000             -3.289729e+01         -100.00
9.000000      9.000000       7.474154e-06  0.00  0.00   -19.979000             -2.617729e+01         -100.00
9.000000      9.176091       7.464541e-06  0.00  0.00   -14.603000             -2.065429e+01         -100.00
9.000000      9.301030       7.450121e-06  0.00  0.00   -11.785000             -1.774229e+01         -100.00
9.000000      9.477121       7.413271e-06  0.00  0.00   -8.668998              -1.437629e+01         -100.00
9.000000      9.698970       7.291506e-06  0.00  0.00   -5.352884              -1.081229e+01         -100.00
9.000000      10.000000      6.724335e-06  0.00  0.00   -2.385819              -7.722290e+00         -100.00
9.000000      10.477121      2.340780e-06  0.00  0.00   0.392477               -4.334290e+00         -100.00
9.000000      11.000000     -5.191052e-07  0.00  0.00   2.951073               -1.225290e+00         -100.00
10.000000     7.000000       1.699429e-05  0.00  0.00   -99.697970             -1.057943e+02         -100.00
10.000000     8.000000       1.699429e-05  0.00  0.00   -99.697970             -1.057943e+02         -100.00
10.000000     8.301030       1.699429e-05  0.00  0.00   -99.697970             -1.057943e+02         -100.00
10.000000     8.602060       1.699429e-05  0.00  0.00   -99.697970             -1.057943e+02         -100.00
10.000000     8.845098       1.699269e-05  0.00  0.00   -65.978000             -7.252129e+01         -100.00
10.000000     9.000000       1.699108e-05  0.00  0.00   -46.909000             -5.330029e+01         -100.00
10.000000     9.176091       1.698628e-05  0.00  0.00   -31.915000             -3.813529e+01         -100.00
10.000000     9.301030       1.697987e-05  0.00  0.00   -24.310000             -3.041029e+01         -100.00
10.000000     9.477121       1.696224e-05  0.00  0.00   -16.547000             -2.248129e+01         -100.00
10.000000     9.698970       1.690617e-05  0.00  0.00   -10.063995             -1.579929e+01         -100.00
10.000000     10.000000      1.664181e-05  0.00  0.00   -4.835476              -1.033429e+01         -100.00
10.000000     10.477121      1.386203e-05  0.00  0.00   -0.756030              -5.523290e+00         -100.00
10.000000     11.000000      2.164541e-06  0.00  0.00   2.868082               -1.309290e+00         -100.00
11.000000     7.000000       3.752778e-05  0.00  0.00   -99.697970             -1.057943e+02         -100.00
11.000000     8.000000       3.752778e-05  0.00  0.00   -99.697970             -1.057943e+02         -100.00
11.000000     8.301030       3.752778e-05  0.00  0.00   -99.697970             -1.057943e+02         -100.00
11.000000     8.602060       3.752778e-05  0.00  0.00   -99.697970             -1.057943e+02         -100.00
11.000000     8.845098       3.752618e-05  0.00  0.00   -99.697970             -1.057943e+02         -100.00
11.000000     9.000000       3.752618e-05  0.00  0.00   -99.697970             -1.057943e+02         -100.00
11.000000     9.176091       3.752298e-05  0.00  0.00   -74.967000             -8.118729e+01         -100.00
11.000000     9.301030       3.752137e-05  0.00  0.00   -56.600000             -6.270129e+01         -100.00
11.000000     9.477121       3.751176e-05  0.00  0.00   -38.078000             -4.401329e+01         -100.00
11.000000     9.698970       3.748613e-05  0.00  0.00   -22.994995             -2.873129e+01         -100.00
11.000000     10.000000      3.736436e-05  0.00  0.00   -11.334541             -1.683529e+01         -100.00
11.000000     10.477121      3.605538e-05  0.00  0.00   -3.063061              -7.845290e+00         -100.00
11.000000     11.000000      2.244810e-05  0.00  0.00   2.236147               -1.944290e+00         -100.00
