!58ni -> 58co, e- capture
!Q=0.892 MeV
!
!Log(rhoY)    Log(temp)     mu              dQ    Vs     Log(e-cap-rate)        Log(nu-energy-loss)  Log(gamma-energy)
!Log(g/cm^3)  Log(K)        erg             erg   erg    Log(1/s)               Log(erg/s)           Log(erg/s)
1.000000      7.000000      -4.806530e-09  0.00  0.00   -99.697970             -1.057943e+02         -100.00
1.000000      8.000000      -9.292624e-08  0.00  0.00   -82.570875             -8.840129e+01         -100.00
1.000000      8.301030      -2.146917e-07  0.00  0.00   -46.069828             -5.189529e+01         -100.00
1.000000      8.602060      -4.902661e-07  0.00  0.00   -27.850781             -3.368329e+01         -100.00
1.000000      8.845098      -8.058948e-07  0.00  0.00   -19.383589             -2.522929e+01         -100.00
1.000000      9.000000      -8.187123e-07  0.00  0.00   -14.892951             -2.074629e+01         -100.00
1.000000      9.176091      -8.187123e-07  0.00  0.00   -11.169492             -1.700829e+01         -100.00
1.000000      9.301030      -8.187123e-07  0.00  0.00   -9.133311              -1.493329e+01         -100.00
1.000000      9.477121      -8.187123e-07  0.00  0.00   -6.751420              -1.244529e+01         -100.00
1.000000      9.698970      -8.187123e-07  0.00  0.00   -4.181395              -9.661290e+00         -100.00
1.000000      10.000000     -8.187123e-07  0.00  0.00   -1.398025              -6.541290e+00         -100.00
1.000000      10.477121     -8.187123e-07  0.00  0.00   1.761496               -2.927290e+00         -100.00
1.000000      11.000000     -8.187123e-07  0.00  0.00   4.587058               4.167104e-01          -100.00
2.000000      7.000000      -1.602177e-09  0.00  0.00   -99.697970             -1.057943e+02         -100.00
2.000000      8.000000      -6.088271e-08  0.00  0.00   -81.571987             -8.740229e+01         -100.00
2.000000      8.301030      -1.522068e-07  0.00  0.00   -45.069983             -5.089529e+01         -100.00
2.000000      8.602060      -3.636941e-07  0.00  0.00   -26.851978             -3.268329e+01         -100.00
2.000000      8.845098      -7.145708e-07  0.00  0.00   -18.972294             -2.481729e+01         -100.00
2.000000      9.000000      -8.107014e-07  0.00  0.00   -14.871345             -2.072429e+01         -100.00
2.000000      9.176091      -8.187123e-07  0.00  0.00   -11.167540             -1.700729e+01         -100.00
2.000000      9.301030      -8.187123e-07  0.00  0.00   -9.133311              -1.493329e+01         -100.00
2.000000      9.477121      -8.187123e-07  0.00  0.00   -6.751420              -1.244529e+01         -100.00
2.000000      9.698970      -8.187123e-07  0.00  0.00   -4.181395              -9.661290e+00         -100.00
2.000000      10.000000     -8.187123e-07  0.00  0.00   -1.398025              -6.541290e+00         -100.00
2.000000      10.477121     -8.187123e-07  0.00  0.00   1.761496               -2.927290e+00         -100.00
2.000000      11.000000     -8.187123e-07  0.00  0.00   4.587058               4.167104e-01          -100.00
3.000000      7.000000       3.204353e-09  0.00  0.00   -99.697970             -1.057943e+02         -100.00
3.000000      8.000000      -2.883918e-08  0.00  0.00   -80.576999             -8.640829e+01         -100.00
3.000000      8.301030      -8.811971e-08  0.00  0.00   -44.071998             -4.989729e+01         -100.00
3.000000      8.602060      -2.355200e-07  0.00  0.00   -25.851998             -3.168329e+01         -100.00
3.000000      8.845098      -5.030835e-07  0.00  0.00   -18.026807             -2.387029e+01         -100.00
3.000000      9.000000      -7.450121e-07  0.00  0.00   -14.668220             -2.052029e+01         -100.00
3.000000      9.176091      -8.107014e-07  0.00  0.00   -11.153868             -1.699329e+01         -100.00
3.000000      9.301030      -8.171101e-07  0.00  0.00   -9.130397              -1.493029e+01         -100.00
3.000000      9.477121      -8.187123e-07  0.00  0.00   -6.750466              -1.244529e+01         -100.00
3.000000      9.698970      -8.187123e-07  0.00  0.00   -4.181395              -9.660290e+00         -100.00
3.000000      10.000000     -8.187123e-07  0.00  0.00   -1.398025              -6.541290e+00         -100.00
3.000000      10.477121     -8.187123e-07  0.00  0.00   1.761496               -2.927290e+00         -100.00
3.000000      11.000000     -8.187123e-07  0.00  0.00   4.587058               4.167104e-01          -100.00
4.000000      7.000000       1.922612e-08  0.00  0.00   -99.697970             -1.057943e+02         -100.00
4.000000      8.000000       8.010883e-09  0.00  0.00   -79.617000             -8.545929e+01         -100.00
4.000000      8.301030      -2.082830e-08  0.00  0.00   -43.087000             -4.891529e+01         -100.00
4.000000      8.602060      -1.073458e-07  0.00  0.00   -24.855000             -3.068829e+01         -100.00
4.000000      8.845098      -2.787787e-07  0.00  0.00   -17.027981             -2.287229e+01         -100.00
4.000000      9.000000      -4.838573e-07  0.00  0.00   -13.853272             -1.970329e+01         -100.00
4.000000      9.176091      -7.434100e-07  0.00  0.00   -11.015653             -1.685329e+01         -100.00
4.000000      9.301030      -7.962818e-07  0.00  0.00   -9.099280              -1.489929e+01         -100.00
4.000000      9.477121      -8.123036e-07  0.00  0.00   -6.745695              -1.244029e+01         -100.00
4.000000      9.698970      -8.171101e-07  0.00  0.00   -4.180527              -9.660290e+00         -100.00
4.000000      10.000000     -8.187123e-07  0.00  0.00   -1.398025              -6.541290e+00         -100.00
4.000000      10.477121     -8.187123e-07  0.00  0.00   1.761496               -2.927290e+00         -100.00
4.000000      11.000000     -8.187123e-07  0.00  0.00   4.587058               4.167104e-01          -100.00
5.000000      7.000000       8.491536e-08  0.00  0.00   -99.697970             -1.057943e+02         -100.00
5.000000      8.000000       8.331318e-08  0.00  0.00   -78.278000             -8.461029e+01         -100.00
5.000000      8.301030       7.530230e-08  0.00  0.00   -42.130000             -4.801029e+01         -100.00
5.000000      8.602060       4.165659e-08  0.00  0.00   -23.873000             -2.972129e+01         -100.00
5.000000      8.845098      -4.165659e-08  0.00  0.00   -16.026998             -2.187829e+01         -100.00
5.000000      9.000000      -1.570133e-07  0.00  0.00   -12.851927             -1.870529e+01         -100.00
5.000000      9.176091      -3.941355e-07  0.00  0.00   -10.297603             -1.613329e+01         -100.00
5.000000      9.301030      -6.136337e-07  0.00  0.00   -8.819866              -1.461829e+01         -100.00
5.000000      9.477121      -7.626361e-07  0.00  0.00   -6.694940              -1.238929e+01         -100.00
5.000000      9.698970      -8.042927e-07  0.00  0.00   -4.173574              -9.653290e+00         -100.00
5.000000      10.000000     -8.155079e-07  0.00  0.00   -1.397166              -6.541290e+00         -100.00
5.000000      10.477121     -8.187123e-07  0.00  0.00   1.761496               -2.927290e+00         -100.00
5.000000      11.000000     -8.187123e-07  0.00  0.00   4.587058               4.167104e-01          -100.00
6.000000      7.000000       3.444680e-07  0.00  0.00   -99.697970             -1.057943e+02         -100.00
6.000000      8.000000       3.428658e-07  0.00  0.00   -70.226000             -7.760529e+01         -100.00
6.000000      8.301030       3.412636e-07  0.00  0.00   -38.707000             -4.576229e+01         -100.00
6.000000      8.602060       3.316506e-07  0.00  0.00   -22.392000             -2.865529e+01         -100.00
6.000000      8.845098       3.028114e-07  0.00  0.00   -14.886000             -2.084129e+01         -100.00
6.000000      9.000000       2.579504e-07  0.00  0.00   -11.761994             -1.765829e+01         -100.00
6.000000      9.176091       1.490024e-07  0.00  0.00   -9.244876              -1.509229e+01         -100.00
6.000000      9.301030       1.602177e-09  0.00  0.00   -7.894275              -1.369429e+01         -100.00
6.000000      9.477121      -3.396614e-07  0.00  0.00   -6.271233              -1.196529e+01         -100.00
6.000000      9.698970      -6.729142e-07  0.00  0.00   -4.101170              -9.582290e+00         -100.00
6.000000      10.000000     -7.866687e-07  0.00  0.00   -1.389421              -6.533290e+00         -100.00
6.000000      10.477121     -8.155079e-07  0.00  0.00   1.761496               -2.927290e+00         -100.00
6.000000      11.000000     -8.187123e-07  0.00  0.00   4.587058               4.167104e-01          -100.00
7.000000      7.000000       1.140750e-06  0.00  0.00   -99.697970             -1.057943e+02         -100.00
7.000000      8.000000       1.139148e-06  0.00  0.00   -45.179000             -5.255829e+01         -100.00
7.000000      8.301030       1.139148e-06  0.00  0.00   -26.163000             -3.323729e+01         -100.00
7.000000      8.602060       1.134341e-06  0.00  0.00   -16.204000             -2.297029e+01         -100.00
7.000000      8.845098       1.123126e-06  0.00  0.00   -11.592000             -1.809329e+01         -100.00
7.000000      9.000000       1.103900e-06  0.00  0.00   -9.545000              -1.580329e+01         -100.00
7.000000      9.176091       1.060641e-06  0.00  0.00   -7.668997              -1.363629e+01         -100.00
7.000000      9.301030       9.965539e-07  0.00  0.00   -6.534968              -1.237029e+01         -100.00
7.000000      9.477121       8.171101e-07  0.00  0.00   -5.133508              -1.083329e+01         -100.00
7.000000      9.698970       2.996070e-07  0.00  0.00   -3.538510              -9.029290e+00         -100.00
7.000000      10.000000     -5.046856e-07  0.00  0.00   -1.312987              -6.453290e+00         -100.00
7.000000      10.477121     -7.850666e-07  0.00  0.00   1.764458               -2.924290e+00         -100.00
7.000000      11.000000     -8.155079e-07  0.00  0.00   4.588058               4.167104e-01          -100.00
8.000000      7.000000       3.101814e-06  0.00  0.00   -4.273000              -1.048029e+01         -100.00
8.000000      8.000000       3.101814e-06  0.00  0.00   -4.272000              -1.047829e+01         -100.00
8.000000      8.301030       3.100212e-06  0.00  0.00   -4.268000              -1.047029e+01         -100.00
8.000000      8.602060       3.098610e-06  0.00  0.00   -4.252000              -1.043829e+01         -100.00
8.000000      8.845098       3.093803e-06  0.00  0.00   -4.209000              -1.035929e+01         -100.00
8.000000      9.000000       3.085792e-06  0.00  0.00   -4.144000              -1.024929e+01         -100.00
8.000000      9.176091       3.064964e-06  0.00  0.00   -3.985000              -1.000929e+01         -100.00
8.000000      9.301030       3.036125e-06  0.00  0.00   -3.758000              -9.688290e+00         -100.00
8.000000      9.477121       2.954414e-06  0.00  0.00   -3.157995              -8.902290e+00         -100.00
8.000000      9.698970       2.693259e-06  0.00  0.00   -2.130479              -7.646290e+00         -100.00
8.000000      10.000000      1.573337e-06  0.00  0.00   -0.719448              -5.857290e+00         -100.00
8.000000      10.477121     -4.838573e-07  0.00  0.00   1.795119               -2.893290e+00         -100.00
8.000000      11.000000     -7.882709e-07  0.00  0.00   4.588058               4.177104e-01          -100.00
9.000000      7.000000       7.480563e-06  0.00  0.00   -0.054000              -5.670290e+00         -100.00
9.000000      8.000000       7.480563e-06  0.00  0.00   -0.054000              -5.669290e+00         -100.00
9.000000      8.301030       7.480563e-06  0.00  0.00   -0.053000              -5.669290e+00         -100.00
9.000000      8.602060       7.480563e-06  0.00  0.00   -0.052000              -5.666290e+00         -100.00
9.000000      8.845098       7.477358e-06  0.00  0.00   -0.048000              -5.659290e+00         -100.00
9.000000      9.000000       7.474154e-06  0.00  0.00   -0.041000              -5.649290e+00         -100.00
9.000000      9.176091       7.464541e-06  0.00  0.00   -0.025000              -5.623290e+00         -100.00
9.000000      9.301030       7.450121e-06  0.00  0.00   -0.003000              -5.588290e+00         -100.00
9.000000      9.477121       7.413271e-06  0.00  0.00   0.058000               -5.490290e+00         -100.00
9.000000      9.698970       7.291506e-06  0.00  0.00   0.237002               -5.208290e+00         -100.00
9.000000      10.000000      6.724335e-06  0.00  0.00   0.737470               -4.421290e+00         -100.00
9.000000      10.477121      2.340780e-06  0.00  0.00   2.081776               -2.604290e+00         -100.00
9.000000      11.000000     -5.191052e-07  0.00  0.00   4.597057               4.267104e-01          -100.00
10.000000     7.000000       1.699429e-05  0.00  0.00   2.607000               -2.431290e+00         -100.00
10.000000     8.000000       1.699429e-05  0.00  0.00   2.607000               -2.431290e+00         -100.00
10.000000     8.301030       1.699429e-05  0.00  0.00   2.607000               -2.431290e+00         -100.00
10.000000     8.602060       1.699429e-05  0.00  0.00   2.607000               -2.430290e+00         -100.00
10.000000     8.845098       1.699269e-05  0.00  0.00   2.608000               -2.430290e+00         -100.00
10.000000     9.000000       1.699108e-05  0.00  0.00   2.608000               -2.429290e+00         -100.00
10.000000     9.176091       1.698628e-05  0.00  0.00   2.609000               -2.427290e+00         -100.00
10.000000     9.301030       1.697987e-05  0.00  0.00   2.611000               -2.424290e+00         -100.00
10.000000     9.477121       1.696224e-05  0.00  0.00   2.616000               -2.415290e+00         -100.00
10.000000     9.698970       1.690617e-05  0.00  0.00   2.639000               -2.380290e+00         -100.00
10.000000     10.000000      1.664181e-05  0.00  0.00   2.715005               -2.245290e+00         -100.00
10.000000     10.477121      1.386203e-05  0.00  0.00   3.180234               -1.475290e+00         -100.00
10.000000     11.000000      2.164541e-06  0.00  0.00   4.679050               5.097104e-01          -100.00
11.000000     7.000000       3.752778e-05  0.00  0.00   4.588000               -2.289606e-03         -100.00
11.000000     8.000000       3.752778e-05  0.00  0.00   4.588000               -2.289606e-03         -100.00
11.000000     8.301030       3.752778e-05  0.00  0.00   4.588000               -2.289606e-03         -100.00
11.000000     8.602060       3.752778e-05  0.00  0.00   4.588000               -2.289606e-03         -100.00
11.000000     8.845098       3.752618e-05  0.00  0.00   4.588000               -2.289606e-03         -100.00
11.000000     9.000000       3.752618e-05  0.00  0.00   4.588000               -2.289606e-03         -100.00
11.000000     9.176091       3.752298e-05  0.00  0.00   4.588000               -2.289606e-03         -100.00
11.000000     9.301030       3.752137e-05  0.00  0.00   4.588000               -1.289606e-03         -100.00
11.000000     9.477121       3.751176e-05  0.00  0.00   4.590000               7.103937e-04          -100.00
11.000000     9.698970       3.748613e-05  0.00  0.00   4.598000               1.071039e-02          -100.00
11.000000     10.000000      3.736436e-05  0.00  0.00   4.616000               3.771039e-02          -100.00
11.000000     10.477121      3.605538e-05  0.00  0.00   4.734007               2.447104e-01          -100.00
11.000000     11.000000      2.244810e-05  0.00  0.00   5.285015               1.129710e+00          -100.00
