!45cr -> 45v, e- capture
!Q=-11.95 MeV
!
!Log(rhoY)    Log(temp)     mu              dQ    Vs     Log(e-cap-rate)        Log(nu-energy-loss)  Log(gamma-energy)
!Log(g/cm^3)  Log(K)        erg             erg   erg    Log(1/s)               Log(erg/s)           Log(erg/s)
1.000000      7.000000      -4.806530e-09  0.00  0.00   1.137001               -4.005290e+00         -100.00
1.000000      8.000000      -9.292624e-08  0.00  0.00   1.137000               -4.005290e+00         -100.00
1.000000      8.301030      -2.146917e-07  0.00  0.00   1.137000               -4.005290e+00         -100.00
1.000000      8.602060      -4.902661e-07  0.00  0.00   1.137000               -4.005290e+00         -100.00
1.000000      8.845098      -8.058948e-07  0.00  0.00   1.137000               -4.005290e+00         -100.00
1.000000      9.000000      -8.187123e-07  0.00  0.00   1.136006               -4.005290e+00         -100.00
1.000000      9.176091      -8.187123e-07  0.00  0.00   1.135085               -4.007290e+00         -100.00
1.000000      9.301030      -8.187123e-07  0.00  0.00   1.132370               -4.009290e+00         -100.00
1.000000      9.477121      -8.187123e-07  0.00  0.00   1.125151               -4.014290e+00         -100.00
1.000000      9.698970      -8.187123e-07  0.00  0.00   1.122737               -4.005290e+00         -100.00
1.000000      10.000000     -8.187123e-07  0.00  0.00   1.256296               -3.744290e+00         -100.00
1.000000      10.477121     -8.187123e-07  0.00  0.00   2.638148               -1.924290e+00         -100.00
1.000000      11.000000     -8.187123e-07  0.00  0.00   4.976058               8.497104e-01          -100.00
2.000000      7.000000      -1.602177e-09  0.00  0.00   1.137006               -4.005290e+00         -100.00
2.000000      8.000000      -6.088271e-08  0.00  0.00   1.137002               -4.005290e+00         -100.00
2.000000      8.301030      -1.522068e-07  0.00  0.00   1.137001               -4.005290e+00         -100.00
2.000000      8.602060      -3.636941e-07  0.00  0.00   1.137001               -4.005290e+00         -100.00
2.000000      8.845098      -7.145708e-07  0.00  0.00   1.137001               -4.005290e+00         -100.00
2.000000      9.000000      -8.107014e-07  0.00  0.00   1.136007               -4.005290e+00         -100.00
2.000000      9.176091      -8.187123e-07  0.00  0.00   1.135085               -4.007290e+00         -100.00
2.000000      9.301030      -8.187123e-07  0.00  0.00   1.132371               -4.009290e+00         -100.00
2.000000      9.477121      -8.187123e-07  0.00  0.00   1.125151               -4.014290e+00         -100.00
2.000000      9.698970      -8.187123e-07  0.00  0.00   1.122737               -4.005290e+00         -100.00
2.000000      10.000000     -8.187123e-07  0.00  0.00   1.256296               -3.744290e+00         -100.00
2.000000      10.477121     -8.187123e-07  0.00  0.00   2.638148               -1.924290e+00         -100.00
2.000000      11.000000     -8.187123e-07  0.00  0.00   4.976058               8.497104e-01          -100.00
3.000000      7.000000       3.204353e-09  0.00  0.00   1.137041               -4.005290e+00         -100.00
3.000000      8.000000      -2.883918e-08  0.00  0.00   1.137018               -4.005290e+00         -100.00
3.000000      8.301030      -8.811971e-08  0.00  0.00   1.137013               -4.005290e+00         -100.00
3.000000      8.602060      -2.355200e-07  0.00  0.00   1.137010               -4.005290e+00         -100.00
3.000000      8.845098      -5.030835e-07  0.00  0.00   1.137008               -4.005290e+00         -100.00
3.000000      9.000000      -7.450121e-07  0.00  0.00   1.136011               -4.005290e+00         -100.00
3.000000      9.176091      -8.107014e-07  0.00  0.00   1.135088               -4.007290e+00         -100.00
3.000000      9.301030      -8.171101e-07  0.00  0.00   1.132374               -4.009290e+00         -100.00
3.000000      9.477121      -8.187123e-07  0.00  0.00   1.125156               -4.014290e+00         -100.00
3.000000      9.698970      -8.187123e-07  0.00  0.00   1.122737               -4.005290e+00         -100.00
3.000000      10.000000     -8.187123e-07  0.00  0.00   1.256296               -3.744290e+00         -100.00
3.000000      10.477121     -8.187123e-07  0.00  0.00   2.638148               -1.924290e+00         -100.00
3.000000      11.000000     -8.187123e-07  0.00  0.00   4.976058               8.497104e-01          -100.00
4.000000      7.000000       1.922612e-08  0.00  0.00   1.137208               -4.004290e+00         -100.00
4.000000      8.000000       8.010883e-09  0.00  0.00   1.137161               -4.004290e+00         -100.00
4.000000      8.301030      -2.082830e-08  0.00  0.00   1.137126               -4.005290e+00         -100.00
4.000000      8.602060      -1.073458e-07  0.00  0.00   1.137096               -4.005290e+00         -100.00
4.000000      8.845098      -2.787787e-07  0.00  0.00   1.137078               -4.005290e+00         -100.00
4.000000      9.000000      -4.838573e-07  0.00  0.00   1.136070               -4.005290e+00         -100.00
4.000000      9.176091      -7.434100e-07  0.00  0.00   1.135122               -4.006290e+00         -100.00
4.000000      9.301030      -7.962818e-07  0.00  0.00   1.132401               -4.009290e+00         -100.00
4.000000      9.477121      -8.123036e-07  0.00  0.00   1.125181               -4.014290e+00         -100.00
4.000000      9.698970      -8.171101e-07  0.00  0.00   1.122770               -4.005290e+00         -100.00
4.000000      10.000000     -8.187123e-07  0.00  0.00   1.256296               -3.744290e+00         -100.00
4.000000      10.477121     -8.187123e-07  0.00  0.00   2.638148               -1.924290e+00         -100.00
4.000000      11.000000     -8.187123e-07  0.00  0.00   4.976058               8.497104e-01          -100.00
5.000000      7.000000       8.491536e-08  0.00  0.00   1.138038               -4.003290e+00         -100.00
5.000000      8.000000       8.331318e-08  0.00  0.00   1.138022               -4.003290e+00         -100.00
5.000000      8.301030       7.530230e-08  0.00  0.00   1.137971               -4.003290e+00         -100.00
5.000000      8.602060       4.165659e-08  0.00  0.00   1.137862               -4.003290e+00         -100.00
5.000000      8.845098      -4.165659e-08  0.00  0.00   1.137747               -4.003290e+00         -100.00
5.000000      9.000000      -1.570133e-07  0.00  0.00   1.136681               -4.004290e+00         -100.00
5.000000      9.176091      -3.941355e-07  0.00  0.00   1.135630               -4.006290e+00         -100.00
5.000000      9.301030      -6.136337e-07  0.00  0.00   1.132766               -4.008290e+00         -100.00
5.000000      9.477121      -7.626361e-07  0.00  0.00   1.126447               -4.013290e+00         -100.00
5.000000      9.698970      -8.042927e-07  0.00  0.00   1.123040               -4.005290e+00         -100.00
5.000000      10.000000     -8.155079e-07  0.00  0.00   1.256595               -3.744290e+00         -100.00
5.000000      10.477121     -8.187123e-07  0.00  0.00   2.638148               -1.924290e+00         -100.00
5.000000      11.000000     -8.187123e-07  0.00  0.00   4.976058               8.497104e-01          -100.00
6.000000      7.000000       3.444680e-07  0.00  0.00   1.143333               -3.994290e+00         -100.00
6.000000      8.000000       3.428658e-07  0.00  0.00   1.143333               -3.994290e+00         -100.00
6.000000      8.301030       3.412636e-07  0.00  0.00   1.143319               -3.994290e+00         -100.00
6.000000      8.602060       3.316506e-07  0.00  0.00   1.143290               -3.994290e+00         -100.00
6.000000      8.845098       3.028114e-07  0.00  0.00   1.143176               -3.994290e+00         -100.00
6.000000      9.000000       2.579504e-07  0.00  0.00   1.142050               -3.994290e+00         -100.00
6.000000      9.176091       1.490024e-07  0.00  0.00   1.140846               -3.996290e+00         -100.00
6.000000      9.301030       1.602177e-09  0.00  0.00   1.137740               -3.999290e+00         -100.00
6.000000      9.477121      -3.396614e-07  0.00  0.00   1.130333               -4.006290e+00         -100.00
6.000000      9.698970      -6.729142e-07  0.00  0.00   1.126898               -3.999290e+00         -100.00
6.000000      10.000000     -7.866687e-07  0.00  0.00   1.259704               -3.740290e+00         -100.00
6.000000      10.477121     -8.155079e-07  0.00  0.00   2.638148               -1.924290e+00         -100.00
6.000000      11.000000     -8.187123e-07  0.00  0.00   4.976058               8.497104e-01          -100.00
7.000000      7.000000       1.140750e-06  0.00  0.00   1.187610               -3.915290e+00         -100.00
7.000000      8.000000       1.139148e-06  0.00  0.00   1.187610               -3.915290e+00         -100.00
7.000000      8.301030       1.139148e-06  0.00  0.00   1.187610               -3.915290e+00         -100.00
7.000000      8.602060       1.134341e-06  0.00  0.00   1.187610               -3.915290e+00         -100.00
7.000000      8.845098       1.123126e-06  0.00  0.00   1.187720               -3.915290e+00         -100.00
7.000000      9.000000       1.103900e-06  0.00  0.00   1.186941               -3.915290e+00         -100.00
7.000000      9.176091       1.060641e-06  0.00  0.00   1.186163               -3.916290e+00         -100.00
7.000000      9.301030       9.965539e-07  0.00  0.00   1.183609               -3.917290e+00         -100.00
7.000000      9.477121       8.171101e-07  0.00  0.00   1.176970               -3.922290e+00         -100.00
7.000000      9.698970       2.996070e-07  0.00  0.00   1.169395               -3.921290e+00         -100.00
7.000000      10.000000     -5.046856e-07  0.00  0.00   1.287871               -3.695290e+00         -100.00
7.000000      10.477121     -7.850666e-07  0.00  0.00   2.641052               -1.921290e+00         -100.00
7.000000      11.000000     -8.155079e-07  0.00  0.00   4.976058               8.497104e-01          -100.00
8.000000      7.000000       3.101814e-06  0.00  0.00   1.515389               -3.423290e+00         -100.00
8.000000      8.000000       3.101814e-06  0.00  0.00   1.515389               -3.423290e+00         -100.00
8.000000      8.301030       3.100212e-06  0.00  0.00   1.515971               -3.423290e+00         -100.00
8.000000      8.602060       3.098610e-06  0.00  0.00   1.515971               -3.423290e+00         -100.00
8.000000      8.845098       3.093803e-06  0.00  0.00   1.515971               -3.422290e+00         -100.00
8.000000      9.000000       3.085792e-06  0.00  0.00   1.516137               -3.422290e+00         -100.00
8.000000      9.176091       3.064964e-06  0.00  0.00   1.516304               -3.421290e+00         -100.00
8.000000      9.301030       3.036125e-06  0.00  0.00   1.515060               -3.421290e+00         -100.00
8.000000      9.477121       2.954414e-06  0.00  0.00   1.513540               -3.419290e+00         -100.00
8.000000      9.698970       2.693259e-06  0.00  0.00   1.515731               -3.405290e+00         -100.00
8.000000      10.000000      1.573337e-06  0.00  0.00   1.579818               -3.289290e+00         -100.00
8.000000      10.477121     -4.838573e-07  0.00  0.00   2.671218               -1.890290e+00         -100.00
8.000000      11.000000     -7.882709e-07  0.00  0.00   4.977058               8.507104e-01          -100.00
9.000000      7.000000       7.480563e-06  0.00  0.00   2.475396               -2.291290e+00         -100.00
9.000000      8.000000       7.480563e-06  0.00  0.00   2.475396               -2.291290e+00         -100.00
9.000000      8.301030       7.480563e-06  0.00  0.00   2.475396               -2.291290e+00         -100.00
9.000000      8.602060       7.480563e-06  0.00  0.00   2.475396               -2.291290e+00         -100.00
9.000000      8.845098       7.477358e-06  0.00  0.00   2.476350               -2.291290e+00         -100.00
9.000000      9.000000       7.474154e-06  0.00  0.00   2.476305               -2.290290e+00         -100.00
9.000000      9.176091       7.464541e-06  0.00  0.00   2.476259               -2.290290e+00         -100.00
9.000000      9.301030       7.450121e-06  0.00  0.00   2.475168               -2.291290e+00         -100.00
9.000000      9.477121       7.413271e-06  0.00  0.00   2.473853               -2.291290e+00         -100.00
9.000000      9.698970       7.291506e-06  0.00  0.00   2.476107               -2.285290e+00         -100.00
9.000000      10.000000      6.724335e-06  0.00  0.00   2.516538               -2.219290e+00         -100.00
9.000000      10.477121      2.340780e-06  0.00  0.00   2.942534               -1.609290e+00         -100.00
9.000000      11.000000     -5.191052e-07  0.00  0.00   4.985058               8.587104e-01          -100.00
10.000000     7.000000       1.699429e-05  0.00  0.00   3.772008               -8.392896e-01         -100.00
10.000000     8.000000       1.699429e-05  0.00  0.00   3.772008               -8.392896e-01         -100.00
10.000000     8.301030       1.699429e-05  0.00  0.00   3.772008               -8.392896e-01         -100.00
10.000000     8.602060       1.699429e-05  0.00  0.00   3.772008               -8.392896e-01         -100.00
10.000000     8.845098       1.699269e-05  0.00  0.00   3.772008               -8.392896e-01         -100.00
10.000000     9.000000       1.699108e-05  0.00  0.00   3.772005               -8.392896e-01         -100.00
10.000000     9.176091       1.698628e-05  0.00  0.00   3.772003               -8.392896e-01         -100.00
10.000000     9.301030       1.697987e-05  0.00  0.00   3.770998               -8.402896e-01         -100.00
10.000000     9.477121       1.696224e-05  0.00  0.00   3.768985               -8.422896e-01         -100.00
10.000000     9.698970       1.690617e-05  0.00  0.00   3.767956               -8.432896e-01         -100.00
10.000000     10.000000      1.664181e-05  0.00  0.00   3.782932               -8.172896e-01         -100.00
10.000000     10.477121      1.386203e-05  0.00  0.00   3.940812               -5.582896e-01         -100.00
10.000000     11.000000      2.164541e-06  0.00  0.00   5.066051               9.417104e-01          -100.00
11.000000     7.000000       3.752778e-05  0.00  0.00   5.223036               8.307104e-01          -100.00
11.000000     8.000000       3.752778e-05  0.00  0.00   5.223036               8.307104e-01          -100.00
11.000000     8.301030       3.752778e-05  0.00  0.00   5.223036               8.307104e-01          -100.00
11.000000     8.602060       3.752778e-05  0.00  0.00   5.223036               8.307104e-01          -100.00
11.000000     8.845098       3.752618e-05  0.00  0.00   5.223036               8.307104e-01          -100.00
11.000000     9.000000       3.752618e-05  0.00  0.00   5.223036               8.307104e-01          -100.00
11.000000     9.176091       3.752298e-05  0.00  0.00   5.222036               8.307104e-01          -100.00
11.000000     9.301030       3.752137e-05  0.00  0.00   5.222035               8.297104e-01          -100.00
11.000000     9.477121       3.751176e-05  0.00  0.00   5.220035               8.277104e-01          -100.00
11.000000     9.698970       3.748613e-05  0.00  0.00   5.218034               8.257104e-01          -100.00
11.000000     10.000000      3.736436e-05  0.00  0.00   5.223034               8.327104e-01          -100.00
11.000000     10.477121      3.605538e-05  0.00  0.00   5.280037               9.297104e-01          -100.00
11.000000     11.000000      2.244810e-05  0.00  0.00   5.661017               1.553710e+00          -100.00
