!46v -> 46ti, e- capture
!Q=-6.5404 MeV
!
!Log(rhoY)    Log(temp)     mu              dQ    Vs     Log(e-cap-rate)        Log(nu-energy-loss)  Log(gamma-energy)
!Log(g/cm^3)  Log(K)        erg             erg   erg    Log(1/s)               Log(erg/s)           Log(erg/s)
1.000000      7.000000      -4.806530e-09  0.00  0.00   0.202001               -5.086290e+00         -100.00
1.000000      8.000000      -9.292624e-08  0.00  0.00   0.202000               -5.086290e+00         -100.00
1.000000      8.301030      -2.146917e-07  0.00  0.00   0.202000               -5.086290e+00         -100.00
1.000000      8.602060      -4.902661e-07  0.00  0.00   0.202000               -5.086290e+00         -100.00
1.000000      8.845098      -8.058948e-07  0.00  0.00   0.202001               -5.086290e+00         -100.00
1.000000      9.000000      -8.187123e-07  0.00  0.00   0.201011               -5.086290e+00         -100.00
1.000000      9.176091      -8.187123e-07  0.00  0.00   0.194152               -5.093290e+00         -100.00
1.000000      9.301030      -8.187123e-07  0.00  0.00   0.165671               -5.121290e+00         -100.00
1.000000      9.477121      -8.187123e-07  0.00  0.00   0.043044               -5.240290e+00         -100.00
1.000000      9.698970      -8.187123e-07  0.00  0.00   -0.139626              -5.391290e+00         -100.00
1.000000      10.000000     -8.187123e-07  0.00  0.00   0.045710               -4.975290e+00         -100.00
1.000000      10.477121     -8.187123e-07  0.00  0.00   1.880534               -2.729290e+00         -100.00
1.000000      11.000000     -8.187123e-07  0.00  0.00   4.441019               2.967104e-01          -100.00
2.000000      7.000000      -1.602177e-09  0.00  0.00   0.202010               -5.086290e+00         -100.00
2.000000      8.000000      -6.088271e-08  0.00  0.00   0.202003               -5.086290e+00         -100.00
2.000000      8.301030      -1.522068e-07  0.00  0.00   0.202002               -5.086290e+00         -100.00
2.000000      8.602060      -3.636941e-07  0.00  0.00   0.202002               -5.086290e+00         -100.00
2.000000      8.845098      -7.145708e-07  0.00  0.00   0.202002               -5.086290e+00         -100.00
2.000000      9.000000      -8.107014e-07  0.00  0.00   0.201012               -5.086290e+00         -100.00
2.000000      9.176091      -8.187123e-07  0.00  0.00   0.194153               -5.093290e+00         -100.00
2.000000      9.301030      -8.187123e-07  0.00  0.00   0.165672               -5.121290e+00         -100.00
2.000000      9.477121      -8.187123e-07  0.00  0.00   0.043044               -5.240290e+00         -100.00
2.000000      9.698970      -8.187123e-07  0.00  0.00   -0.139626              -5.391290e+00         -100.00
2.000000      10.000000     -8.187123e-07  0.00  0.00   0.045710               -4.975290e+00         -100.00
2.000000      10.477121     -8.187123e-07  0.00  0.00   1.880534               -2.729290e+00         -100.00
2.000000      11.000000     -8.187123e-07  0.00  0.00   4.441019               2.967104e-01          -100.00
3.000000      7.000000       3.204353e-09  0.00  0.00   0.202072               -5.086290e+00         -100.00
3.000000      8.000000      -2.883918e-08  0.00  0.00   0.202032               -5.086290e+00         -100.00
3.000000      8.301030      -8.811971e-08  0.00  0.00   0.202023               -5.086290e+00         -100.00
3.000000      8.602060      -2.355200e-07  0.00  0.00   0.202017               -5.086290e+00         -100.00
3.000000      8.845098      -5.030835e-07  0.00  0.00   0.202014               -5.086290e+00         -100.00
3.000000      9.000000      -7.450121e-07  0.00  0.00   0.201019               -5.086290e+00         -100.00
3.000000      9.176091      -8.107014e-07  0.00  0.00   0.194158               -5.093290e+00         -100.00
3.000000      9.301030      -8.171101e-07  0.00  0.00   0.165677               -5.121290e+00         -100.00
3.000000      9.477121      -8.187123e-07  0.00  0.00   0.043044               -5.240290e+00         -100.00
3.000000      9.698970      -8.187123e-07  0.00  0.00   -0.139626              -5.391290e+00         -100.00
3.000000      10.000000     -8.187123e-07  0.00  0.00   0.045710               -4.975290e+00         -100.00
3.000000      10.477121     -8.187123e-07  0.00  0.00   1.880534               -2.729290e+00         -100.00
3.000000      11.000000     -8.187123e-07  0.00  0.00   4.441019               2.967104e-01          -100.00
4.000000      7.000000       1.922612e-08  0.00  0.00   0.202365               -5.085290e+00         -100.00
4.000000      8.000000       8.010883e-09  0.00  0.00   0.202283               -5.085290e+00         -100.00
4.000000      8.301030      -2.082830e-08  0.00  0.00   0.202223               -5.086290e+00         -100.00
4.000000      8.602060      -1.073458e-07  0.00  0.00   0.202170               -5.086290e+00         -100.00
4.000000      8.845098      -2.787787e-07  0.00  0.00   0.202139               -5.086290e+00         -100.00
4.000000      9.000000      -4.838573e-07  0.00  0.00   0.201125               -5.086290e+00         -100.00
4.000000      9.176091      -7.434100e-07  0.00  0.00   0.194218               -5.093290e+00         -100.00
4.000000      9.301030      -7.962818e-07  0.00  0.00   0.165727               -5.121290e+00         -100.00
4.000000      9.477121      -8.123036e-07  0.00  0.00   0.043090               -5.240290e+00         -100.00
4.000000      9.698970      -8.171101e-07  0.00  0.00   -0.138626              -5.391290e+00         -100.00
4.000000      10.000000     -8.187123e-07  0.00  0.00   0.045710               -4.975290e+00         -100.00
4.000000      10.477121     -8.187123e-07  0.00  0.00   1.880534               -2.729290e+00         -100.00
4.000000      11.000000     -8.187123e-07  0.00  0.00   4.441019               2.967104e-01          -100.00
5.000000      7.000000       8.491536e-08  0.00  0.00   0.203832               -5.082290e+00         -100.00
5.000000      8.000000       8.331318e-08  0.00  0.00   0.203803               -5.082290e+00         -100.00
5.000000      8.301030       7.530230e-08  0.00  0.00   0.203714               -5.082290e+00         -100.00
5.000000      8.602060       4.165659e-08  0.00  0.00   0.203524               -5.083290e+00         -100.00
5.000000      8.845098      -4.165659e-08  0.00  0.00   0.203328               -5.083290e+00         -100.00
5.000000      9.000000      -1.570133e-07  0.00  0.00   0.202217               -5.084290e+00         -100.00
5.000000      9.176091      -3.941355e-07  0.00  0.00   0.196130               -5.091290e+00         -100.00
5.000000      9.301030      -6.136337e-07  0.00  0.00   0.166390               -5.119290e+00         -100.00
5.000000      9.477121      -7.626361e-07  0.00  0.00   0.043608               -5.239290e+00         -100.00
5.000000      9.698970      -8.042927e-07  0.00  0.00   -0.138080              -5.389290e+00         -100.00
5.000000      10.000000     -8.155079e-07  0.00  0.00   0.046225               -4.974290e+00         -100.00
5.000000      10.477121     -8.187123e-07  0.00  0.00   1.880534               -2.729290e+00         -100.00
5.000000      11.000000     -8.187123e-07  0.00  0.00   4.441019               2.967104e-01          -100.00
6.000000      7.000000       3.444680e-07  0.00  0.00   0.213250               -5.062290e+00         -100.00
6.000000      8.000000       3.428658e-07  0.00  0.00   0.213250               -5.062290e+00         -100.00
6.000000      8.301030       3.412636e-07  0.00  0.00   0.213224               -5.062290e+00         -100.00
6.000000      8.602060       3.316506e-07  0.00  0.00   0.213173               -5.062290e+00         -100.00
6.000000      8.845098       3.028114e-07  0.00  0.00   0.212972               -5.062290e+00         -100.00
6.000000      9.000000       2.579504e-07  0.00  0.00   0.211774               -5.063290e+00         -100.00
6.000000      9.176091       1.490024e-07  0.00  0.00   0.205460               -5.070290e+00         -100.00
6.000000      9.301030       1.602177e-09  0.00  0.00   0.175366               -5.099290e+00         -100.00
6.000000      9.477121      -3.396614e-07  0.00  0.00   0.050880               -5.222290e+00         -100.00
6.000000      9.698970      -6.729142e-07  0.00  0.00   -0.132248              -5.376290e+00         -100.00
6.000000      10.000000     -7.866687e-07  0.00  0.00   0.050363               -4.968290e+00         -100.00
6.000000      10.477121     -8.155079e-07  0.00  0.00   1.880534               -2.729290e+00         -100.00
6.000000      11.000000     -8.187123e-07  0.00  0.00   4.441019               2.967104e-01          -100.00
7.000000      7.000000       1.140750e-06  0.00  0.00   0.289736               -4.905290e+00         -100.00
7.000000      8.000000       1.139148e-06  0.00  0.00   0.289736               -4.905290e+00         -100.00
7.000000      8.301030       1.139148e-06  0.00  0.00   0.289736               -4.905290e+00         -100.00
7.000000      8.602060       1.134341e-06  0.00  0.00   0.289736               -4.905290e+00         -100.00
7.000000      8.845098       1.123126e-06  0.00  0.00   0.289919               -4.904290e+00         -100.00
7.000000      9.000000       1.103900e-06  0.00  0.00   0.289286               -4.904290e+00         -100.00
7.000000      9.176091       1.060641e-06  0.00  0.00   0.283840               -4.909290e+00         -100.00
7.000000      9.301030       9.965539e-07  0.00  0.00   0.255331               -4.935290e+00         -100.00
7.000000      9.477121       8.171101e-07  0.00  0.00   0.134926               -5.051290e+00         -100.00
7.000000      9.698970       2.996070e-07  0.00  0.00   -0.050051              -5.218290e+00         -100.00
7.000000      10.000000     -5.046856e-07  0.00  0.00   0.097760               -4.903290e+00         -100.00
7.000000      10.477121     -7.850666e-07  0.00  0.00   1.883503               -2.726290e+00         -100.00
7.000000      11.000000     -8.155079e-07  0.00  0.00   4.441019               2.967104e-01          -100.00
8.000000      7.000000       3.101814e-06  0.00  0.00   0.755437               -4.203290e+00         -100.00
8.000000      8.000000       3.101814e-06  0.00  0.00   0.755437               -4.203290e+00         -100.00
8.000000      8.301030       3.100212e-06  0.00  0.00   0.755437               -4.203290e+00         -100.00
8.000000      8.602060       3.098610e-06  0.00  0.00   0.756157               -4.203290e+00         -100.00
8.000000      8.845098       3.093803e-06  0.00  0.00   0.756157               -4.202290e+00         -100.00
8.000000      9.000000       3.085792e-06  0.00  0.00   0.756600               -4.201290e+00         -100.00
8.000000      9.176091       3.064964e-06  0.00  0.00   0.752044               -4.205290e+00         -100.00
8.000000      9.301030       3.036125e-06  0.00  0.00   0.727841               -4.228290e+00         -100.00
8.000000      9.477121       2.954414e-06  0.00  0.00   0.624576               -4.333290e+00         -100.00
8.000000      9.698970       2.693259e-06  0.00  0.00   0.475538               -4.481290e+00         -100.00
8.000000      10.000000      1.573337e-06  0.00  0.00   0.514370               -4.391290e+00         -100.00
8.000000      10.477121     -4.838573e-07  0.00  0.00   1.914253               -2.695290e+00         -100.00
8.000000      11.000000     -7.882709e-07  0.00  0.00   4.442019               2.977104e-01          -100.00
9.000000      7.000000       7.480563e-06  0.00  0.00   1.819604               -2.978290e+00         -100.00
9.000000      8.000000       7.480563e-06  0.00  0.00   1.819604               -2.978290e+00         -100.00
9.000000      8.301030       7.480563e-06  0.00  0.00   1.819604               -2.978290e+00         -100.00
9.000000      8.602060       7.480563e-06  0.00  0.00   1.819604               -2.978290e+00         -100.00
9.000000      8.845098       7.477358e-06  0.00  0.00   1.820580               -2.977290e+00         -100.00
9.000000      9.000000       7.474154e-06  0.00  0.00   1.820556               -2.977290e+00         -100.00
9.000000      9.176091       7.464541e-06  0.00  0.00   1.815532               -2.982290e+00         -100.00
9.000000      9.301030       7.450121e-06  0.00  0.00   1.795295               -3.005290e+00         -100.00
9.000000      9.477121       7.413271e-06  0.00  0.00   1.705463               -3.105290e+00         -100.00
9.000000      9.698970       7.291506e-06  0.00  0.00   1.580850               -3.249290e+00         -100.00
9.000000      10.000000      6.724335e-06  0.00  0.00   1.587377               -3.229290e+00         -100.00
9.000000      10.477121      2.340780e-06  0.00  0.00   2.193447               -2.410290e+00         -100.00
9.000000      11.000000     -5.191052e-07  0.00  0.00   4.451019               3.057104e-01          -100.00
10.000000     7.000000       1.699429e-05  0.00  0.00   3.174463               -1.475290e+00         -100.00
10.000000     8.000000       1.699429e-05  0.00  0.00   3.174463               -1.475290e+00         -100.00
10.000000     8.301030       1.699429e-05  0.00  0.00   3.174463               -1.475290e+00         -100.00
10.000000     8.602060       1.699429e-05  0.00  0.00   3.174463               -1.475290e+00         -100.00
10.000000     8.845098       1.699269e-05  0.00  0.00   3.174463               -1.475290e+00         -100.00
10.000000     9.000000       1.699108e-05  0.00  0.00   3.174462               -1.475290e+00         -100.00
10.000000     9.176091       1.698628e-05  0.00  0.00   3.170460               -1.479290e+00         -100.00
10.000000     9.301030       1.697987e-05  0.00  0.00   3.153446               -1.500290e+00         -100.00
10.000000     9.477121       1.696224e-05  0.00  0.00   3.084391               -1.583290e+00         -100.00
10.000000     9.698970       1.690617e-05  0.00  0.00   2.991302               -1.701290e+00         -100.00
10.000000     10.000000      1.664181e-05  0.00  0.00   2.974260               -1.717290e+00         -100.00
10.000000     10.477121      1.386203e-05  0.00  0.00   3.228249               -1.330290e+00         -100.00
10.000000     11.000000      2.164541e-06  0.00  0.00   4.532017               3.887104e-01          -100.00
11.000000     7.000000       3.752778e-05  0.00  0.00   4.696014               2.667104e-01          -100.00
11.000000     8.000000       3.752778e-05  0.00  0.00   4.696014               2.667104e-01          -100.00
11.000000     8.301030       3.752778e-05  0.00  0.00   4.696014               2.667104e-01          -100.00
11.000000     8.602060       3.752778e-05  0.00  0.00   4.696014               2.667104e-01          -100.00
11.000000     8.845098       3.752618e-05  0.00  0.00   4.696014               2.667104e-01          -100.00
11.000000     9.000000       3.752618e-05  0.00  0.00   4.696014               2.667104e-01          -100.00
11.000000     9.176091       3.752298e-05  0.00  0.00   4.693014               2.637104e-01          -100.00
11.000000     9.301030       3.752137e-05  0.00  0.00   4.680013               2.487104e-01          -100.00
11.000000     9.477121       3.751176e-05  0.00  0.00   4.630011               1.887104e-01          -100.00
11.000000     9.698970       3.748613e-05  0.00  0.00   4.565008               1.087104e-01          -100.00
11.000000     10.000000      3.736436e-05  0.00  0.00   4.545007               8.571039e-02          -100.00
11.000000     10.477121      3.605538e-05  0.00  0.00   4.642010               2.367104e-01          -100.00
11.000000     11.000000      2.244810e-05  0.00  0.00   5.132006               1.003710e+00          -100.00
