!52cr -> 52mn, beta-decay
!Q=4.201 MeV
!
!Log(rhoY)    Log(temp)     mu             dQ    VS     Log(beta-decay-rate)    Log(nu-energy-loss)  Log(gamma-energy)
!Log(g/cm^3)  Log(K)        erg            erg   erg    Log(1/s)                Log(erg/s)           Log(erg/s)
1.000000      7.000000      -4.806530e-09  0.00  0.00   -99.697970             -1.057943e+02         -100.00
1.000000      8.000000      -9.292624e-08  0.00  0.00   -99.697970             -1.057943e+02         -100.00
1.000000      8.301030      -2.146917e-07  0.00  0.00   -99.697970             -1.057943e+02         -100.00
1.000000      8.602060      -4.902661e-07  0.00  0.00   -62.850000             -6.959829e+01         -100.00
1.000000      8.845098      -8.058948e-07  0.00  0.00   -36.836999             -4.332429e+01         -100.00
1.000000      9.000000      -8.187123e-07  0.00  0.00   -27.143949             -3.346329e+01         -100.00
1.000000      9.176091      -8.187123e-07  0.00  0.00   -19.311404             -2.544429e+01         -100.00
1.000000      9.301030      -8.187123e-07  0.00  0.00   -15.130619             -2.113629e+01         -100.00
1.000000      9.477121      -8.187123e-07  0.00  0.00   -10.618080             -1.643229e+01         -100.00
1.000000      9.698970      -8.187123e-07  0.00  0.00   -6.541805              -1.208829e+01         -100.00
1.000000      10.000000     -8.187123e-07  0.00  0.00   -3.029028              -8.219290e+00         -100.00
1.000000      10.477121     -8.187123e-07  0.00  0.00   0.148862               -4.478290e+00         -100.00
1.000000      11.000000     -8.187123e-07  0.00  0.00   2.833117               -1.303290e+00         -100.00
2.000000      7.000000      -1.602177e-09  0.00  0.00   -99.697970             -1.057943e+02         -100.00
2.000000      8.000000      -6.088271e-08  0.00  0.00   -99.697970             -1.057943e+02         -100.00
2.000000      8.301030      -1.522068e-07  0.00  0.00   -99.697970             -1.057943e+02         -100.00
2.000000      8.602060      -3.636941e-07  0.00  0.00   -63.849999             -7.059829e+01         -100.00
2.000000      8.845098      -7.145708e-07  0.00  0.00   -37.250997             -4.373729e+01         -100.00
2.000000      9.000000      -8.107014e-07  0.00  0.00   -27.165946             -3.348429e+01         -100.00
2.000000      9.176091      -8.187123e-07  0.00  0.00   -19.312400             -2.544629e+01         -100.00
2.000000      9.301030      -8.187123e-07  0.00  0.00   -15.131603             -2.113629e+01         -100.00
2.000000      9.477121      -8.187123e-07  0.00  0.00   -10.618080             -1.643229e+01         -100.00
2.000000      9.698970      -8.187123e-07  0.00  0.00   -6.541805              -1.208829e+01         -100.00
2.000000      10.000000     -8.187123e-07  0.00  0.00   -3.029028              -8.219290e+00         -100.00
2.000000      10.477121     -8.187123e-07  0.00  0.00   0.148862               -4.478290e+00         -100.00
2.000000      11.000000     -8.187123e-07  0.00  0.00   2.833117               -1.303290e+00         -100.00
3.000000      7.000000       3.204353e-09  0.00  0.00   -99.697970             -1.057943e+02         -100.00
3.000000      8.000000      -2.883918e-08  0.00  0.00   -99.697970             -1.057943e+02         -100.00
3.000000      8.301030      -8.811971e-08  0.00  0.00   -99.697970             -1.057943e+02         -100.00
3.000000      8.602060      -2.355200e-07  0.00  0.00   -64.851987             -7.160029e+01         -100.00
3.000000      8.845098      -5.030835e-07  0.00  0.00   -38.198973             -4.468529e+01         -100.00
3.000000      9.000000      -7.450121e-07  0.00  0.00   -27.371913             -3.369029e+01         -100.00
3.000000      9.176091      -8.107014e-07  0.00  0.00   -19.326348             -2.546029e+01         -100.00
3.000000      9.301030      -8.171101e-07  0.00  0.00   -15.134552             -2.113929e+01         -100.00
3.000000      9.477121      -8.187123e-07  0.00  0.00   -10.618080             -1.643329e+01         -100.00
3.000000      9.698970      -8.187123e-07  0.00  0.00   -6.542541              -1.208829e+01         -100.00
3.000000      10.000000     -8.187123e-07  0.00  0.00   -3.029028              -8.219290e+00         -100.00
3.000000      10.477121     -8.187123e-07  0.00  0.00   0.148862               -4.478290e+00         -100.00
3.000000      11.000000     -8.187123e-07  0.00  0.00   2.833117               -1.303290e+00         -100.00
4.000000      7.000000       1.922612e-08  0.00  0.00   -99.697970             -1.057943e+02         -100.00
4.000000      8.000000       8.010883e-09  0.00  0.00   -99.697970             -1.057943e+02         -100.00
4.000000      8.301030      -2.082830e-08  0.00  0.00   -99.697970             -1.057943e+02         -100.00
4.000000      8.602060      -1.073458e-07  0.00  0.00   -65.869865             -7.261829e+01         -100.00
4.000000      8.845098      -2.787787e-07  0.00  0.00   -39.204732             -4.569129e+01         -100.00
4.000000      9.000000      -4.838573e-07  0.00  0.00   -28.193428             -3.451229e+01         -100.00
4.000000      9.176091      -7.434100e-07  0.00  0.00   -19.467711             -2.560129e+01         -100.00
4.000000      9.301030      -7.962818e-07  0.00  0.00   -15.165006             -2.117029e+01         -100.00
4.000000      9.477121      -8.123036e-07  0.00  0.00   -10.622735             -1.643829e+01         -100.00
4.000000      9.698970      -8.171101e-07  0.00  0.00   -6.542541              -1.208929e+01         -100.00
4.000000      10.000000     -8.187123e-07  0.00  0.00   -3.029028              -8.219290e+00         -100.00
4.000000      10.477121     -8.187123e-07  0.00  0.00   0.148862               -4.478290e+00         -100.00
4.000000      11.000000     -8.187123e-07  0.00  0.00   2.833117               -1.303290e+00         -100.00
5.000000      7.000000       8.491536e-08  0.00  0.00   -99.697970             -1.057943e+02         -100.00
5.000000      8.000000       8.331318e-08  0.00  0.00   -99.697970             -1.057943e+02         -100.00
5.000000      8.301030       7.530230e-08  0.00  0.00   -99.697970             -1.057943e+02         -100.00
5.000000      8.602060       4.165659e-08  0.00  0.00   -67.039493             -7.378729e+01         -100.00
5.000000      8.845098      -4.165659e-08  0.00  0.00   -40.268337             -4.675529e+01         -100.00
5.000000      9.000000      -1.570133e-07  0.00  0.00   -29.219220             -3.553529e+01         -100.00
5.000000      9.176091      -3.941355e-07  0.00  0.00   -20.192011             -2.632229e+01         -100.00
5.000000      9.301030      -6.136337e-07  0.00  0.00   -15.446755             -2.145129e+01         -100.00
5.000000      9.477121      -7.626361e-07  0.00  0.00   -10.672837             -1.648729e+01         -100.00
5.000000      9.698970      -8.042927e-07  0.00  0.00   -6.549142              -1.209529e+01         -100.00
5.000000      10.000000     -8.155079e-07  0.00  0.00   -3.029659              -8.220290e+00         -100.00
5.000000      10.477121     -8.187123e-07  0.00  0.00   0.148862               -4.478290e+00         -100.00
5.000000      11.000000     -8.187123e-07  0.00  0.00   2.833117               -1.303290e+00         -100.00
6.000000      7.000000       3.444680e-07  0.00  0.00   -99.697970             -1.057943e+02         -100.00
6.000000      8.000000       3.428658e-07  0.00  0.00   -99.697970             -1.057943e+02         -100.00
6.000000      8.301030       3.412636e-07  0.00  0.00   -99.697970             -1.057943e+02         -100.00
6.000000      8.602060       3.316506e-07  0.00  0.00   -69.290262             -7.603929e+01         -100.00
6.000000      8.845098       3.028114e-07  0.00  0.00   -41.792461             -4.826829e+01         -100.00
6.000000      9.000000       2.579504e-07  0.00  0.00   -30.459117             -3.674829e+01         -100.00
6.000000      9.176091       1.490024e-07  0.00  0.00   -21.225226             -2.733529e+01         -100.00
6.000000      9.301030       1.602177e-09  0.00  0.00   -16.319395             -2.231429e+01         -100.00
6.000000      9.477121      -3.396614e-07  0.00  0.00   -11.062993             -1.687629e+01         -100.00
6.000000      9.698970      -6.729142e-07  0.00  0.00   -6.608776              -1.215829e+01         -100.00
6.000000      10.000000     -7.866687e-07  0.00  0.00   -3.035685              -8.227290e+00         -100.00
6.000000      10.477121     -8.155079e-07  0.00  0.00   0.148862               -4.478290e+00         -100.00
6.000000      11.000000     -8.187123e-07  0.00  0.00   2.833117               -1.303290e+00         -100.00
7.000000      7.000000       1.140750e-06  0.00  0.00   -99.697970             -1.057943e+02         -100.00
7.000000      8.000000       1.139148e-06  0.00  0.00   -99.697970             -1.057943e+02         -100.00
7.000000      8.301030       1.139148e-06  0.00  0.00   -99.697970             -1.057943e+02         -100.00
7.000000      8.602060       1.134341e-06  0.00  0.00   -74.817547             -8.151429e+01         -100.00
7.000000      8.845098       1.123126e-06  0.00  0.00   -44.641108             -5.111429e+01         -100.00
7.000000      9.000000       1.103900e-06  0.00  0.00   -32.330559             -3.862929e+01         -100.00
7.000000      9.176091       1.060641e-06  0.00  0.00   -22.452892             -2.857429e+01         -100.00
7.000000      9.301030       9.965539e-07  0.00  0.00   -17.320486             -2.332929e+01         -100.00
7.000000      9.477121       8.171101e-07  0.00  0.00   -11.858453             -1.767029e+01         -100.00
7.000000      9.698970       2.996070e-07  0.00  0.00   -6.965783              -1.253829e+01         -100.00
7.000000      10.000000     -5.046856e-07  0.00  0.00   -3.091446              -8.297290e+00         -100.00
7.000000      10.477121     -7.850666e-07  0.00  0.00   0.145957               -4.482290e+00         -100.00
7.000000      11.000000     -8.155079e-07  0.00  0.00   2.833117               -1.304290e+00         -100.00
8.000000      7.000000       3.101814e-06  0.00  0.00   -99.697970             -1.057943e+02         -100.00
8.000000      8.000000       3.101814e-06  0.00  0.00   -99.697970             -1.057943e+02         -100.00
8.000000      8.301030       3.100212e-06  0.00  0.00   -99.697970             -1.057943e+02         -100.00
8.000000      8.602060       3.098610e-06  0.00  0.00   -88.923957             -9.568029e+01         -100.00
8.000000      8.845098       3.093803e-06  0.00  0.00   -52.207936             -5.870429e+01         -100.00
8.000000      9.000000       3.085792e-06  0.00  0.00   -37.301688             -4.363629e+01         -100.00
8.000000      9.176091       3.064964e-06  0.00  0.00   -25.478403             -3.162229e+01         -100.00
8.000000      9.301030       3.036125e-06  0.00  0.00   -19.381371             -2.538429e+01         -100.00
8.000000      9.477121       2.954414e-06  0.00  0.00   -13.005903             -1.883129e+01         -100.00
8.000000      9.698970       2.693259e-06  0.00  0.00   -7.585485              -1.322529e+01         -100.00
8.000000      10.000000      1.573337e-06  0.00  0.00   -3.439258              -8.757290e+00         -100.00
8.000000      10.477121     -4.838573e-07  0.00  0.00   0.115703               -4.512290e+00         -100.00
8.000000      11.000000     -7.882709e-07  0.00  0.00   2.833117               -1.304290e+00         -100.00
9.000000      7.000000       7.480563e-06  0.00  0.00   -99.697970             -1.057943e+02         -100.00
9.000000      8.000000       7.480563e-06  0.00  0.00   -99.697970             -1.057943e+02         -100.00
9.000000      8.301030       7.480563e-06  0.00  0.00   -99.697970             -1.057943e+02         -100.00
9.000000      8.602060       7.480563e-06  0.00  0.00   -99.697970             -1.057943e+02         -100.00
9.000000      8.845098       7.477358e-06  0.00  0.00   -70.377910             -7.690429e+01         -100.00
9.000000      9.000000       7.474154e-06  0.00  0.00   -49.623891             -5.599729e+01         -100.00
9.000000      9.176091       7.464541e-06  0.00  0.00   -33.302819             -3.950529e+01         -100.00
9.000000      9.301030       7.450121e-06  0.00  0.00   -25.014677             -3.109729e+01         -100.00
9.000000      9.477121       7.413271e-06  0.00  0.00   -16.538210             -2.245629e+01         -100.00
9.000000      9.698970       7.291506e-06  0.00  0.00   -9.537479              -1.526729e+01         -100.00
9.000000      10.000000      6.724335e-06  0.00  0.00   -4.390588              -9.867290e+00         -100.00
9.000000      10.477121      2.340780e-06  0.00  0.00   -0.163974              -4.802290e+00         -100.00
9.000000      11.000000     -5.191052e-07  0.00  0.00   2.824118               -1.313290e+00         -100.00
10.000000     7.000000       1.699429e-05  0.00  0.00   -99.697970             -1.057943e+02         -100.00
10.000000     8.000000       1.699429e-05  0.00  0.00   -99.697970             -1.057943e+02         -100.00
10.000000     8.301030       1.699429e-05  0.00  0.00   -99.697970             -1.057943e+02         -100.00
10.000000     8.602060       1.699429e-05  0.00  0.00   -99.697970             -1.057943e+02         -100.00
10.000000     8.845098       1.699269e-05  0.00  0.00   -99.697970             -1.057943e+02         -100.00
10.000000     9.000000       1.699108e-05  0.00  0.00   -79.170956             -8.556729e+01         -100.00
10.000000     9.176091       1.698628e-05  0.00  0.00   -52.913920             -5.914129e+01         -100.00
10.000000     9.301030       1.697987e-05  0.00  0.00   -39.668851             -4.577929e+01         -100.00
10.000000     9.477121       1.696224e-05  0.00  0.00   -26.252604             -3.220329e+01         -100.00
10.000000     9.698970       1.690617e-05  0.00  0.00   -15.320635             -2.108229e+01         -100.00
10.000000     10.000000      1.664181e-05  0.00  0.00   -7.239994              -1.275729e+01         -100.00
10.000000     10.477121      1.386203e-05  0.00  0.00   -1.324864              -5.995290e+00         -100.00
10.000000     11.000000      2.164541e-06  0.00  0.00   2.742132               -1.396290e+00         -100.00
11.000000     7.000000       3.752778e-05  0.00  0.00   -99.697970             -1.057943e+02         -100.00
11.000000     8.000000       3.752778e-05  0.00  0.00   -99.697970             -1.057943e+02         -100.00
11.000000     8.301030       3.752778e-05  0.00  0.00   -99.697970             -1.057943e+02         -100.00
11.000000     8.602060       3.752778e-05  0.00  0.00   -99.697970             -1.057943e+02         -100.00
11.000000     8.845098       3.752618e-05  0.00  0.00   -99.697970             -1.057943e+02         -100.00
11.000000     9.000000       3.752618e-05  0.00  0.00   -99.697970             -1.057943e+02         -100.00
11.000000     9.176091       3.752298e-05  0.00  0.00   -95.947926             -1.021763e+02         -100.00
11.000000     9.301030       3.752137e-05  0.00  0.00   -71.940862             -7.805129e+01         -100.00
11.000000     9.477121       3.751176e-05  0.00  0.00   -47.766632             -5.371729e+01         -100.00
11.000000     9.698970       3.748613e-05  0.00  0.00   -28.234735             -3.399529e+01         -100.00
11.000000     10.000000      3.736436e-05  0.00  0.00   -13.721232             -1.924029e+01         -100.00
11.000000     10.477121      3.605538e-05  0.00  0.00   -3.633990              -8.318290e+00         -100.00
11.000000     11.000000      2.244810e-05  0.00  0.00   2.113237               -2.029290e+00         -100.00
